t[s] ECG[a.u.] Pletism[a.u.]
0.0000 -5.645662e+05 2.622368e-01
0.0151 -4.990282e+05 1.178054e+02
0.0302 -3.024192e+05 2.260138e+02
0.0453 -1.058122e+05 3.165499e+02
0.0604 2.218658e+05 3.829577e+02
0.0755 4.184768e+05 4.213267e+02
0.0906 4.840118e+05 4.306548e+02
0.1057 6.150838e+05 4.128698e+02
0.1208 8.772278e+05 3.725116e+02
0.1358 9.427618e+05 3.161199e+02
0.1509 9.427628e+05 2.514043e+02
0.1660 9.427638e+05 1.863026e+02
0.1811 5.495458e+05 1.280418e+02
0.1962 -4.334922e+05 8.231613e+01
0.2113 -1.088854e+06 5.267751e+01
0.2264 -1.219926e+06 4.020750e+01
0.2415 -1.154390e+06 4.350197e+01
0.2566 -1.219925e+06 5.896160e+01
0.2717 -7.611712e+05 8.134328e+01
0.2868 -3.679562e+05 1.044974e+02
0.3019 -3.679582e+05 1.221948e+02
0.3170 -3.024212e+05 1.289406e+02
0.3321 -3.679582e+05 1.206751e+02
0.3472 -2.368862e+05 9.528176e+01
0.3623 -4.027722e+04 5.284673e+01
0.3773 2.525778e+04 -4.352501e+00
0.3924 2.525978e+04 -7.211780e+01
0.4075 9.079478e+04 -1.448195e+02
0.4226 9.079478e+04 -2.160375e+02
0.4377 -1.058132e+05 -2.792740e+02
0.4528 -3.024202e+05 -3.286534e+02
0.4679 -3.024192e+05 -3.595304e+02
0.4830 -4.027822e+04 -3.689432e+02
0.4981 -1.058122e+05 -3.558707e+02
0.5132 2.525778e+04 -3.212769e+02
0.5283 1.563328e+05 -2.679512e+02
0.5434 1.563308e+05 -2.001753e+02
0.5585 -4.027522e+04 -1.232635e+02
0.5736 2.218678e+05 -4.303222e+01
0.5887 2.526078e+04 3.474270e+01
0.6038 2.218678e+05 1.048277e+02
0.6189 4.840128e+05 1.629491e+02
0.6339 4.840098e+05 2.060963e+02
0.6490 4.840098e+05 2.326961e+02
0.6641 4.840118e+05 2.426549e+02
0.6792 4.184738e+05 2.372800e+02
0.6943 5.495468e+05 2.190975e+02
0.7094 2.218668e+05 1.915895e+02
0.7245 2.526078e+04 1.588750e+02
0.7396 2.874028e+05 1.253595e+02
0.7547 4.184768e+05 9.537560e+01
0.7698 2.874028e+05 7.283434e+01
0.7849 3.529398e+05 6.090888e+01
0.8000 2.218658e+05 6.176621e+01
0.8151 -4.027622e+04 7.636589e+01
0.8302 9.079678e+04 1.043418e+02
0.8453 3.529378e+05 1.439815e+02
0.8604 2.218658e+05 1.923127e+02
0.8755 2.874038e+05 2.453011e+02
0.8905 -4.027522e+04 2.981545e+02
0.9056 2.874048e+05 3.457156e+02
0.9207 2.515629e+06 3.829179e+02
0.9358 1.005227e+07 4.052642e+02
0.9509 3.564204e+06 4.092827e+02
0.9660 -6.397268e+06 3.929102e+02
0.9811 -1.809750e+06 3.557565e+02
0.9962 -6.956372e+05 2.992096e+02
1.0113 -6.956362e+05 2.263614e+02
1.0264 -2.368842e+05 1.417475e+02
1.0415 -3.679582e+05 5.092309e+01
1.0566 -2.368832e+05 -4.008671e+01
1.0717 9.079478e+04 -1.254015e+02
1.0868 9.079378e+04 -1.998947e+02
1.1019 2.218678e+05 -2.597234e+02
1.1170 4.184748e+05 -3.027114e+02
1.1320 5.495458e+05 -3.285339e+02
1.1471 6.150848e+05 -3.386784e+02
1.1622 1.008300e+06 -3.361815e+02
1.1773 1.335978e+06 -3.251755e+02
1.1924 1.467052e+06 -3.103011e+02
1.2075 1.335981e+06 -2.960664e+02
1.2226 6.150828e+05 -2.862372e+02
1.2377 -4.990302e+05 -2.833443e+02
1.2528 -1.350996e+06 -2.883754e+02
1.2679 -1.088853e+06 -3.006975e+02
1.2830 -9.577802e+05 -3.182196e+02
1.2981 -1.023316e+06 -3.377742e+02
1.3132 -7.611712e+05 -3.556612e+02
1.3283 -4.990302e+05 -3.682744e+02
1.3434 -4.334942e+05 -3.727168e+02
1.3585 -4.334922e+05 -3.673112e+02
1.3736 -3.679552e+05 -3.519237e+02
1.3886 -3.024192e+05 -3.280491e+02
1.4037 9.079478e+04 -2.986346e+02
1.4188 -4.027622e+04 -2.676645e+02
1.4339 -1.713492e+05 -2.395586e+02
1.4490 -3.024222e+05 -2.184706e+02
1.4641 -3.679582e+05 -2.075891e+02
1.4792 -2.368832e+05 -2.085467e+02
1.4943 -2.368862e+05 -2.210303e+02
1.5094 -3.679572e+05 -2.426608e+02
1.5245 -1.713492e+05 -2.691710e+02
1.5396 9.079478e+04 -2.948662e+02
1.5547 -4.027822e+04 -3.133214e+02
1.5698 -1.713492e+05 -3.182215e+02
1.5849 -2.368842e+05 -3.042309e+02
1.6000 -3.024202e+05 -2.677787e+02
1.6151 -4.027722e+04 -2.076452e+02
1.6302 -1.713492e+05 -1.252664e+02
1.6452 -2.368862e+05 -2.470564e+01
1.6603 -1.058122e+05 8.771183e+01
1.6754 -3.024192e+05 2.040608e+02
1.6905 -4.990282e+05 3.156951e+02
1.7056 -4.027722e+04 4.142336e+02
1.7207 -3.679582e+05 4.925285e+02
1.7358 -1.058122e+05 5.454945e+02
1.7509 -3.024192e+05 5.706927e+02
1.7660 -2.368832e+05 5.685995e+02
1.7811 -2.368832e+05 5.425261e+02
1.7962 -3.679572e+05 4.982036e+02
1.8113 -1.713492e+05 4.430884e+02
1.8264 -1.713492e+05 3.854767e+02
1.8415 -1.713482e+05 3.335395e+02
1.8566 1.563298e+05 2.943951e+02
1.8717 2.218668e+05 2.733288e+02
1.8867 -4.027822e+04 2.732467e+02
1.9018 -1.713492e+05 2.944196e+02
1.9169 2.525778e+04 3.345335e+02
1.9320 -2.368832e+05 3.890278e+02
1.9471 -4.027822e+04 4.516669e+02
1.9622 -2.368852e+05 5.152673e+02
1.9773 2.218668e+05 5.724898e+02
1.9924 3.891882e+06 6.166034e+02
2.0075 9.986730e+06 6.421386e+02
2.0226 4.840108e+05 6.453674e+02
2.0377 -4.889942e+06 6.245722e+02
2.0528 -3.579222e+06 5.800934e+02
2.0679 -1.350996e+06 5.141707e+02
2.0830 -6.956372e+05 4.306152e+02
2.0981 -1.154387e+06 3.343621e+02
2.1132 7.365291e+06 2.309634e+02
2.1283 -4.103508e+06 1.260756e+02
2.1433 -1.088853e+06 2.499335e+01
2.1584 -1.058122e+05 -6.773485e+01
2.1735 -1.058132e+05 -1.485824e+02
2.1886 -1.058132e+05 -2.152038e+02
2.2037 9.079578e+04 -2.664783e+02
2.2188 2.218678e+05 -3.024508e+02
2.2339 4.184758e+05 -3.241876e+02
2.2490 7.461538e+05 -3.335697e+02
2.2641 1.073837e+06 -3.330456e+02
2.2792 1.204908e+06 -3.253678e+02
2.2943 8.116928e+05 -3.133310e+02
2.3094 -2.368862e+05 -2.995325e+02
2.3245 -1.154390e+06 -2.861708e+02
2.3396 -1.482070e+06 -2.748963e+02
2.3547 -1.547606e+06 -2.667253e+02
2.3698 -1.285462e+06 -2.620242e+02
2.3848 -1.219923e+06 -2.605660e+02
2.3999 -8.922452e+05 -2.616542e+02
2.4150 -6.301012e+05 -2.643020e+02
2.4301 -6.956362e+05 -2.674467e+02
2.4452 -6.956382e+05 -2.701742e+02
2.4603 -6.301022e+05 -2.719218e+02
2.4754 -5.645642e+05 -2.726298e+02
2.4905 -3.024192e+05 -2.728140e+02
2.5056 -3.024202e+05 -2.735404e+02
2.5207 -4.334922e+05 -2.762962e+02
2.5358 -1.713482e+05 -2.827643e+02
2.5509 -4.027622e+04 -2.945263e+02
2.5660 -1.713472e+05 -3.127312e+02
2.5811 -4.027722e+04 -3.377777e+02
2.5962 -4.027722e+04 -3.690611e+02
2.6113 -1.713482e+05 -4.048325e+02
2.6264 -4.027722e+04 -4.422060e+02
2.6414 -1.713492e+05 -4.773325e+02
2.6565 -1.058142e+05 -5.057349e+02
2.6716 -4.990292e+05 -5.227772e+02
2.6867 -5.645632e+05 -5.242158e+02
2.7018 -2.368842e+05 -5.067662e+02
2.7169 -3.679572e+05 -4.686094e+02
2.7320 -3.024202e+05 -4.097646e+02
2.7471 -3.024192e+05 -3.322663e+02
2.7622 -1.713502e+05 -2.401081e+02
2.7773 1.563308e+05 -1.389416e+02
2.7924 -4.027522e+04 -3.555461e+01
2.8075 -1.713492e+05 6.282019e+01
2.8226 -1.058122e+05 1.492863e+02
2.8377 -2.368832e+05 2.180607e+02
2.8528 -1.058142e+05 2.651493e+02
2.8679 -1.713492e+05 2.888329e+02
2.8830 -1.713472e+05 2.898970e+02
2.8980 -4.027722e+04 2.715694e+02
2.9131 -1.058122e+05 2.391677e+02
2.9282 9.079678e+04 1.994939e+02
2.9433 -1.058112e+05 1.600484e+02
2.9584 -3.024192e+05 1.281571e+02
2.9735 -2.368832e+05 1.101183e+02
2.9886 2.525978e+04 1.104733e+02
3.0037 9.079378e+04 1.314872e+02
3.0188 -1.058132e+05 1.729034e+02
3.0339 -4.027622e+04 2.319941e+02
3.0490 -4.027522e+04 3.038991e+02
3.0641 9.079678e+04 3.822016e+02
3.0792 9.079378e+04 4.596700e+02
3.0943 9.079378e+04 5.290684e+02
3.1094 -3.024202e+05 5.839394e+02
3.1245 4.874924e+06 6.192677e+02
3.1395 9.265835e+06 6.319510e+02
3.1546 -2.006355e+06 6.210332e+02
3.1697 -6.135125e+06 5.876876e+02
3.1848 -2.989395e+06 5.349666e+02
3.1999 -1.154388e+06 4.673628e+02
3.2150 -5.645662e+05 3.902484e+02
3.2301 -4.334912e+05 3.092660e+02
3.2452 -3.024212e+05 2.297463e+02
3.2603 -1.058112e+05 1.562171e+02
3.2754 -1.713502e+05 9.205234e+01
3.2905 -1.058142e+05 3.928538e+01
3.3056 1.563328e+05 -1.409386e+00
3.3207 2.218658e+05 -3.058468e+01
3.3358 2.218688e+05 -4.977238e+01
3.3509 4.840108e+05 -6.116329e+01
3.3660 6.806188e+05 -6.726149e+01
3.3811 9.427628e+05 -7.055692e+01
3.3961 1.270444e+06 -7.325117e+01
3.4112 1.598124e+06 -7.705964e+01
3.4263 8.116908e+05 -8.310087e+01
3.4414 -1.713492e+05 -9.187165e+01
3.4565 -1.482068e+06 -1.032970e+02
3.4716 -1.547604e+06 -1.168378e+02
3.4867 -1.285460e+06 -1.316358e+02
3.5018 -8.267092e+05 -1.466757e+02
3.5169 -4.990292e+05 -1.609463e+02
3.5320 -4.027622e+04 -1.735859e+02
3.5471 -1.058112e+05 -1.840007e+02
3.5622 2.525878e+04 -1.919486e+02
3.5773 2.218678e+05 -1.975826e+02
3.5924 1.563298e+05 -2.014500e+02
3.6075 1.563328e+05 -2.044473e+02
3.6226 2.218658e+05 -2.077290e+02
3.6376 9.079678e+04 -2.125762e+02
3.6527 2.525778e+04 -2.202306e+02
3.6678 -1.058132e+05 -2.317073e+02
3.6829 9.079578e+04 -2.476040e+02
3.6980 -1.713482e+05 -2.679278e+02
3.7131 -3.024202e+05 -2.919657e+02
3.7282 -1.058112e+05 -3.182210e+02
3.7433 -1.713502e+05 -3.444392e+02
3.7584 -3.024222e+05 -3.677325e+02
3.7735 -1.713472e+05 -3.848072e+02
3.7886 -1.713482e+05 -3.922786e+02
3.8037 2.525878e+04 -3.870486e+02
3.8188 -2.368832e+05 -3.667053e+02
3.8339 1.563298e+05 -3.298956e+02
3.8490 2.525778e+04 -2.766207e+02
3.8641 -1.713482e+05 -2.084046e+02
3.8792 -1.713482e+05 -1.283019e+02
3.8942 2.525778e+04 -4.072406e+01
3.9093 -1.058122e+05 4.891069e+01
3.9244 -4.027822e+04 1.346773e+02
3.9395 -4.027522e+04 2.107429e+02
3.9546 -2.368842e+05 2.719984e+02
3.9697 -3.024192e+05 3.146461e+02
3.9848 -2.368832e+05 3.366663e+02
3.9999 -3.024212e+05 3.380999e+02
4.0150 2.525978e+04 3.210994e+02
4.0301 9.079378e+04 2.897338e+02
4.0452 -1.058142e+05 2.495586e+02
4.0603 9.079678e+04 2.069986e+02
4.0754 3.529378e+05 1.686112e+02
4.0905 4.184758e+05 1.403205e+02
4.1056 2.525978e+04 1.267158e+02
4.1207 -1.713492e+05 1.305018e+02
4.1358 1.563328e+05 1.521726e+02
4.1508 -1.058112e+05 1.899497e+02
4.1659 -2.368852e+05 2.399948e+02
4.1810 -3.024192e+05 2.968704e+02
4.1961 -6.300992e+05 3.541898e+02
4.2112 -3.024222e+05 4.053752e+02
4.2263 -8.922462e+05 4.444286e+02
4.2414 3.367597e+06 4.666183e+02
4.2565 1.018334e+07 4.689981e+02
4.2716 5.495468e+05 4.506981e+02
4.2867 -6.790483e+06 4.129567e+02
4.3018 -4.431190e+06 3.588979e+02
4.3169 -1.482069e+06 2.930902e+02
4.3320 -1.547605e+06 2.209508e+02
4.3471 -1.154389e+06 1.480773e+02
4.3622 -7.611732e+05 7.959346e+01
4.3773 -3.679552e+05 1.959231e+01
4.3923 -5.645632e+05 -2.925745e+01
4.4074 -4.334912e+05 -6.590059e+01
4.4225 -1.058122e+05 -9.086732e+01
4.4376 -1.058142e+05 -1.060447e+02
4.4527 -4.027722e+04 -1.142906e+02
4.4678 2.874028e+05 -1.189504e+02
4.4829 7.461568e+05 -1.233488e+02
4.4980 8.772288e+05 -1.303249e+02
4.5131 1.335980e+06 -1.418720e+02
4.5282 1.335978e+06 -1.589239e+02
4.5433 7.461538e+05 -1.813072e+02
4.5584 -4.027822e+04 -2.078558e+02
4.5735 -1.285460e+06 -2.366622e+02
4.5886 -1.547605e+06 -2.654203e+02
4.6037 -1.219925e+06 -2.918095e+02
4.6188 -1.023318e+06 -3.138602e+02
4.6339 -6.956352e+05 -3.302534e+02
4.6489 -3.679572e+05 -3.405126e+02
4.6640 -4.334932e+05 -3.450662e+02
4.6791 -4.990272e+05 -3.451760e+02
4.6942 -1.058132e+05 -3.427439e+02
4.7093 -1.058142e+05 -3.400269e+02
4.7244 9.079378e+04 -3.392977e+02
4.7395 1.563328e+05 -3.424980e+02
4.7546 1.563298e+05 -3.509271e+02
4.7697 -1.058122e+05 -3.650063e+02
4.7848 -2.368862e+05 -3.841460e+02
4.7999 -2.368862e+05 -4.067360e+02
4.8150 -1.058142e+05 -4.302571e+02
4.8301 -1.058122e+05 -4.515069e+02
4.8452 -1.058132e+05 -4.669149e+02
4.8603 -2.368842e+05 -4.729145e+02
4.8754 -1.713482e+05 -4.663356e+02
4.8905 2.525778e+04 -4.447747e+02
4.9055 2.525878e+04 -4.069052e+02
4.9206 -1.713472e+05 -3.526945e+02
4.9357 -4.027822e+04 -2.835000e+02
4.9508 -1.058112e+05 -2.020318e+02
4.9659 -4.334912e+05 -1.121782e+02
4.9810 1.563298e+05 -1.870491e+01
4.9961 2.525978e+04 7.314812e+01
5.0112 2.218658e+05 1.581370e+02
5.0263 3.529378e+05 2.315081e+02
5.0414 4.840098e+05 2.894663e+02
5.0565 4.184738e+05 3.295689e+02
5.0716 2.218678e+05 3.510002e+02
5.0867 1.563308e+05 3.546909e+02
5.1018 2.525778e+04 3.432635e+02
5.1169 2.525878e+04 3.207983e+02
5.1320 9.079378e+04 2.924389e+02
5.1470 -1.058112e+05 2.638707e+02
5.1621 -1.713492e+05 2.407240e+02
5.1772 -1.058132e+05 2.279652e+02
5.1923 -4.334912e+05 2.293422e+02
5.2074 -4.027522e+04 2.469480e+02
5.2225 -4.990292e+05 2.809564e+02
5.2376 -2.368842e+05 3.295626e+02
5.2527 9.079578e+04 3.891430e+02
5.2678 -3.024192e+05 4.546190e+02
5.2829 2.874018e+05 5.199865e+02
5.2980 -3.024212e+05 5.789539e+02
5.3131 8.772278e+05 6.256137e+02
5.3282 9.265836e+06 6.550714e+02
5.3433 6.841003e+06 6.639570e+02
5.3584 -6.135123e+06 6.507608e+02
5.3735 -3.382614e+06 6.159553e+02
5.3886 -1.023316e+06 5.618912e+02
5.4036 -1.219926e+06 4.924855e+02
5.4187 -6.300992e+05 4.127433e+02
5.4338 -4.334942e+05 3.281768e+02
5.4489 -3.024212e+05 2.441946e+02
5.4640 -1.713482e+05 1.655386e+02
5.4791 -1.713482e+05 9.583611e+01
5.4942 -2.368862e+05 3.731601e+01
5.5093 -1.058142e+05 -9.281704e+00
5.5244 4.840108e+05 -4.460475e+01
5.5395 7.461538e+05 -7.042034e+01
5.5546 1.008301e+06 -8.922733e+01
5.5697 1.335980e+06 -1.038097e+02
5.5848 1.467053e+06 -1.167978e+02
5.5999 1.270444e+06 -1.302993e+02
5.6150 5.495478e+05 -1.456480e+02
5.6301 2.525978e+04 -1.632998e+02
5.6451 -1.219925e+06 -1.828815e+02
5.6602 -1.613141e+06 -2.033744e+02
5.6753 -1.613139e+06 -2.233967e+02
5.6904 -1.023318e+06 -2.415329e+02
5.7055 -6.956362e+05 -2.566548e+02
5.7206 -4.334942e+05 -2.681811e+02
5.7357 -3.679562e+05 -2.762333e+02
5.7508 -4.027822e+04 -2.816620e+02
5.7659 2.525878e+04 -2.859410e+02
5.7810 -4.027522e+04 -2.909426e+02
5.7961 9.079678e+04 -2.986286e+02
5.8112 1.563298e+05 -3.107039e+02
5.8263 2.218688e+05 -3.282823e+02
5.8414 9.079578e+04 -3.516173e+02
5.8565 -4.027822e+04 -3.799361e+02
5.8716 2.218668e+05 -4.114064e+02
5.8867 -1.713472e+05 -4.432426e+02
5.9017 -3.679572e+05 -4.719443e+02
5.9168 -3.679552e+05 -4.936407e+02
5.9319 -6.301022e+05 -5.045009e+02
5.9470 -3.024192e+05 -5.011648e+02
5.9621 -1.058132e+05 -4.811454e+02
5.9772 -4.027822e+04 -4.431570e+02
5.9923 -4.027622e+04 -3.873341e+02
6.0074 -4.027722e+04 -3.153159e+02
6.0225 -1.713492e+05 -2.301859e+02
6.0376 -1.713472e+05 -1.362721e+02
6.0527 -3.024192e+05 -3.882269e+01
6.0678 -3.679562e+05 5.641378e+01
6.0829 1.563308e+05 1.436674e+02
6.0980 2.525978e+04 2.176453e+02
6.1131 2.525878e+04 2.740064e+02
6.1282 2.218668e+05 3.097718e+02
6.1433 -4.027522e+04 3.236332e+02
6.1583 2.525778e+04 3.161294e+02
6.1734 2.218688e+05 2.896686e+02
6.1885 2.218668e+05 2.483865e+02
6.2036 2.218678e+05 1.978411e+02
6.2187 -1.713472e+05 1.445608e+02
6.2338 9.079478e+04 9.547508e+01
6.2489 9.079578e+04 5.727116e+01
6.2640 -3.024192e+05 3.573132e+01
6.2791 2.874018e+05 3.511306e+01
6.2942 -3.024222e+05 5.763623e+01
6.3093 -5.645662e+05 1.031376e+02
6.3244 -4.027822e+04 1.689413e+02
6.3395 3.529388e+05 2.499766e+02
6.3546 -5.645662e+05 3.391494e+02
6.3697 6.806188e+05 4.279477e+02
6.3848 3.957418e+06 5.072328e+02
6.3998 9.659053e+06 5.681437e+02
6.4149 -5.645662e+05 6.030227e+02
6.4300 -6.200661e+06 6.062625e+02
6.4451 -1.285462e+06 5.749748e+02
6.4602 -8.267072e+05 5.093969e+02
6.4753 -4.334942e+05 4.129819e+02
6.4904 -4.027822e+04 2.921448e+02
6.5055 -1.713472e+05 1.556792e+02
6.5206 -4.027622e+04 1.390651e+01
6.5357 -3.679552e+05 -1.223566e+02
6.5508 -1.058132e+05 -2.428974e+02
6.5659 1.563308e+05 -3.391478e+02
6.5810 2.874048e+05 -4.050435e+02
6.5961 7.461538e+05 -4.376037e+02
6.6112 8.772288e+05 -4.371615e+02
6.6263 9.427648e+05 -4.072223e+02
6.6414 1.663658e+06 -3.539703e+02
6.6564 1.467051e+06 -2.854891e+02
6.6715 1.204907e+06 -2.107970e+02
6.6866 6.150848e+05 -1.388181e+02
6.7017 -4.334942e+05 -7.741771e+01
6.7168 -1.154389e+06 -3.262024e+01
6.7319 -1.350996e+06 -8.096869e+00
6.7470 -9.577822e+05 -4.970251e+00
6.7621 -6.956372e+05 -2.194696e+01
6.7772 -3.024192e+05 -5.573837e+01
6.7923 -1.713492e+05 -1.016891e+02
6.8074 -3.679572e+05 -1.545126e+02
6.8225 -3.024192e+05 -2.090242e+02
6.8376 -3.679572e+05 -2.607627e+02
6.8527 -3.679582e+05 -3.064216e+02
6.8678 -4.027522e+04 -3.440375e+02
6.8829 -4.334912e+05 -3.729303e+02
6.8980 -2.368832e+05 -3.934280e+02
6.9130 -1.713502e+05 -4.064413e+02
6.9281 -1.713492e+05 -4.129787e+02
6.9432 -3.679552e+05 -4.136978e+02
6.9583 -1.713482e+05 -4.085821e+02
6.9734 -2.368832e+05 -3.968054e+02
6.9885 -4.990302e+05 -3.768155e+02
7.0036 -4.027522e+04 -3.466262e+02
7.0187 2.218668e+05 -3.042706e+02
7.0338 6.513325e+06 -2.483353e+02
7.0489 -3.579219e+06 -1.784799e+02
7.0640 6.578859e+06 -9.584125e+01
7.0791 -5.938517e+06 -3.237509e+00
7.0942 3.529408e+05 9.488324e+01
7.1093 1.073834e+06 1.927677e+02
7.1244 -1.088853e+06 2.839279e+02
7.1395 -5.645662e+05 3.618894e+02
7.1545 -3.679552e+05 4.210175e+02
7.1696 -4.990292e+05 4.573032e+02
7.1847 -1.713492e+05 4.689901e+02
7.1998 -3.024192e+05 4.569421e+02
7.2149 -4.334932e+05 4.246841e+02
7.2300 -1.713482e+05 3.780928e+02
7.2451 -3.024192e+05 3.247643e+02
7.2602 -6.956352e+05 2.731312e+02
7.2753 8.772258e+05 2.314399e+02
7.2904 -1.547604e+06 2.067208e+02
7.3055 8.282795e+06 2.038883e+02
7.3206 -3.317078e+06 2.250917e+02
7.3357 5.923500e+06 2.694059e+02
7.3508 -3.186006e+06 3.329051e+02
7.3659 -1.219923e+06 4.091123e+02
7.3810 -6.956382e+05 4.897662e+02
7.3961 2.525978e+04 5.658054e+02
7.4111 6.906540e+06 6.284413e+02
7.4262 7.037611e+06 6.701808e+02
7.4413 -4.889941e+06 6.856701e+02
7.4564 -6.462806e+06 6.722549e+02
7.4715 -1.809747e+06 6.301944e+02
7.4866 -1.416533e+06 5.625136e+02
7.5017 -1.219925e+06 4.745256e+02
7.5168 -3.679572e+05 3.731011e+02
7.5319 -2.368862e+05 2.657896e+02
7.5470 -4.334922e+05 1.599156e+02
7.5621 -3.679552e+05 6.176731e+01
7.5772 -4.990272e+05 -2.401955e+01
7.5923 -4.990292e+05 -9.481557e+01
7.6074 -1.713502e+05 -1.500587e+02
7.6225 2.218688e+05 -1.910362e+02
7.6376 6.150818e+05 -2.204383e+02
7.6526 1.139370e+06 -2.417636e+02
7.6677 1.204909e+06 -2.586735e+02
7.6828 9.427648e+05 -2.743922e+02
7.6979 9.427648e+05 -2.912370e+02
7.7130 2.218688e+05 -3.103414e+02
7.7281 -8.922432e+05 -3.315971e+02
7.7432 -1.547606e+06 -3.538113e+02
7.7583 -1.482067e+06 -3.750395e+02
7.7734 -1.285461e+06 -3.930336e+02
7.7885 -1.154388e+06 -4.057261e+02
7.8036 -1.023316e+06 -4.116729e+02
7.8187 -5.645662e+05 -4.103842e+02
7.8338 -5.645632e+05 -4.024934e+02
7.8489 -6.956352e+05 -3.897391e+02
7.8640 -1.713502e+05 -3.747653e+02
7.8791 -1.713492e+05 -3.607696e+02
7.8942 -4.027622e+04 -3.510518e+02
7.9092 -2.368852e+05 -3.485294e+02
7.9243 -1.058122e+05 -3.552865e+02
7.9394 -4.027522e+04 -3.722222e+02
7.9545 -1.713492e+05 -3.988421e+02
7.9696 -2.368852e+05 -4.332247e+02
7.9847 -1.713492e+05 -4.721636e+02
7.9998 -3.679582e+05 -5.114693e+02
8.0149 -3.679562e+05 -5.463911e+02
8.0300 -1.713492e+05 -5.721095e+02
8.0451 -2.368852e+05 -5.842391e+02
8.0602 -4.334912e+05 -5.792888e+02
8.0753 -3.679552e+05 -5.550262e+02
8.0904 -1.713502e+05 -5.107143e+02
8.1055 -2.368842e+05 -4.471971e+02
8.1206 -4.027822e+04 -3.668335e+02
8.1357 -2.368832e+05 -2.732900e+02
8.1508 1.563318e+05 -1.712214e+02
8.1658 9.079378e+04 -6.587262e+01
8.1809 -3.024222e+05 3.736185e+01
8.1960 -1.713492e+05 1.333753e+02
8.2111 -1.713482e+05 2.177459e+02
8.2262 -3.024222e+05 2.870674e+02
8.2413 2.525878e+04 3.391873e+02
8.2564 -3.024202e+05 3.733368e+02
8.2715 -3.679562e+05 3.901482e+02
8.2866 -1.058142e+05 3.915624e+02
8.3017 -1.058142e+05 3.806350e+02
8.3168 2.526078e+04 3.612595e+02
8.3319 1.563328e+05 3.378267e+02
8.3470 9.079678e+04 3.148478e+02
8.3621 1.563308e+05 2.965680e+02
8.3772 2.874028e+05 2.866009e+02
8.3923 4.184768e+05 2.876131e+02
8.4073 3.529378e+05 3.010827e+02
8.4224 2.525778e+04 3.271564e+02
8.4375 9.079378e+04 3.646176e+02
8.4526 2.218688e+05 4.109716e+02
8.4677 2.218658e+05 4.626449e+02
8.4828 -1.058112e+05 5.152835e+02
8.4979 9.079678e+04 5.641266e+02
8.5130 -6.301022e+05 6.044233e+02
8.5281 6.806208e+05 6.318556e+02
8.5432 8.020650e+06 6.429273e+02
8.5583 6.251181e+06 6.352839e+02
8.5734 -5.021013e+06 6.079298e+02
8.5885 -5.545302e+06 5.613239e+02
8.6036 -8.267102e+05 4.973421e+02
8.6187 -1.154388e+06 4.191113e+02
8.6338 -4.990292e+05 3.307323e+02
8.6489 -4.027622e+04 2.369178e+02
8.6639 -1.058112e+05 1.425842e+02
8.6790 1.563318e+05 5.243627e+01
8.6941 5.495458e+05 -2.941424e+01
8.7092 -1.088851e+06 -9.975860e+01
8.7243 3.629740e+06 -1.565028e+02
8.7394 9.396907e+06 -1.987628e+02
8.7545 -1.744213e+06 -2.268399e+02
8.7696 5.726892e+06 -2.420827e+02
8.7847 4.184768e+05 -2.466573e+02
8.7998 -1.547606e+06 -2.432520e+02
8.8149 1.139370e+06 -2.347531e+02
8.8300 -1.350995e+06 -2.239262e+02
8.8451 -2.137427e+06 -2.131375e+02
8.8602 -2.202965e+06 -2.041431e+02
8.8753 -1.744212e+06 -1.979675e+02
8.8904 -1.547604e+06 -1.948785e+02
8.9055 -9.577802e+05 -1.944598e+02
8.9205 -8.267082e+05 -1.957659e+02
8.9356 -8.922452e+05 -1.975418e+02
8.9507 -7.611732e+05 -1.984748e+02
8.9658 -8.922432e+05 -1.974497e+02
8.9809 -6.300992e+05 -1.937737e+02
8.9960 -5.645632e+05 -1.873407e+02
9.0111 -7.611732e+05 -1.787137e+02
9.0262 -4.334912e+05 -1.691110e+02
9.0413 -3.024222e+05 -1.602924e+02
9.0564 -4.990302e+05 -1.543570e+02
9.0715 -2.368862e+05 -1.534704e+02
9.0866 -2.368842e+05 -1.595534e+02
9.1017 -2.368852e+05 -1.739683e+02
9.1168 -1.713482e+05 -1.972436e+02
9.1319 -4.027822e+04 -2.288742e+02
9.1470 -2.368862e+05 -2.672298e+02
9.1620 -4.027622e+04 -3.095931e+02
9.1771 2.218658e+05 -3.523343e+02
9.1922 -1.058122e+05 -3.912134e+02
9.2073 -3.024212e+05 -4.217851e+02
9.2224 -4.027822e+04 -4.398668e+02
9.2375 3.529378e+05 -4.420180e+02
9.2526 -4.027722e+04 -4.259765e+02
9.2677 -1.058112e+05 -3.909953e+02
9.2828 2.218688e+05 -3.380338e+02
9.2979 1.563328e+05 -2.697698e+02
9.3130 9.079678e+04 -1.904204e+02
9.3281 -4.027722e+04 -1.053798e+02
9.3432 2.525878e+04 -2.070528e+01
9.3583 2.218688e+05 5.749496e+01
9.3734 9.079678e+04 1.237077e+02
9.3885 -1.713482e+05 1.736192e+02
9.4036 -1.058112e+05 2.046069e+02
9.4186 9.079378e+04 2.160560e+02
9.4337 -1.058142e+05 2.094583e+02
9.4488 -1.713472e+05 1.882752e+02
9.4639 -4.027522e+04 1.575738e+02
9.4790 2.525978e+04 1.234744e+02
9.4941 1.563298e+05 9.246862e+01
9.5092 -4.027522e+04 7.068687e+01
9.5243 2.218688e+05 6.319930e+01
9.5394 4.184738e+05 7.343215e+01
9.5545 -1.058132e+05 1.027680e+02
9.5696 -4.027622e+04 1.503766e+02
9.5847 2.874048e+05 2.132963e+02
9.5998 1.563318e+05 2.867536e+02
9.6149 1.563308e+05 3.646832e+02
9.6300 4.840128e+05 4.403844e+02
9.6451 -8.922452e+05 5.072370e+02
9.6601 1.467053e+06 5.593915e+02
9.6752 8.807083e+06 5.923576e+02
9.6903 8.807085e+06 6.034240e+02
9.7054 -1.875284e+06 5.918702e+02
9.7205 -5.086550e+06 5.589542e+02
9.7356 -8.267082e+05 5.076869e+02
9.7507 -1.088852e+06 4.424313e+02
9.7658 -6.301002e+05 3.683817e+02
9.7809 -4.990302e+05 2.909885e+02
9.7960 -3.679572e+05 2.153982e+02
9.8111 -1.058122e+05 1.459708e+02
9.8262 9.079578e+04 8.592273e+01
9.8413 2.874048e+05 3.712458e+01
9.8564 9.079678e+04 6.389958e-02
9.8715 9.079678e+04 -2.603965e+01
9.8866 3.529398e+05 -4.299423e+01
9.9017 7.461548e+05 -5.331087e+01
9.9167 9.427628e+05 -5.983920e+01
9.9318 1.008300e+06 -6.540847e+01
9.9469 1.270444e+06 -7.251276e+01
9.9620 1.139372e+06 -8.306907e+01
9.9771 1.563318e+05 -9.826513e+01
9.9922 -8.267072e+05 -1.185016e+02
10.0073 -1.285462e+06 -1.434224e+02
10.0224 -1.482069e+06 -1.720195e+02
10.0375 -1.219923e+06 -2.027926e+02
10.0526 -1.023315e+06 -2.339430e+02
10.0677 -8.922432e+05 -2.635807e+02
10.0828 -3.679582e+05 -2.899275e+02
10.0979 -2.368852e+05 -3.115000e+02
10.1130 -4.334922e+05 -3.272599e+02
10.1281 -4.027722e+04 -3.367233e+02
10.1432 2.525978e+04 -3.400193e+02
10.1583 -4.027622e+04 -3.378930e+02
10.1733 -1.058112e+05 -3.316484e+02
10.1884 2.218658e+05 -3.230305e+02
10.2035 2.218688e+05 -3.140503e+02
10.2186 2.525878e+04 -3.067616e+02
10.2337 -4.334942e+05 -3.030059e+02
10.2488 -1.713472e+05 -3.041492e+02
10.2639 -1.058142e+05 -3.108396e+02
10.2790 -1.058132e+05 -3.228172e+02
10.2941 2.525878e+04 -3.388106e+02
10.3092 -3.024212e+05 -3.565442e+02
10.3243 -3.679572e+05 -3.728753e+02
10.3394 -2.368832e+05 -3.840613e+02
10.3545 -3.024212e+05 -3.861422e+02
10.3696 -2.368832e+05 -3.754051e+02
10.3847 -1.713502e+05 -3.488804e+02
10.3998 -3.679572e+05 -3.048102e+02
10.4148 -3.679572e+05 -2.430224e+02
10.4299 -3.024202e+05 -1.651519e+02
10.4450 -3.024202e+05 -7.466305e+01
10.4601 -3.679562e+05 2.335135e+01
10.4752 -3.024192e+05 1.225908e+02
10.4903 -4.027822e+04 2.161530e+02
10.5054 -1.058142e+05 2.972636e+02
10.5205 9.079578e+04 3.600463e+02
10.5356 9.079678e+04 4.002387e+02
10.5507 -1.058112e+05 4.157565e+02
10.5658 -2.368852e+05 4.070271e+02
10.5809 -2.368862e+05 3.770349e+02
10.5960 -1.713482e+05 3.310590e+02
10.6111 -4.027822e+04 2.761199e+02
10.6262 2.525878e+04 2.201959e+02
10.6413 -1.713472e+05 1.712980e+02
10.6564 9.079478e+04 1.365188e+02
10.6714 2.218688e+05 1.211727e+02
10.6865 -2.368842e+05 1.281433e+02
10.7016 9.079378e+04 1.575218e+02
10.7167 -1.058142e+05 2.065880e+02
10.7318 -3.024192e+05 2.701411e+02
10.7469 -4.027722e+04 3.411369e+02
10.7620 9.079678e+04 4.115517e+02
10.7771 -4.990292e+05 4.733597e+02
10.7922 -1.058132e+05 5.194952e+02
10.8073 7.627435e+06 5.446757e+02
10.8224 1.044548e+07 5.459789e+02
10.8375 1.467050e+06 5.231029e+02
10.8526 -6.528342e+06 4.782831e+02
10.8677 -1.744213e+06 4.158863e+02
10.8828 -1.350998e+06 3.417479e+02
10.8979 -1.154389e+06 2.623509e+02
10.9129 -8.922442e+05 1.839684e+02
10.9280 -6.956352e+05 1.118873e+02
10.9431 -3.679582e+05 4.982353e+01
10.9582 -1.713502e+05 -4.009080e-01
10.9733 -1.058122e+05 -3.888283e+01
10.9884 -4.027822e+04 -6.737827e+01
11.0035 2.526078e+04 -8.881278e+01
11.0186 -4.027722e+04 -1.066499e+02
11.0337 2.874048e+05 -1.242252e+02
11.0488 6.806208e+05 -1.441538e+02
11.0639 5.495488e+05 -1.679069e+02
11.0790 1.270442e+06 -1.956183e+02
11.0941 9.427648e+05 -2.261480e+02
11.1092 3.529388e+05 -2.573816e+02
11.1243 -8.267092e+05 -2.867077e+02
11.1394 -1.613141e+06 -3.115858e+02
11.1545 -1.678678e+06 -3.301005e+02
11.1695 -1.416534e+06 -3.414019e+02
11.1846 -8.267072e+05 -3.459490e+02
11.1997 -6.956382e+05 -3.455080e+02
11.2148 -8.922452e+05 -3.428964e+02
11.2299 -6.956382e+05 -3.415086e+02
11.2450 -4.990302e+05 -3.446972e+02
11.2601 -4.990272e+05 -3.551105e+02
11.2752 -3.679582e+05 -3.740982e+02
11.2903 -1.058132e+05 -4.012915e+02
11.3054 -4.027622e+04 -4.344374e+02
11.3205 1.563308e+05 -4.695319e+02
11.3356 2.525978e+04 -5.012488e+02
11.3507 -4.027522e+04 -5.236136e+02
11.3658 1.563318e+05 -5.308332e+02
11.3809 3.529388e+05 -5.181613e+02
11.3960 2.874048e+05 -4.826713e+02
11.4111 1.563328e+05 -4.238161e+02
11.4261 -4.027622e+04 -3.436823e+02
11.4412 -1.713472e+05 -2.468876e+02
11.4563 -4.027722e+04 -1.401220e+02
11.4714 2.525878e+04 -3.138754e+01
11.4865 2.874048e+05 7.096794e+01
11.5016 2.874018e+05 1.592951e+02
11.5167 9.079578e+04 2.276177e+02
11.5318 2.218688e+05 2.724013e+02
11.5469 -2.368862e+05 2.930091e+02
11.5620 2.218658e+05 2.917788e+02
11.5771 4.184748e+05 2.737030e+02
11.5922 4.184748e+05 2.457559e+02
11.6073 2.525778e+04 2.159573e+02
11.6224 -3.679552e+05 1.923001e+02
11.6375 4.184758e+05 1.816874e+02
11.6526 6.150838e+05 1.890218e+02
11.6676 9.079378e+04 2.165694e+02
11.6827 1.563318e+05 2.636800e+02
11.6978 3.529388e+05 3.268962e+02
11.7129 1.563328e+05 4.004299e+02
11.7280 6.150838e+05 4.769350e+02
11.7431 4.840128e+05 5.484642e+02
11.7582 2.874048e+05 6.074775e+02
11.7733 3.529408e+05 6.477705e+02
11.7884 4.184748e+05 6.651937e+02
11.8035 2.874048e+05 6.580779e+02
11.8186 -1.058122e+05 6.273211e+02
11.8337 2.218668e+05 5.761415e+02
11.8488 -6.301012e+05 5.095417e+02
11.8639 1.598122e+06 4.335747e+02
11.8790 9.790124e+06 3.545201e+02
11.8941 5.595820e+06 2.780909e+02
11.9092 -5.938517e+06 2.087751e+02
11.9242 -2.596182e+06 1.493974e+02
11.9393 -7.611732e+05 1.009466e+02
11.9544 -7.611722e+05 6.267498e+01
11.9695 -1.713472e+05 3.243724e+01
11.9846 -3.024202e+05 7.202617e+00
11.9997 -2.368862e+05 -1.634718e+01
12.0148 -1.713502e+05 -4.122878e+01
12.0299 -4.027622e+04 -6.966476e+01
12.0450 1.270444e+06 -1.027565e+02
12.0601 6.841003e+06 -1.403621e+02
12.0752 -2.465109e+06 -1.811852e+02
12.0903 7.365291e+06 -2.230513e+02
12.1054 -5.021013e+06 -2.633159e+02
12.1205 -3.448148e+06 -2.993366e+02
12.1356 1.794730e+06 -3.289306e+02
12.1507 -7.611742e+05 -3.507480e+02
12.1658 -1.613139e+06 -3.645044e+02
12.1808 -2.268500e+06 -3.710395e+02
12.1959 -2.006358e+06 -3.721994e+02
12.2110 -1.547603e+06 -3.705603e+02
12.2261 -1.219925e+06 -3.690393e+02
12.2412 -8.922432e+05 -3.704506e+02
12.2563 -1.023316e+06 -3.770694e+02
12.2714 -9.577802e+05 -3.902673e+02
12.2865 -1.023317e+06 -4.102656e+02
12.3016 9.079678e+04 -4.360404e+02
12.3167 -2.202964e+06 -4.653871e+02
12.3318 7.955114e+06 -4.951355e+02
12.3469 -3.448150e+06 -5.214856e+02
12.3620 6.316714e+06 -5.404205e+02
12.3771 -4.037972e+06 -5.481473e+02
12.3922 -1.154387e+06 -5.415150e+02
12.4073 -8.267072e+05 -5.183652e+02
12.4223 -7.611732e+05 -4.777801e+02
12.4374 -1.088853e+06 -4.202059e+02
12.4525 -9.577792e+05 -3.474455e+02
12.4676 -6.301022e+05 -2.625245e+02
12.4827 -6.956382e+05 -1.694485e+02
12.4978 -6.301012e+05 -7.287742e+01
12.5129 -2.368842e+05 2.225451e+01
12.5280 -1.713502e+05 1.111379e+02
12.5431 -2.368842e+05 1.894757e+02
12.5582 -1.713472e+05 2.538292e+02
12.5733 -1.058112e+05 3.018944e+02
12.5884 -1.713502e+05 3.326894e+02
12.6035 -3.679582e+05 3.466357e+02
12.6186 -4.334912e+05 3.455253e+02
12.6337 -2.368842e+05 3.323711e+02
12.6488 -3.024222e+05 3.111489e+02
12.6639 -1.713502e+05 2.864467e+02
12.6789 -4.027622e+04 2.630468e+02
12.6940 2.525878e+04 2.454734e+02
12.7091 9.079578e+04 2.375485e+02
12.7242 2.525978e+04 2.419951e+02
12.7393 -4.027822e+04 2.601338e+02
12.7544 2.525778e+04 2.917066e+02
12.7695 -1.713482e+05 3.348551e+02
12.7846 1.563298e+05 3.862624e+02
12.7997 9.079578e+04 4.414530e+02
12.8148 -5.645662e+05 4.952246e+02
12.8299 3.105450e+06 5.421694e+02
12.8450 7.234220e+06 5.772298e+02
12.8601 8.413868e+06 5.962256e+02
12.8752 -4.365653e+06 5.962929e+02
12.8903 -4.562262e+06 5.761805e+02
12.9054 -1.154390e+06 5.363678e+02
12.9204 -1.285460e+06 4.789902e+02
12.9355 -9.577822e+05 4.075786e+02
12.9506 -8.922432e+05 3.266487e+02
12.9657 -5.645662e+05 2.411904e+02
12.9808 -2.368842e+05 1.561238e+02
12.9959 -3.679552e+05 7.579068e+01
13.0110 -4.334912e+05 3.546122e+00
13.0261 -4.334912e+05 -5.850116e+01
13.0412 -1.058142e+05 -1.095716e+02
13.0563 2.874038e+05 -1.501185e+02
13.0714 4.184768e+05 -1.815769e+02
13.0865 1.008298e+06 -2.060012e+02
13.1016 1.467053e+06 -2.256541e+02
13.1167 1.598123e+06 -2.426123e+02
13.1318 1.204909e+06 -2.584479e+02
13.1469 -2.368852e+05 -2.740360e+02
13.1620 -1.088852e+06 -2.895113e+02
13.1770 -1.154390e+06 -3.043744e+02
13.1921 -1.023315e+06 -3.177217e+02
13.2072 -7.611722e+05 -3.285526e+02
13.2223 -6.301002e+05 -3.360935e+02
13.2374 -4.334942e+05 -3.400743e+02
13.2525 -3.679562e+05 -3.409022e+02
13.2676 -3.024202e+05 -3.396931e+02
13.2827 -5.645642e+05 -3.381456e+02
13.2978 -1.713502e+05 -3.382707e+02
13.3129 -1.058132e+05 -3.420171e+02
13.3280 1.563308e+05 -3.508506e+02
13.3431 1.563318e+05 -3.653613e+02
13.3582 2.218668e+05 -3.849700e+02
13.3733 2.218658e+05 -4.077948e+02
13.3884 1.563308e+05 -4.307152e+02
13.4035 2.218668e+05 -4.496449e+02
13.4186 4.840118e+05 -4.599880e+02
13.4336 4.184738e+05 -4.572265e+02
13.4487 4.184738e+05 -4.375599e+02
13.4638 2.525878e+04 -3.985082e+02
13.4789 -2.368862e+05 -3.393871e+02
13.4940 -1.058132e+05 -2.615798e+02
13.5091 1.563328e+05 -1.685535e+02
13.5242 1.563298e+05 -6.560512e+01
13.5393 1.563318e+05 4.064382e+01
13.5544 9.079478e+04 1.429468e+02
13.5695 2.874018e+05 2.342398e+02
13.5846 9.079678e+04 3.084550e+02
13.5997 2.526078e+04 3.612341e+02
13.6148 2.218678e+05 3.904463e+02
13.6299 2.525778e+04 3.964415e+02
13.6450 -4.027722e+04 3.820035e+02
13.6601 2.525778e+04 3.520058e+02
13.6751 2.874048e+05 3.128149e+02
13.6902 9.079378e+04 2.715169e+02
13.7053 3.529408e+05 2.350652e+02
13.7204 9.079478e+04 2.094591e+02
13.7355 -1.713482e+05 1.990534e+02
13.7506 9.079578e+04 2.060836e+02
13.7657 9.079378e+04 2.304600e+02
13.7808 -4.027822e+04 2.698462e+02
13.7959 1.563328e+05 3.200040e+02
13.8110 -4.027522e+04 3.753497e+02
13.8261 9.079578e+04 4.296445e+02
13.8412 -1.713482e+05 4.767271e+02
13.8563 7.461538e+05 5.111963e+02
13.8714 7.496362e+06 5.289639e+02
13.8865 7.496364e+06 5.276189e+02
13.9016 -4.496726e+06 5.065729e+02
13.9167 -3.644757e+06 4.669870e+02
13.9317 -6.956362e+05 4.115074e+02
13.9468 -1.023316e+06 3.438618e+02
13.9619 -7.611722e+05 2.683786e+02
13.9770 -5.645662e+05 1.894972e+02
13.9921 -3.679582e+05 1.113309e+02
14.0072 -1.713502e+05 3.732909e+01
14.0223 2.218658e+05 -2.993208e+01
14.0374 2.525978e+04 -8.882410e+01
14.0525 -1.058122e+05 -1.386169e+02
14.0676 9.079678e+04 -1.793348e+02
14.0827 3.529388e+05 -2.115537e+02
14.0978 8.772258e+05 -2.361800e+02
14.1129 9.427618e+05 -2.542474e+02
14.1280 1.008301e+06 -2.667576e+02
14.1431 7.461568e+05 -2.745813e+02
14.1582 8.116898e+05 -2.784214e+02
14.1733 3.529398e+05 -2.788296e+02
14.1883 -5.645662e+05 -2.762616e+02
14.2034 -1.023315e+06 -2.711483e+02
14.2185 -1.547606e+06 -2.639654e+02
14.2336 -1.088851e+06 -2.552840e+02
14.2487 -6.956362e+05 -2.457943e+02
14.2638 -7.611712e+05 -2.362975e+02
14.2789 -5.645662e+05 -2.276724e+02
14.2940 -3.024212e+05 -2.208226e+02
14.3091 -1.713502e+05 -2.166155e+02
14.3242 2.218688e+05 -2.158215e+02
14.3393 2.874038e+05 -2.190601e+02
14.3544 1.563308e+05 -2.267558e+02
14.3695 -4.027722e+04 -2.391012e+02
14.3846 2.525978e+04 -2.560260e+02
14.3997 -2.368852e+05 -2.771662e+02
14.4148 -1.713482e+05 -3.018332e+02
14.4298 1.563298e+05 -3.289837e+02
14.4449 -2.368842e+05 -3.571973e+02
14.4600 -1.713472e+05 -3.846733e+02
14.4751 -1.058142e+05 -4.092589e+02
14.4902 -4.027622e+04 -4.285233e+02
14.5053 2.526078e+04 -4.398873e+02
14.5204 -3.679572e+05 -4.408097e+02
14.5355 -1.713502e+05 -4.290235e+02
14.5506 2.218678e+05 -4.028039e+02
14.5657 9.079578e+04 -3.612373e+02
14.5808 -1.713492e+05 -3.044570e+02
14.5959 -4.334922e+05 -2.338034e+02
14.6110 9.079578e+04 -1.518753e+02
14.6261 9.079478e+04 -6.244400e+01
14.6412 -1.058122e+05 2.978138e+01
14.6563 -1.058122e+05 1.195279e+02
14.6714 -1.713482e+05 2.014444e+02
14.6864 -1.058142e+05 2.706508e+02
14.7015 2.218658e+05 3.232881e+02
14.7166 3.529408e+05 3.570005e+02
14.7317 9.079578e+04 3.712823e+02
14.7468 9.079378e+04 3.676331e+02
14.7619 2.874048e+05 3.494889e+02
14.7770 -1.058112e+05 3.219172e+02
14.7921 1.563328e+05 2.911019e+02
14.8072 2.874018e+05 2.636650e+02
14.8223 -1.713482e+05 2.459029e+02
14.8374 -3.024212e+05 2.430234e+02
14.8525 -2.368842e+05 2.584804e+02
14.8676 -1.058142e+05 2.934884e+02
14.8827 -1.713482e+05 3.467857e+02
14.8978 -2.368832e+05 4.146800e+02
14.9129 -2.368842e+05 4.913807e+02
14.9279 -1.713502e+05 5.695841e+02
14.9430 -3.679562e+05 6.412453e+02
14.9581 4.612780e+06 6.984488e+02
14.9732 9.134763e+06 7.342748e+02
14.9883 -1.154390e+06 7.435593e+02
15.0034 -5.348692e+06 7.234578e+02
15.0185 -1.285460e+06 6.737488e+02
15.0336 -1.482069e+06 5.968483e+02
15.0487 -9.577792e+05 4.975292e+02
15.0638 -6.301002e+05 3.823927e+02
15.0789 -6.956352e+05 2.591566e+02
15.0940 -1.058112e+05 1.358480e+02
15.1091 2.525778e+04 1.999697e+01
15.1242 -2.368862e+05 -8.207587e+01
15.1393 -4.027822e+04 -1.657995e+02
15.1544 4.184738e+05 -2.286685e+02
15.1695 3.529398e+05 -2.703097e+02
15.1845 4.840118e+05 -2.923097e+02
15.1996 1.008298e+06 -2.978379e+02
15.2147 6.150848e+05 -2.911251e+02
15.2298 4.184768e+05 -2.768709e+02
15.2449 2.874028e+05 -2.596560e+02
15.2600 -2.368832e+05 -2.434300e+02
15.2751 -1.088853e+06 -2.311317e+02
15.2902 -1.482067e+06 -2.244750e+02
15.3053 -1.350998e+06 -2.239151e+02
15.3204 -1.547604e+06 -2.287796e+02
15.3355 -1.547605e+06 -2.375364e+02
15.3506 -1.088852e+06 -2.481492e+02
15.3657 -5.645642e+05 -2.584683e+02
15.3808 -2.368842e+05 -2.666010e+02
15.3959 -2.368842e+05 -2.712158e+02
15.4110 -4.027822e+04 -2.717432e+02
15.4261 9.079378e+04 -2.684528e+02
15.4411 2.218668e+05 -2.624041e+02
15.4562 2.218688e+05 -2.552822e+02
15.4713 -4.027722e+04 -2.491442e+02
15.4864 2.525978e+04 -2.461113e+02
15.5015 -2.368832e+05 -2.480464e+02
15.5166 -8.267072e+05 -2.562565e+02
15.5317 -3.679582e+05 -2.712560e+02
15.5468 -1.058122e+05 -2.926189e+02
15.5619 -3.679562e+05 -3.189368e+02
15.5770 -7.611722e+05 -3.478908e+02
15.5921 7.461558e+05 -3.764306e+02
15.6072 7.103146e+06 -4.010450e+02
15.6223 -5.414228e+06 -4.180986e+02
15.6374 -1.713502e+05 -4.242024e+02
15.6525 1.270445e+06 -4.165812e+02
15.6676 -1.154388e+06 -3.934013e+02
15.6826 -8.267082e+05 -3.540222e+02
15.6977 2.525878e+04 -2.991436e+02
15.7128 9.079378e+04 -2.308275e+02
15.7279 -1.058142e+05 -1.523849e+02
15.7430 -4.027722e+04 -6.813148e+01
15.7581 9.079678e+04 1.697080e+01
15.7732 1.563318e+05 9.775657e+01
15.7883 9.079678e+04 1.693427e+02
15.8034 -3.024222e+05 2.276092e+02
15.8185 -1.713472e+05 2.696240e+02
15.8336 -1.713482e+05 2.939646e+02
15.8487 -1.713472e+05 3.008948e+02
15.8638 2.525778e+04 2.923723e+02
15.8789 -4.027722e+04 2.718771e+02
15.8940 9.079678e+04 2.440713e+02
15.9091 1.563328e+05 2.143217e+02
15.9242 -4.027522e+04 1.881318e+02
15.9392 1.563298e+05 1.705436e+02
15.9543 2.218658e+05 1.655752e+02
15.9694 2.218658e+05 1.757584e+02
15.9845 2.525978e+04 2.018307e+02
15.9996 9.079478e+04 2.426203e+02
16.0147 1.563328e+05 2.951409e+02
16.0298 9.079578e+04 3.548884e+02
16.0449 3.529398e+05 4.163073e+02
16.0600 7.461558e+05 4.733762e+02
16.0751 -5.645662e+05 5.202457e+02
16.0902 3.105450e+06 5.518552e+02
16.1053 9.593514e+06 5.644595e+02
16.1204 2.319021e+06 5.560056e+02
16.1355 -5.414229e+06 5.263196e+02
16.1506 -1.285461e+06 4.770861e+02
16.1657 -7.611712e+05 4.116275e+02
16.1808 -8.267082e+05 3.345144e+02
16.1958 -7.611712e+05 2.510590e+02
16.2109 -4.990292e+05 1.667514e+02
16.2260 -3.679572e+05 8.670909e+01
16.2411 -2.368832e+05 1.519955e+01
16.2562 -4.027622e+04 -4.471173e+01
16.2713 1.563318e+05 -9.135606e+01
16.2864 -4.027722e+04 -1.244871e+02
16.3015 1.563308e+05 -1.451468e+02
16.3166 2.218688e+05 -1.554004e+02
16.3317 8.116908e+05 -1.579823e+02
16.3468 1.467050e+06 -1.559033e+02
16.3619 1.729194e+06 -1.520699e+02
16.3770 1.270443e+06 -1.489599e+02
16.3921 5.495478e+05 -1.483874e+02
16.4072 9.079378e+04 -1.513774e+02
16.4223 -1.023317e+06 -1.581522e+02
16.4373 -1.482068e+06 -1.682194e+02
16.4524 -1.482067e+06 -1.805387e+02
16.4675 -1.809747e+06 -1.937388e+02
16.4826 -8.267092e+05 -2.063504e+02
16.4977 -3.024202e+05 -2.170275e+02
16.5128 -3.679562e+05 -2.247303e+02
16.5279 -3.024212e+05 -2.288547e+02
16.5430 -4.334912e+05 -2.292983e+02
16.5581 -1.058142e+05 -2.264643e+02
16.5732 -3.024192e+05 -2.212097e+02
16.5883 -3.024212e+05 -2.147475e+02
16.6034 -1.713502e+05 -2.085176e+02
16.6185 -1.058122e+05 -2.040381e+02
16.6336 2.525878e+04 -2.027502e+02
16.6487 -1.058132e+05 -2.058664e+02
16.6638 9.079378e+04 -2.142316e+02
16.6789 2.525978e+04 -2.282037e+02
16.6939 -3.679552e+05 -2.475640e+02
16.7090 -4.990292e+05 -2.714632e+02
16.7241 -2.368862e+05 -2.984124e+02
16.7392 -4.027722e+04 -3.263265e+02
16.7543 1.563298e+05 -3.526268e+02
16.7694 -1.058142e+05 -3.744017e+02
16.7845 -3.024212e+05 -3.886248e+02
16.7996 -1.713472e+05 -3.924166e+02
16.8147 2.874018e+05 -3.833320e+02
16.8298 -4.027622e+04 -3.596462e+02
16.8449 -3.679552e+05 -3.206075e+02
16.8600 -1.713472e+05 -2.666248e+02
16.8751 -3.024212e+05 -1.993577e+02
16.8902 9.079478e+04 -1.216862e+02
16.9053 9.079478e+04 -3.754858e+01
16.9204 -4.027822e+04 4.834934e+01
16.9354 2.218658e+05 1.309345e+02
16.9505 9.079678e+04 2.052398e+02
16.9656 -4.027522e+04 2.669031e+02
16.9807 -1.058122e+05 3.126342e+02
16.9958 -1.713502e+05 3.405945e+02
17.0109 -3.024222e+05 3.506381e+02
17.0260 -5.645642e+05 3.443766e+02
17.0411 -6.301012e+05 3.250516e+02
17.0562 -1.713492e+05 2.972184e+02
17.0713 2.525778e+04 2.662704e+02
17.0864 -1.058132e+05 2.378543e+02
17.1015 9.079578e+04 2.172398e+02
17.1166 -1.713492e+05 2.087179e+02
17.1317 9.079578e+04 2.150994e+02
17.1468 -4.027622e+04 2.373741e+02
17.1619 -1.713502e+05 2.745744e+02
17.1770 -2.368852e+05 3.238613e+02
17.1920 -4.334922e+05 3.808251e+02
17.2071 -1.713472e+05 4.399665e+02
17.2222 4.184758e+05 4.953005e+02
17.2373 -3.679582e+05 5.410131e+02
17.2524 8.772278e+05 5.720929e+02
17.2675 8.610477e+06 5.848640e+02
17.2826 6.251181e+06 5.773591e+02
17.2977 -5.414227e+06 5.494927e+02
17.3128 -3.120469e+06 5.030197e+02
17.3279 -7.611722e+05 4.412884e+02
17.3430 -1.023318e+06 3.688247e+02
17.3581 -8.922432e+05 2.908024e+02
17.3732 -3.679562e+05 2.124644e+02
17.3883 -4.990282e+05 1.385666e+02
17.4034 -5.645652e+05 7.290726e+01
17.4185 -3.024192e+05 1.799413e+01
17.4336 9.079578e+04 -2.511913e+01
17.4486 9.079678e+04 -5.681721e+01
17.4637 1.563328e+05 -7.873972e+01
17.4788 7.461558e+05 -9.346258e+01
17.4939 6.806198e+05 -1.040903e+02
17.5090 1.204907e+06 -1.138138e+02
17.5241 1.401517e+06 -1.254899e+02
17.5392 1.532587e+06 -1.412919e+02
17.5543 1.663658e+06 -1.624703e+02
17.5694 4.840098e+05 -1.892462e+02
17.5845 -9.577822e+05 -2.208429e+02
17.5996 -1.482068e+06 -2.556446e+02
17.6147 -1.416532e+06 -2.914563e+02
17.6298 -1.219923e+06 -3.258283e+02
17.6449 -1.023318e+06 -3.564011e+02
17.6600 -5.645632e+05 -3.812301e+02
17.6751 -5.645652e+05 -3.990491e+02
17.6901 -3.024212e+05 -4.094416e+02
17.7052 -3.024212e+05 -4.129026e+02
17.7203 -4.334912e+05 -4.107828e+02
17.7354 -2.368832e+05 -4.051230e+02
17.7505 -2.368832e+05 -3.983977e+02
17.7656 -1.058142e+05 -3.931962e+02
17.7807 -4.027822e+04 -3.918787e+02
17.7958 -4.990272e+05 -3.962427e+02
17.8109 -4.334922e+05 -4.072424e+02
17.8260 -1.058142e+05 -4.247902e+02
17.8411 -3.024202e+05 -4.476684e+02
17.8562 -3.024202e+05 -4.735664e+02
17.8713 -3.679552e+05 -4.992442e+02
17.8864 -2.368862e+05 -5.208127e+02
17.9015 -4.027622e+04 -5.341071e+02
17.9166 2.218658e+05 -5.351188e+02
17.9317 2.525878e+04 -5.204423e+02
17.9467 -4.027522e+04 -4.876913e+02
17.9618 2.525778e+04 -4.358351e+02
17.9769 2.218658e+05 -3.654165e+02
17.9920 -4.027622e+04 -2.786180e+02
18.0071 9.079678e+04 -1.791618e+02
18.0222 3.529378e+05 -7.204273e+01
18.0373 9.079478e+04 3.688619e+01
18.0524 6.150818e+05 1.414381e+02
18.0675 9.427618e+05 2.356765e+02
18.0826 1.008300e+06 3.144979e+02
18.0977 1.270443e+06 3.741497e+02
18.1128 1.270444e+06 4.126239e+02
18.1279 1.335979e+06 4.298777e+02
18.1430 1.204906e+06 4.278512e+02
18.1581 1.139373e+06 4.102741e+02
18.1732 1.008301e+06 3.822751e+02
18.1882 1.008300e+06 3.498356e+02
18.2033 1.073836e+06 3.191426e+02
18.2184 8.772268e+05 2.959152e+02
18.2335 2.218668e+05 2.847772e+02
18.2486 2.874038e+05 2.887507e+02
18.2637 4.840128e+05 3.089280e+02
18.2788 2.218688e+05 3.443604e+02
18.2939 4.184748e+05 3.921774e+02
18.3090 5.495468e+05 4.479222e+02
18.3241 4.840118e+05 5.060631e+02
18.3392 4.184768e+05 5.606203e+02
18.3543 -1.713482e+05 6.058337e+02
18.3694 5.399210e+06 6.367923e+02
18.3845 1.005227e+07 6.499520e+02
18.3996 -2.465107e+06 6.434840e+02
18.4147 -5.348694e+06 6.174146e+02
18.4298 -1.088851e+06 5.735472e+02
18.4448 -1.482067e+06 5.151826e+02
18.4599 -8.922442e+05 4.466770e+02
18.4750 -5.645662e+05 3.728989e+02
18.4901 -4.334942e+05 2.986550e+02
18.5052 -3.024192e+05 2.281565e+02
18.5203 9.079678e+04 1.645921e+02
18.5354 3.529388e+05 1.098541e+02
18.5505 -2.368832e+05 6.444622e+01
18.5656 1.563328e+05 2.757509e+01
18.5807 2.218678e+05 -2.597049e+00
18.5958 1.563308e+05 -2.857951e+01
18.6109 8.116908e+05 -5.311706e+01
18.6260 1.008300e+06 -7.875287e+01
18.6411 1.139371e+06 -1.074506e+02
18.6562 1.073836e+06 -1.403251e+02
18.6713 8.116898e+05 -1.775140e+02
18.6864 -3.679562e+05 -2.182034e+02
18.7014 -1.219923e+06 -2.607962e+02
18.7165 -1.219925e+06 -3.031942e+02
18.7316 -1.285462e+06 -3.431487e+02
18.7467 -1.023315e+06 -3.786259e+02
18.7618 -5.645652e+05 -4.081325e+02
18.7769 -3.679582e+05 -4.309527e+02
18.7920 -7.611722e+05 -4.472617e+02
18.8071 -6.301002e+05 -4.580981e+02
18.8222 -4.334912e+05 -4.651979e+02
18.8373 -1.713482e+05 -4.707124e+02
18.8524 -3.024212e+05 -4.768489e+02
18.8675 -3.679552e+05 -4.854837e+02
18.8826 -3.679562e+05 -4.978030e+02
18.8977 -5.645632e+05 -5.140243e+02
18.9128 -1.058112e+05 -5.332388e+02
18.9279 2.526078e+04 -5.534063e+02
18.9429 2.525778e+04 -5.715063e+02
18.9580 -1.058122e+05 -5.838379e+02
18.9731 2.874028e+05 -5.864340e+02
18.9882 -4.027522e+04 -5.755446e+02
19.0033 -1.713472e+05 -5.481317e+02
19.0184 -2.368862e+05 -5.023139e+02
19.0335 -4.990282e+05 -4.377063e+02
19.0486 -6.301002e+05 -3.556069e+02
19.0637 -3.024192e+05 -2.590024e+02
19.0788 -2.368852e+05 -1.523827e+02
19.0939 -3.679562e+05 -4.137877e+01
19.1090 -2.368852e+05 6.774320e+01
19.1241 9.079478e+04 1.686787e+02
19.1392 -1.058122e+05 2.557093e+02
19.1543 -3.679562e+05 3.242852e+02
19.1694 -4.990282e+05 3.715009e+02
19.1845 -1.713492e+05 3.964073e+02
19.1995 -1.058132e+05 4.001220e+02
19.2146 -3.679572e+05 3.857221e+02
19.2297 2.874018e+05 3.579253e+02
19.2448 1.563328e+05 3.225930e+02
19.2599 1.563308e+05 2.861055e+02
19.2750 2.218658e+05 2.546786e+02
19.2901 -4.027822e+04 2.336947e+02
19.3052 -2.368832e+05 2.271238e+02
19.3203 -1.713472e+05 2.370994e+02
19.3354 -2.368842e+05 2.636947e+02
19.3505 -3.679562e+05 3.049274e+02
19.3656 -2.368862e+05 3.569887e+02
19.3807 -2.368832e+05 4.146727e+02
19.3958 -5.645642e+05 4.719539e+02
19.4109 -6.956352e+05 5.226483e+02
19.4260 1.139370e+06 5.610811e+02
19.4411 8.938155e+06 5.826850e+02
19.4561 4.285099e+06 5.844625e+02
19.4712 -6.790484e+06 5.652636e+02
19.4863 -3.186005e+06 5.258486e+02
19.5014 -1.809749e+06 4.687392e+02
19.5165 -1.416533e+06 3.978794e+02
19.5316 -6.956372e+05 3.181541e+02
19.5467 -4.334942e+05 2.348279e+02
19.5618 -1.058112e+05 1.529755e+02
19.5769 -1.713502e+05 7.697088e+01
19.5920 -2.368852e+05 1.009533e+01
19.6071 -2.368852e+05 -4.569459e+01
19.6222 -3.024212e+05 -8.982013e+01
19.6373 9.079478e+04 -1.229599e+02
19.6524 4.184768e+05 -1.467834e+02
19.6675 4.840098e+05 -1.635845e+02
19.6826 1.139372e+06 -1.758716e+02
19.6976 1.335980e+06 -1.859753e+02
19.7127 1.335979e+06 -1.957276e+02
19.7278 7.461568e+05 -2.062540e+02
19.7429 -2.368862e+05 -2.179031e+02
19.7580 -1.285461e+06 -2.303136e+02
19.7731 -1.744214e+06 -2.426022e+02
19.7882 -1.744212e+06 -2.536329e+02
19.8033 -1.547605e+06 -2.623233e+02
19.8184 -1.088851e+06 -2.679320e+02
19.8335 -1.154388e+06 -2.702808e+02
19.8486 -1.088851e+06 -2.698717e+02
19.8637 -4.990302e+05 -2.678791e+02
19.8788 2.525778e+04 -2.660128e+02
19.8939 -3.679582e+05 -2.662721e+02
19.9090 -3.679562e+05 -2.706240e+02
19.9241 -1.713502e+05 -2.806536e+02
19.9392 9.079678e+04 -2.972384e+02
19.9542 2.525778e+04 -3.202975e+02
19.9693 -1.713502e+05 -3.486562e+02
19.9844 -2.368842e+05 -3.800514e+02
19.9995 -3.679552e+05 -4.112851e+02
20.0146 -3.024202e+05 -4.385136e+02
20.0297 -1.713492e+05 -4.576398e+02
20.0448 2.218658e+05 -4.647652e+02
20.0599 2.525878e+04 -4.566458e+02
20.0750 -1.713472e+05 -4.310992e+02
20.0901 -2.368842e+05 -3.873110e+02
20.1052 -4.990302e+05 -3.260040e+02
20.1203 -3.024202e+05 -2.494482e+02
20.1354 -3.679562e+05 -1.613066e+02
20.1505 -1.058122e+05 -6.633339e+01
20.1656 -4.027822e+04 3.004502e+01
20.1807 -2.368832e+05 1.222222e+02
20.1957 -1.713492e+05 2.049262e+02
20.2108 9.079578e+04 2.737036e+02
20.2259 3.529398e+05 3.253253e+02
20.2410 6.150828e+05 3.580735e+02
20.2561 5.495478e+05 3.718848e+02
20.2712 1.563328e+05 3.683358e+02
20.2863 1.563318e+05 3.504752e+02
20.3014 2.218668e+05 3.225206e+02
20.3165 -1.058142e+05 2.894482e+02
20.3316 9.079578e+04 2.565159e+02
20.3467 -4.027522e+04 2.287628e+02
20.3618 -4.027622e+04 2.105307e+02
20.3769 -1.713472e+05 2.050512e+02
20.3920 -1.058142e+05 2.141340e+02
20.4071 -2.368832e+05 2.379861e+02
20.4222 -2.368862e+05 2.751776e+02
20.4373 -1.713492e+05 3.227588e+02
20.4523 2.525778e+04 3.765196e+02
20.4674 -1.713472e+05 4.313690e+02
20.4825 -4.027722e+04 4.818025e+02
20.4976 6.120107e+06 5.224151e+02
20.5127 9.134762e+06 5.484125e+02
20.5278 -2.989396e+06 5.560711e+02
20.5429 -4.824405e+06 5.431035e+02
20.5580 -2.006356e+06 5.088891e+02
20.5731 -1.023315e+06 4.545468e+02
20.5882 -9.577812e+05 3.828371e+02
20.6033 -6.301012e+05 2.979041e+02
20.6184 -3.679562e+05 2.048776e+02
20.6335 -4.990302e+05 1.093788e+02
20.6486 -3.679582e+05 1.697979e+01
20.6637 2.526078e+04 -6.732520e+01
20.6788 1.563308e+05 -1.395783e+02
20.6939 9.079678e+04 -1.971961e+02
20.7089 3.529388e+05 -2.391482e+02
20.7240 8.116908e+05 -2.659593e+02
20.7391 1.270443e+06 -2.795337e+02
20.7542 1.401515e+06 -2.828283e+02
20.7693 1.532586e+06 -2.794150e+02
20.7844 1.598124e+06 -2.729895e+02
20.7995 7.461538e+05 -2.668886e+02
20.8146 -6.301002e+05 -2.636809e+02
20.8297 -1.023317e+06 -2.648809e+02
20.8448 -1.678678e+06 -2.708234e+02
20.8599 -1.219926e+06 -2.807135e+02
20.8750 -1.219924e+06 -2.928412e+02
20.8901 -9.577792e+05 -3.049289e+02
20.9052 -3.679552e+05 -3.145599e+02
20.9203 -3.679562e+05 -3.196259e+02
20.9354 -4.334942e+05 -3.187248e+02
20.9504 -3.024192e+05 -3.114516e+02
20.9655 2.525978e+04 -2.985341e+02
20.9806 -4.027522e+04 -2.817915e+02
20.9957 2.525878e+04 -2.639148e+02
21.0108 -1.713502e+05 -2.480973e+02
21.0259 -1.058132e+05 -2.375622e+02
21.0410 4.184748e+05 -2.350534e+02
21.0561 9.079378e+04 -2.423604e+02
21.0712 -1.058112e+05 -2.599453e+02
21.0863 2.526078e+04 -2.867318e+02
21.1014 2.218678e+05 -3.200888e+02
21.1165 9.079378e+04 -3.560233e+02
21.1316 -4.027522e+04 -3.895631e+02
21.1467 9.079678e+04 -4.152894e+02
21.1618 1.563318e+05 -4.279559e+02
21.1769 2.218688e+05 -4.231191e+02
21.1920 2.525778e+04 -3.977027e+02
21.2070 2.874028e+05 -3.504251e+02
21.2221 2.874048e+05 -2.820350e+02
21.2372 2.874018e+05 -1.953247e+02
21.2523 -1.058132e+05 -9.491510e+01
21.2674 2.874028e+05 1.316477e+01
21.2825 2.525978e+04 1.220563e+02
21.2976 -3.024192e+05 2.247446e+02
21.3127 -1.713492e+05 3.147503e+02
21.3278 9.079678e+04 3.867644e+02
21.3429 1.563318e+05 4.371585e+02
21.3580 -2.368832e+05 4.643160e+02
21.3731 -4.027522e+04 4.687540e+02
21.3882 5.495468e+05 4.530273e+02
21.4033 9.079578e+04 4.214290e+02
21.4184 -2.368842e+05 3.795249e+02
21.4335 -2.368832e+05 3.335747e+02
21.4486 -1.713502e+05 2.898992e+02
21.4636 2.218658e+05 2.542617e+02
21.4787 1.563328e+05 2.313198e+02
21.4938 -3.024202e+05 2.242015e+02
21.5089 -1.058132e+05 2.342387e+02
21.5240 -4.027622e+04 2.608785e+02
21.5391 -4.334932e+05 3.017744e+02
21.5542 -4.027822e+04 3.530397e+02
21.5693 -4.027622e+04 4.096374e+02
21.5844 9.079678e+04 4.658635e+02
21.5995 -4.334912e+05 5.158805e+02
21.6146 3.760813e+06 5.542489e+02
21.6297 9.724588e+06 5.764132e+02
21.6448 6.150838e+05 5.790988e+02
21.6599 -5.872981e+06 5.605886e+02
21.6750 -1.482068e+06 5.208563e+02
21.6901 -8.922462e+05 4.615482e+02
21.7051 -6.956352e+05 3.858172e+02
21.7202 -4.990302e+05 2.980260e+02
21.7353 -3.679582e+05 2.033468e+02
21.7504 -1.058132e+05 1.072960e+02
21.7655 -3.679562e+05 1.524662e+01
21.7806 -4.334912e+05 -6.803421e+01
21.7957 2.525978e+04 -1.387810e+02
21.8108 -3.679572e+05 -1.945190e+02
21.8259 -3.024192e+05 -2.342196e+02
21.8410 2.526078e+04 -2.583082e+02
21.8561 4.840128e+05 -2.685253e+02
21.8712 7.461558e+05 -2.676566e+02
21.8863 9.427648e+05 -2.591644e+02
21.9014 1.073834e+06 -2.467615e+02
21.9165 6.806178e+05 -2.339768e+02
21.9316 -1.058132e+05 -2.237625e+02
21.9467 -1.350998e+06 -2.181892e+02
21.9617 -1.547605e+06 -2.182627e+02
21.9768 -1.744214e+06 -2.238835e+02
21.9919 -1.285462e+06 -2.339514e+02
22.0070 -1.154389e+06 -2.466003e+02
22.0221 -1.023316e+06 -2.595302e+02
22.0372 -6.301012e+05 -2.703927e+02
22.0523 -1.713482e+05 -2.771774e+02
22.0674 -2.368832e+05 -2.785478e+02
22.0825 -4.334912e+05 -2.740803e+02
22.0976 -4.027622e+04 -2.643724e+02
22.1127 -3.024192e+05 -2.510051e+02
22.1278 -1.713472e+05 -2.363602e+02
22.1429 -1.713502e+05 -2.233149e+02
22.1580 -1.058132e+05 -2.148531e+02
22.1731 -1.058142e+05 -2.136406e+02
22.1882 -4.027622e+04 -2.216203e+02
22.2032 2.218658e+05 -2.396812e+02
22.2183 2.526078e+04 -2.674432e+02
22.2334 1.563308e+05 -3.031900e+02
22.2485 2.218658e+05 -3.439613e+02
22.2636 2.874048e+05 -3.857967e+02
22.2787 3.529398e+05 -4.241068e+02
22.2938 3.529408e+05 -4.541303e+02
22.3089 9.079578e+04 -4.714257e+02
22.3240 2.218668e+05 -4.723458e+02
22.3391 9.079478e+04 -4.544390e+02
22.3542 9.079378e+04 -4.167386e+02
22.3693 2.218688e+05 -3.599053e+02
22.3844 2.526078e+04 -2.862123e+02
22.3995 2.218658e+05 -1.993717e+02
22.4146 3.529388e+05 -1.042239e+02
22.4297 2.874018e+05 -6.319928e+00
22.4448 1.563308e+05 8.856207e+01
22.4598 -2.368842e+05 1.749193e+02
22.4749 -1.713482e+05 2.479992e+02
22.4900 -2.368852e+05 3.042050e+02
22.5051 -2.368842e+05 3.413957e+02
22.5202 1.563328e+05 3.590573e+02
22.5353 -1.058122e+05 3.583303e+02
22.5504 -1.058142e+05 3.418939e+02
22.5655 9.079678e+04 3.137173e+02
22.5806 9.079478e+04 2.786985e+02
22.5957 2.874028e+05 2.422228e+02
22.6108 -4.027722e+04 2.096753e+02
22.6259 2.874018e+05 1.859491e+02
22.6410 3.529378e+05 1.749914e+02
22.6561 2.874048e+05 1.794260e+02
22.6712 2.874028e+05 2.002873e+02
22.6863 1.563328e+05 2.368925e+02
22.7014 2.874018e+05 2.868678e+02
22.7164 -4.027822e+04 3.463305e+02
22.7315 2.874018e+05 4.102172e+02
22.7466 -6.956382e+05 4.727310e+02
22.7617 2.712237e+06 5.278709e+02
22.7768 9.986731e+06 5.699941e+02
22.7919 1.925805e+06 5.943578e+02
22.8070 -5.938515e+06 5.975856e+02
22.8221 -3.775828e+06 5.780095e+02
22.8372 -6.301002e+05 5.358493e+02
22.8523 -1.088851e+06 4.732064e+02
22.8674 -4.334922e+05 3.938696e+02
22.8825 -1.713482e+05 3.029501e+02
22.8976 -2.368862e+05 2.063825e+02
22.9127 -4.027722e+04 1.103442e+02
22.9278 2.525878e+04 2.065821e+01
22.9429 9.079678e+04 -5.775828e+01
22.9579 3.529388e+05 -1.213347e+02
22.9730 9.079478e+04 -1.681308e+02
22.9881 3.529388e+05 -1.979333e+02
23.0032 6.806208e+05 -2.121567e+02
23.0183 8.772278e+05 -2.135658e+02
23.0334 1.270444e+06 -2.058565e+02
23.0485 1.139370e+06 -1.931507e+02
23.0636 7.461538e+05 -1.794695e+02
23.0787 -1.713472e+05 -1.682504e+02
23.0938 -1.350995e+06 -1.619679e+02
23.1089 -1.875286e+06 -1.619016e+02
23.1240 -1.482068e+06 -1.680764e+02
23.1391 -1.023316e+06 -1.793753e+02
23.1542 -1.154388e+06 -1.938031e+02
23.1693 -1.023318e+06 -2.088607e+02
23.1844 -7.611712e+05 -2.219742e+02
23.1995 -7.611712e+05 -2.309195e+02
23.2145 -5.645642e+05 -2.341836e+02
23.2296 -1.713472e+05 -2.312154e+02
23.2447 -1.058112e+05 -2.225328e+02
23.2598 -1.058142e+05 -2.096756e+02
23.2749 -3.024222e+05 -1.950118e+02
23.2900 -3.024192e+05 -1.814255e+02
23.3051 -3.024222e+05 -1.719289e+02
23.3202 -4.334932e+05 -1.692480e+02
23.3353 -3.024202e+05 -1.754365e+02
23.3504 -3.024202e+05 -1.915627e+02
23.3655 -1.713492e+05 -2.175094e+02
23.3806 -3.024212e+05 -2.519056e+02
23.3957 -3.024222e+05 -2.921994e+02
23.4108 9.079678e+04 -3.348602e+02
23.4259 -1.058142e+05 -3.756874e+02
23.4410 -1.713482e+05 -4.101926e+02
23.4561 2.525978e+04 -4.340156e+02
23.4711 4.184738e+05 -4.433351e+02
23.4862 3.529398e+05 -4.352359e+02
23.5013 -4.027522e+04 -4.080020e+02
23.5164 -1.713492e+05 -3.613110e+02
23.5315 -1.713472e+05 -2.963161e+02
23.5466 2.525878e+04 -2.156083e+02
23.5617 1.563308e+05 -1.230613e+02
23.5768 2.218678e+05 -2.356863e+01
23.5919 3.529398e+05 7.730990e+01
23.6070 2.526078e+04 1.737714e+02
23.6221 9.079478e+04 2.602330e+02
23.6372 4.184758e+05 3.318020e+02
23.6523 3.529388e+05 3.847166e+02
23.6674 1.563328e+05 4.167174e+02
23.6825 -3.024212e+05 4.273122e+02
23.6976 -1.058142e+05 4.178999e+02
23.7126 2.218688e+05 3.917284e+02
23.7277 -1.058132e+05 3.536721e+02
23.7428 -1.713492e+05 3.098356e+02
23.7579 -4.027822e+04 2.670042e+02
23.7730 -4.027522e+04 2.319823e+02
23.7881 -1.058122e+05 2.108818e+02
23.8032 2.525878e+04 2.084302e+02
23.8183 -4.027622e+04 2.273762e+02
23.8334 -3.024212e+05 2.680683e+02
23.8485 -2.368852e+05 3.282661e+02
23.8636 -5.645632e+05 4.032252e+02
23.8787 -1.713482e+05 4.860641e+02
23.8938 -1.023316e+06 5.683912e+02
23.9089 1.204907e+06 6.411348e+02
23.9240 8.807084e+06 6.954917e+02
23.9391 4.612780e+06 7.238887e+02
23.9542 -1.744214e+06 7.208464e+02
23.9692 -4.955475e+06 6.836358e+02
23.9843 -8.267072e+05 6.126449e+02
23.9994 -8.267072e+05 5.114039e+02
24.0145 -5.645662e+05 3.862493e+02
24.0296 -3.679582e+05 2.456663e+02
24.0447 -1.713482e+05 9.938112e+01
24.0598 -3.679572e+05 -4.268968e+01
24.0749 -2.368832e+05 -1.715066e+02
24.0900 1.563328e+05 -2.798580e+02
24.1051 3.529388e+05 -3.630767e+02
24.1202 4.840128e+05 -4.194342e+02
24.1353 6.806198e+05 -4.501649e+02
24.1504 6.806188e+05 -4.591225e+02
24.1655 8.116918e+05 -4.521176e+02
24.1806 9.427628e+05 -4.360300e+02
24.1957 8.772278e+05 -4.178155e+02
24.2107 8.116928e+05 -4.035454e+02
24.2258 3.529378e+05 -3.976045e+02
24.2409 -8.922432e+05 -4.021572e+02
24.2560 -1.350998e+06 -4.169476e+02
24.2711 -1.416531e+06 -4.394560e+02
24.2862 -1.154389e+06 -4.653824e+02
24.3013 -1.285460e+06 -4.893837e+02
24.3164 -8.267072e+05 -5.059547e+02
24.3315 -6.956372e+05 -5.103256e+02
24.3466 -8.267092e+05 -4.992490e+02
24.3617 -3.679552e+05 -4.715622e+02
24.3768 -3.024212e+05 -4.284499e+02
24.3919 -2.368842e+05 -3.733688e+02
24.4070 -3.679582e+05 -3.116495e+02
24.4221 -1.058122e+05 -2.498309e+02
24.4372 -1.058122e+05 -1.948211e+02
24.4523 -1.058142e+05 -1.530011e+02
24.4673 -4.334942e+05 -1.293915e+02
24.4824 -1.713502e+05 -1.269920e+02
24.4975 -3.024212e+05 -1.463782e+02
24.5126 -2.368852e+05 -1.856009e+02
24.5277 -6.956382e+05 -2.403935e+02
24.5428 3.529408e+05 -3.046509e+02
24.5579 -1.088851e+06 -3.711094e+02
24.5730 7.955115e+06 -4.321361e+02
24.5881 -2.661715e+06 -4.805244e+02
24.6032 -1.547603e+06 -5.102007e+02
24.6183 6.150818e+05 -5.167658e+02
24.6334 -3.024192e+05 -4.978192e+02
24.6485 -5.645652e+05 -4.530496e+02
24.6636 -4.990302e+05 -3.841069e+02
24.6787 -6.300992e+05 -2.942930e+02
24.6938 -5.645632e+05 -1.881332e+02
24.7089 -4.027622e+04 -7.089144e+01
24.7239 2.525778e+04 5.190741e+01
24.7390 -1.058112e+05 1.748966e+02
24.7541 -1.058132e+05 2.931968e+02
24.7692 -4.334932e+05 4.026421e+02
24.7843 -2.368842e+05 4.999084e+02
24.7994 -1.713502e+05 5.825647e+02
24.8145 -6.300992e+05 6.490719e+02
24.8296 -1.713482e+05 6.987559e+02
24.8447 -2.368832e+05 7.317738e+02
24.8598 -2.368852e+05 7.490797e+02
24.8749 -1.058122e+05 7.523876e+02
24.8900 -1.058112e+05 7.441136e+02
24.9051 4.840108e+05 7.272795e+02
24.9202 2.218678e+05 7.053562e+02
24.9353 -4.027522e+04 6.820350e+02
24.9504 2.525978e+04 6.609277e+02
24.9654 2.874018e+05 6.452136e+02
24.9805 9.079678e+04 6.372667e+02
24.9956 2.525978e+04 6.383106e+02
25.0107 7.461548e+05 6.481553e+02
25.0258 -8.267092e+05 6.650680e+02
25.0409 1.794731e+06 6.858161e+02
25.0560 8.872620e+06 7.059037e+02
25.0711 8.544941e+06 7.199944e+02
25.0862 -2.268502e+06 7.224842e+02
25.1013 -5.021014e+06 7.081647e+02
25.1164 -1.350997e+06 6.728957e+02
25.1315 -1.350998e+06 6.141988e+02
25.1466 -1.023316e+06 5.316866e+02
25.1617 -7.611722e+05 4.272605e+02
25.1768 -4.990292e+05 3.050368e+02
25.1919 -4.990272e+05 1.709973e+02
25.2070 9.079378e+04 3.239854e+01
25.2220 -1.713472e+05 -1.029924e+02
25.2371 -1.058122e+05 -2.277386e+02
25.2522 -4.027722e+04 -3.355442e+02
25.2673 -1.058132e+05 -4.219254e+02
25.2824 4.840098e+05 -4.846536e+02
25.2975 9.427628e+05 -5.239108e+02
25.3126 1.270443e+06 -5.421351e+02
25.3277 1.598123e+06 -5.435824e+02
25.3428 1.401516e+06 -5.336649e+02
25.3579 3.529388e+05 -5.181626e+02
25.3730 -7.611732e+05 -5.024197e+02
25.3881 -1.219923e+06 -4.906407e+02
25.4032 -1.154388e+06 -4.853852e+02
25.4183 -8.922462e+05 -4.873292e+02
25.4334 -8.922452e+05 -4.953246e+02
25.4485 -1.023317e+06 -5.067397e+02
25.4635 -9.577822e+05 -5.180238e+02
25.4786 -5.645662e+05 -5.254068e+02
25.4937 -6.956372e+05 -5.256208e+02
25.5088 -4.990282e+05 -5.165321e+02
25.5239 -1.713502e+05 -4.975831e+02
25.5390 -4.027822e+04 -4.699725e+02
25.5541 2.874018e+05 -4.365449e+02
25.5692 2.525878e+04 -4.014017e+02
25.5843 -2.368852e+05 -3.692911e+02
25.5994 2.525978e+04 -3.448665e+02
25.6145 -1.713502e+05 -3.319271e+02
25.6296 -3.679572e+05 -3.327561e+02
25.6447 -3.024202e+05 -3.476590e+02
25.6598 -1.058112e+05 -3.747778e+02
25.6749 2.218668e+05 -4.102164e+02
25.6900 2.525778e+04 -4.484663e+02
25.7051 3.529388e+05 -4.830796e+02
25.7201 1.563308e+05 -5.074982e+02
25.7352 1.563318e+05 -5.159260e+02
25.7503 1.563318e+05 -5.041234e+02
25.7654 9.079478e+04 -4.700106e+02
25.7805 9.079578e+04 -4.139982e+02
25.7956 9.079678e+04 -3.389930e+02
25.8107 2.874038e+05 -2.500788e+02
25.8258 4.184768e+05 -1.539111e+02
25.8409 2.874018e+05 -5.790725e+01
25.8560 -4.027822e+04 3.066362e+01
25.8711 2.218688e+05 1.055686e+02
25.8862 9.079678e+04 1.623636e+02
25.9013 2.874048e+05 1.989132e+02
25.9164 2.218678e+05 2.156146e+02
25.9315 -2.368852e+05 2.153002e+02
25.9466 2.218658e+05 2.028375e+02
25.9617 2.525978e+04 1.844825e+02
25.9767 -1.058122e+05 1.670732e+02
25.9918 -1.058142e+05 1.571678e+02
26.0069 -4.990272e+05 1.602366e+02
26.0220 -3.024202e+05 1.800045e+02
26.0371 -2.368862e+05 2.180214e+02
26.0522 -2.368842e+05 2.735035e+02
26.0673 -1.713502e+05 3.434554e+02
26.0824 2.525878e+04 4.230474e+02
26.0975 -1.713492e+05 5.061903e+02
26.1126 -1.058142e+05 5.862338e+02
26.1277 9.079378e+04 6.567016e+02
26.1428 9.079578e+04 7.119719e+02
26.1579 9.079378e+04 7.478314e+02
26.1730 -4.990292e+05 7.618490e+02
26.1881 5.268139e+06 7.535347e+02
26.2032 8.938156e+06 7.242815e+02
26.2182 4.088493e+06 6.771114e+02
26.2333 -6.200662e+06 6.162675e+02
26.2484 -2.923859e+06 5.467068e+02
26.2635 -1.482067e+06 4.735582e+02
26.2786 -1.285462e+06 4.016043e+02
26.2937 -3.024192e+05 3.348420e+02
26.3088 -4.990282e+05 2.761618e+02
26.3239 -8.267072e+05 2.271701e+02
26.3390 -4.334942e+05 1.881605e+02
26.3541 -1.713502e+05 1.582265e+02
26.3692 2.525878e+04 1.354916e+02
26.3843 -1.058112e+05 1.174249e+02
26.3994 2.525878e+04 1.012022e+02
26.4145 2.874028e+05 8.407197e+01
26.4296 5.495488e+05 6.368901e+01
26.4447 6.150848e+05 3.838134e+01
26.4598 6.806208e+05 7.326860e+00
26.4748 8.772278e+05 -2.937585e+01
26.4899 6.150848e+05 -7.074623e+01
26.5050 -1.058132e+05 -1.150628e+02
26.5201 -1.154390e+06 -1.600894e+02
26.5352 -1.219924e+06 -2.033614e+02
26.5503 -8.267102e+05 -2.424992e+02
26.5654 -1.154389e+06 -2.755130e+02
26.5805 -4.990282e+05 -3.010638e+02
26.5956 -7.611722e+05 -3.186487e+02
26.6107 -6.956382e+05 -3.286842e+02
26.6258 -4.990292e+05 -3.324746e+02
26.6409 -4.027722e+04 -3.320626e+02
26.6560 -3.024212e+05 -3.299754e+02
26.6711 -4.990272e+05 -3.288915e+02
26.6862 6.150818e+05 -3.312657e+02
26.7013 7.758506e+06 -3.389584e+02
26.7164 -4.234581e+06 -3.529155e+02
26.7314 -1.058122e+05 -3.729466e+02
26.7465 -6.300992e+05 -3.976347e+02
26.7616 -1.088852e+06 -4.244010e+02
26.7767 -3.024212e+05 -4.497273e+02
26.7918 -1.713492e+05 -4.695199e+02
26.8069 -3.024202e+05 -4.795773e+02
26.8220 -1.713492e+05 -4.761113e+02
26.8371 -4.334942e+05 -4.562583e+02
26.8522 -6.301022e+05 -4.185150e+02
26.8673 -6.956352e+05 -3.630392e+02
26.8824 -6.300992e+05 -2.917699e+02
26.8975 -4.334942e+05 -2.083399e+02
26.9126 -3.024212e+05 -1.177824e+02
26.9277 -4.990272e+05 -2.605403e+01
26.9428 -4.334932e+05 6.057241e+01
26.9579 -3.024212e+05 1.361802e+02
26.9729 -3.679572e+05 1.958641e+02
26.9880 -5.645642e+05 2.362905e+02
27.0031 -5.645652e+05 2.560899e+02
27.0182 -4.990272e+05 2.560312e+02
27.0333 -3.679582e+05 2.389507e+02
27.0484 -3.679552e+05 2.094401e+02
27.0635 2.525778e+04 1.733267e+02
27.0786 -4.027522e+04 1.370073e+02
27.0937 1.563318e+05 1.067137e+02
27.1088 2.525878e+04 8.779746e+01
27.1239 -2.368842e+05 8.412236e+01
27.1390 -4.334922e+05 9.763416e+01
27.1541 -3.679552e+05 1.281604e+02
27.1692 -1.058122e+05 1.734608e+02
27.1843 2.874028e+05 2.295197e+02
27.1994 1.563298e+05 2.910380e+02
27.2145 -1.058132e+05 3.520636e+02
27.2295 -1.058132e+05 4.066785e+02
27.2446 -3.679582e+05 4.496565e+02
27.2597 4.350636e+06 4.770142e+02
27.2748 1.070763e+07 4.863890e+02
27.2899 1.563308e+05 4.772076e+02
27.3050 -6.004051e+06 4.506314e+02
27.3201 -1.416533e+06 4.092976e+02
27.3352 -9.577792e+05 3.569010e+02
27.3503 -8.267102e+05 2.976765e+02
27.3654 -6.956352e+05 2.358579e+02
27.3805 -1.713472e+05 1.751826e+02
27.3956 -2.368852e+05 1.185067e+02
27.4107 -1.713492e+05 6.757290e+01
27.4258 2.874028e+05 2.295244e+01
27.4409 4.184738e+05 -1.584413e+01
27.4560 2.874018e+05 -5.011585e+01
27.4710 2.874028e+05 -8.162703e+01
27.4861 4.184748e+05 -1.122277e+02
27.5012 5.495488e+05 -1.434991e+02
27.5163 7.461568e+05 -1.764766e+02
27.5314 1.335979e+06 -2.114902e+02
27.5465 1.204908e+06 -2.481384e+02
27.5616 5.495478e+05 -2.853963e+02
27.5767 2.526078e+04 -3.218291e+02
27.5918 -9.577792e+05 -3.558739e+02
27.6069 -1.613141e+06 -3.861364e+02
27.6220 -1.285459e+06 -4.116516e+02
27.6371 -4.990282e+05 -4.320607e+02
27.6522 -2.368862e+05 -4.476745e+02
27.6673 -5.645652e+05 -4.594065e+02
27.6824 -1.058122e+05 -4.685860e+02
27.6975 2.525778e+04 -4.766789e+02
27.7126 -1.058142e+05 -4.849592e+02
27.7276 -1.713492e+05 -4.941857e+02
27.7427 -4.027722e+04 -5.043390e+02
27.7578 -4.027522e+04 -5.144670e+02
27.7729 -4.027822e+04 -5.226726e+02
27.7880 -1.713472e+05 -5.262568e+02
27.8031 -1.713502e+05 -5.220088e+02
27.8182 -3.679582e+05 -5.066096e+02
27.8333 -1.058142e+05 -4.771008e+02
27.8484 2.526078e+04 -4.313547e+02
27.8635 -1.058112e+05 -3.684808e+02
27.8786 -1.713482e+05 -2.891064e+02
27.8937 2.525778e+04 -1.954879e+02
27.9088 -1.058132e+05 -9.142400e+01
27.9239 2.525778e+04 1.802678e+01
27.9390 2.874048e+05 1.269993e+02
27.9541 2.218668e+05 2.293973e+02
27.9692 -1.058112e+05 3.195232e+02
27.9842 3.529398e+05 3.926882e+02
27.9993 2.218658e+05 4.457263e+02
28.0144 2.525978e+04 4.773481e+02
28.0295 -1.058132e+05 4.882879e+02
28.0446 -1.058112e+05 4.812232e+02
28.0597 -4.027522e+04 4.604728e+02
28.0748 -4.027622e+04 4.315082e+02
28.0899 -1.058112e+05 4.003343e+02
28.1050 9.079478e+04 3.728130e+02
28.1201 5.495468e+05 3.540098e+02
28.1352 2.874048e+05 3.476388e+02
28.1503 9.079378e+04 3.556719e+02
28.1654 -2.368832e+05 3.781543e+02
28.1805 2.525778e+04 4.132445e+02
28.1956 -1.058132e+05 4.574691e+02
28.2107 2.525778e+04 5.061569e+02
28.2257 2.525978e+04 5.539961e+02
28.2408 1.563298e+05 5.956439e+02
28.2559 6.185644e+06 6.263167e+02
28.2710 1.005227e+07 6.422894e+02
28.2861 4.678316e+06 6.412512e+02
28.3012 -6.135126e+06 6.224810e+02
28.3163 -2.596181e+06 5.868317e+02
28.3314 -1.154387e+06 5.365361e+02
28.3465 -6.956362e+05 4.748689e+02
28.3616 -3.679572e+05 4.057144e+02
28.3767 -1.713482e+05 3.331008e+02
28.3918 -4.027622e+04 2.607585e+02
28.4069 -1.058122e+05 1.917572e+02
28.4220 -4.027722e+04 1.282587e+02
28.4371 -1.713482e+05 7.140774e+01
28.4522 -2.368842e+05 2.136025e+01
28.4673 9.079578e+04 -2.256830e+01
28.4823 6.150828e+05 -6.166664e+01
28.4974 9.427618e+05 -9.754624e+01
28.5125 8.772268e+05 -1.318588e+02
28.5276 7.461538e+05 -1.660528e+02
28.5427 8.772288e+05 -2.012011e+02
28.5578 7.461538e+05 -2.379138e+02
28.5729 -1.713502e+05 -2.763416e+02
28.5880 -1.285461e+06 -3.162527e+02
28.6031 -1.416533e+06 -3.571611e+02
28.6182 -1.088853e+06 -3.984729e+02
28.6333 -9.577812e+05 -4.396193e+02
28.6484 -8.922452e+05 -4.801470e+02
28.6635 -6.301002e+05 -5.197480e+02
28.6786 -3.024212e+05 -5.582224e+02
28.6937 -4.334922e+05 -5.953820e+02
28.7088 -3.024202e+05 -6.309153e+02
28.7239 -2.368862e+05 -6.642426e+02
28.7389 -4.027522e+04 -6.943947e+02
28.7540 -1.058112e+05 -7.199483e+02
28.7691 -4.027722e+04 -7.390399e+02
28.7842 2.526078e+04 -7.494744e+02
28.7993 4.184748e+05 -7.489230e+02
28.8144 1.563308e+05 -7.351935e+02
28.8295 3.529408e+05 -7.065420e+02
28.8446 5.495458e+05 -6.619817e+02
28.8597 2.525978e+04 -6.015459e+02
28.8748 9.079578e+04 -5.264592e+02
28.8899 4.840108e+05 -4.391837e+02
28.9050 5.495468e+05 -3.433204e+02
28.9201 2.526078e+04 -2.433639e+02
28.9352 1.563308e+05 -1.443291e+02
28.9503 1.563328e+05 -5.128720e+01
28.9654 -3.024192e+05 3.113960e+01
28.9804 -1.713502e+05 9.926409e+01
28.9955 4.184768e+05 1.507419e+02
29.0106 2.218668e+05 1.848482e+02
29.0257 -4.027522e+04 2.025853e+02
29.0408 -3.679562e+05 2.066016e+02
29.0559 -1.713502e+05 2.009259e+02
29.0710 1.563298e+05 1.905429e+02
29.0861 2.525778e+04 1.808562e+02
29.1012 2.218658e+05 1.770978e+02
29.1163 4.840128e+05 1.837524e+02
29.1314 1.563318e+05 2.040614e+02
29.1465 -1.058122e+05 2.396627e+02
29.1616 -1.713492e+05 2.904078e+02
29.1767 1.563308e+05 3.543746e+02
29.1918 -1.058112e+05 4.280713e+02
29.2069 2.218688e+05 5.068064e+02
29.2220 -4.027622e+04 5.851781e+02
29.2370 9.079578e+04 6.576270e+02
29.2521 6.054573e+06 7.189857e+02
29.2672 9.003691e+06 7.649668e+02
29.2823 -3.513684e+06 7.925360e+02
29.2974 -5.217620e+06 8.001347e+02
29.3125 -1.613139e+06 7.877363e+02
29.3276 -1.023317e+06 7.567395e+02
29.3427 -8.267092e+05 7.097216e+02
29.3578 -6.301002e+05 6.500918e+02
29.3729 -2.368832e+05 5.816896e+02
29.3880 -1.058132e+05 5.083810e+02
29.4031 -1.713492e+05 4.336991e+02
29.4182 -1.713502e+05 3.605656e+02
29.4333 9.079678e+04 2.911176e+02
29.4484 2.874028e+05 2.266474e+02
29.4635 4.840108e+05 1.676468e+02
29.4785 4.840128e+05 1.139363e+02
29.4936 8.772258e+05 6.484830e+01
29.5087 1.073836e+06 1.942948e+01
29.5238 1.073837e+06 -2.336784e+01
29.5389 5.495488e+05 -6.453371e+01
29.5540 -3.024202e+05 -1.049028e+02
29.5691 -1.350997e+06 -1.451164e+02
29.5842 -1.219925e+06 -1.856359e+02
29.5993 -1.285459e+06 -2.267927e+02
29.6144 -1.613139e+06 -2.688507e+02
29.6295 -1.088854e+06 -3.120581e+02
29.6446 -1.023318e+06 -3.566676e+02
29.6597 -9.577822e+05 -4.029117e+02
29.6748 -4.027622e+04 -4.509300e+02
29.6899 2.525878e+04 -5.006561e+02
29.7050 -2.368832e+05 -5.516837e+02
29.7201 -1.713502e+05 -6.031363e+02
29.7351 -4.990302e+05 -6.535724e+02
29.7502 -1.713502e+05 -7.009532e+02
29.7653 -3.679572e+05 -7.426934e+02
29.7804 -3.679552e+05 -7.758080e+02
29.7955 -1.058142e+05 -7.971489e+02
29.8106 -4.027822e+04 -8.037146e+02
29.8257 2.525778e+04 -7.929997e+02
29.8408 -1.713502e+05 -7.633434e+02
29.8559 2.874018e+05 -7.142287e+02
29.8710 1.563318e+05 -6.464883e+02
29.8861 9.079578e+04 -5.623789e+02
29.9012 2.218678e+05 -4.655033e+02
29.9163 -3.679582e+05 -3.605734e+02
29.9314 3.529398e+05 -2.530310e+02
29.9465 2.525978e+04 -1.485615e+02
29.9616 -1.058132e+05 -5.255212e+01
29.9767 2.525878e+04 3.044522e+01
29.9917 -1.058112e+05 9.718161e+01
30.0068 -4.027522e+04 1.460516e+02
30.0219 -1.058112e+05 1.772608e+02
30.0370 -4.027522e+04 1.927965e+02
30.0521 -1.713472e+05 1.961979e+02
30.0672 -3.024222e+05 1.921503e+02
30.0823 -3.024222e+05 1.859465e+02
30.0974 -1.713472e+05 1.828781e+02
30.1125 -3.024212e+05 1.876281e+02
30.1276 -6.301022e+05 2.037353e+02
30.1427 -3.024202e+05 2.331953e+02
30.1578 -4.027622e+04 2.762431e+02
30.1729 2.874018e+05 3.313430e+02
30.1880 2.218688e+05 3.953829e+02
30.2031 2.218688e+05 4.640464e+02
30.2182 2.218688e+05 5.323150e+02
30.2332 -1.713492e+05 5.950357e+02
30.2483 3.695276e+06 6.474845e+02
30.2634 1.037995e+07 6.858564e+02
30.2785 4.840128e+05 7.076268e+02
30.2936 -6.331731e+06 7.117443e+02
30.3087 -1.482069e+06 6.986402e+02
30.3238 -1.219924e+06 6.700641e+02
30.3389 -6.301002e+05 6.287748e+02
30.3540 -6.300992e+05 5.781377e+02
30.3691 -8.267082e+05 5.216856e+02
30.3842 -6.300992e+05 4.627038e+02
30.3993 -3.024222e+05 4.038932e+02
30.4144 -4.990302e+05 3.471508e+02
30.4295 -6.956372e+05 2.934884e+02
30.4446 -3.679582e+05 2.430882e+02
30.4597 9.079678e+04 1.954740e+02
30.4748 8.116908e+05 1.497626e+02
30.4898 9.427628e+05 1.049460e+02
30.5049 1.008298e+06 6.015703e+01
30.5200 1.401515e+06 1.487309e+01
30.5351 1.204909e+06 -3.097202e+01
30.5502 4.840118e+05 -7.698435e+01
30.5653 -4.334942e+05 -1.224085e+02
30.5804 -1.350998e+06 -1.663069e+02
30.5955 -1.219926e+06 -2.077828e+02
30.6106 -1.285462e+06 -2.462038e+02
30.6257 -9.577822e+05 -2.813793e+02
30.6408 -8.267092e+05 -3.136549e+02
30.6559 -8.267082e+05 -3.438996e+02
30.6710 -8.267082e+05 -3.733780e+02
30.6861 -2.368832e+05 -4.035235e+02
30.7012 9.079378e+04 -4.356399e+02
30.7163 4.840108e+05 -4.705814e+02
30.7314 4.840118e+05 -5.084591e+02
30.7464 4.184748e+05 -5.484298e+02
30.7615 4.840118e+05 -5.886080e+02
30.7766 4.184738e+05 -6.261284e+02
30.7917 1.563298e+05 -6.573659e+02
30.8068 2.874038e+05 -6.782955e+02
30.8219 9.079378e+04 -6.849549e+02
30.8370 2.874018e+05 -6.739527e+02
30.8521 1.563328e+05 -6.429583e+02
30.8672 -3.024202e+05 -5.911049e+02
30.8823 -1.713482e+05 -5.192484e+02
30.8974 2.874018e+05 -4.300382e+02
30.9125 2.218658e+05 -3.277796e+02
30.9276 4.184748e+05 -2.180959e+02
30.9427 3.529398e+05 -1.074189e+02
30.9578 1.563298e+05 -2.365932e+00
30.9729 -4.027822e+04 9.092813e+01
30.9879 -4.027822e+04 1.674451e+02
31.0030 2.874018e+05 2.238085e+02
31.0181 1.563318e+05 2.586352e+02
31.0332 -1.058112e+05 2.726714e+02
31.0483 -4.027622e+04 2.686940e+02
31.0634 3.529398e+05 2.511871e+02
31.0785 3.529378e+05 2.258311e+02
31.0936 -1.058122e+05 1.988619e+02
31.1087 -1.713502e+05 1.763741e+02
31.1238 1.563328e+05 1.636477e+02
31.1389 1.563318e+05 1.645732e+02
31.1540 -3.024192e+05 1.812394e+02
31.1691 -3.679572e+05 2.137257e+02
31.1842 -1.713472e+05 2.601195e+02
31.1993 1.563298e+05 3.167514e+02
31.2144 1.563308e+05 3.786148e+02
31.2295 4.184738e+05 4.399218e+02
31.2445 -4.990292e+05 4.947273e+02
31.2596 2.056876e+06 5.375520e+02
31.2747 9.659052e+06 5.639373e+02
31.2898 9.069227e+06 5.708722e+02
31.3049 -3.513683e+06 5.570541e+02
31.3200 -4.824405e+06 5.229595e+02
31.3351 -8.267102e+05 4.707284e+02
31.3502 -1.154390e+06 4.038823e+02
31.3653 -5.645632e+05 3.269142e+02
31.3804 -5.645632e+05 2.448035e+02
31.3955 -2.368852e+05 1.625102e+02
31.4106 -3.024222e+05 8.450530e+01
31.4257 -2.368862e+05 1.438571e+01
31.4408 -4.027822e+04 -4.538893e+01
31.4559 2.874018e+05 -9.361689e+01
31.4710 4.184758e+05 -1.303282e+02
31.4860 5.495468e+05 -1.566241e+02
31.5011 6.150838e+05 -1.744102e+02
31.5162 8.772278e+05 -1.860596e+02
31.5313 1.270443e+06 -1.940525e+02
31.5464 1.401514e+06 -2.006354e+02
31.5615 8.116928e+05 -2.075417e+02
31.5766 -3.024192e+05 -2.158055e+02
31.5917 -1.023317e+06 -2.256865e+02
31.6068 -1.482070e+06 -2.367135e+02
31.6219 -1.285461e+06 -2.478344e+02
31.6370 -1.219923e+06 -2.576509e+02
31.6521 -1.285461e+06 -2.647042e+02
31.6672 -1.285461e+06 -2.677693e+02
31.6823 -3.679582e+05 -2.661198e+02
31.6974 -4.334912e+05 -2.597208e+02
31.7125 -2.368862e+05 -2.493231e+02
31.7276 3.529378e+05 -2.364397e+02
31.7426 1.563298e+05 -2.232013e+02
31.7577 -1.713482e+05 -2.121061e+02
31.7728 -3.679572e+05 -2.056898e+02
31.7879 -1.058132e+05 -2.061565e+02
31.8030 -1.713482e+05 -2.150171e+02
31.8181 -4.334942e+05 -2.327842e+02
31.8332 -1.058142e+05 -2.587682e+02
31.8483 -1.713492e+05 -2.910077e+02
31.8634 -3.024222e+05 -3.263550e+02
31.8785 -1.058112e+05 -3.607154e+02
31.8936 9.079478e+04 -3.894239e+02
31.9087 -3.024192e+05 -4.077216e+02
31.9238 -4.334912e+05 -4.112811e+02
31.9389 -4.027822e+04 -3.967211e+02
31.9540 2.525778e+04 -3.620494e+02
31.9691 -4.990302e+05 -3.069776e+02
31.9842 -4.334912e+05 -2.330652e+02
31.9992 -1.058112e+05 -1.436668e+02
32.0143 -1.713482e+05 -4.368280e+01
32.0294 -3.679562e+05 6.086805e+01
32.0445 -1.713472e+05 1.634112e+02
32.0596 1.563318e+05 2.574546e+02
32.0747 -4.027722e+04 3.372332e+02
32.0898 1.563298e+05 3.982886e+02
32.1049 9.079678e+04 4.379171e+02
32.1200 1.563318e+05 4.554373e+02
32.1351 3.529378e+05 4.522439e+02
32.1502 3.529378e+05 4.316419e+02
32.1653 2.874048e+05 3.984801e+02
32.1804 1.563318e+05 3.586229e+02
32.1955 9.079578e+04 3.183209e+02
32.2106 2.218668e+05 2.835487e+02
32.2257 4.184738e+05 2.593828e+02
32.2407 2.218678e+05 2.494845e+02
32.2558 -1.058132e+05 2.557432e+02
32.2709 -1.058122e+05 2.781114e+02
32.2860 -2.368832e+05 3.146455e+02
32.3011 -1.058122e+05 3.617398e+02
32.3162 -1.713492e+05 4.145222e+02
32.3313 3.529408e+05 4.673652e+02
32.3464 -5.645632e+05 5.144526e+02
32.3615 1.925805e+06 5.503434e+02
32.3766 9.462443e+06 5.704745e+02
32.3917 3.695275e+06 5.715575e+02
32.4068 -5.217620e+06 5.518367e+02
32.4219 -4.103510e+06 5.111913e+02
32.4370 -5.645662e+05 4.510856e+02
32.4521 -3.024202e+05 3.743814e+02
32.4672 -4.990272e+05 2.850419e+02
32.4823 -3.024222e+05 1.877618e+02
32.4973 -1.713502e+05 8.756492e+01
32.5124 2.525978e+04 -1.059542e+01
32.5275 9.079678e+04 -1.021981e+02
32.5426 2.525878e+04 -1.834526e+02
32.5577 3.529398e+05 -2.515155e+02
32.5728 -4.027622e+04 -3.046171e+02
32.5879 -4.027622e+04 -3.420962e+02
32.6030 6.806178e+05 -3.643487e+02
32.6181 7.461568e+05 -3.727012e+02
32.6332 1.008300e+06 -3.692254e+02
32.6483 1.401514e+06 -3.565099e+02
32.6634 1.073836e+06 -3.374084e+02
32.6785 4.840098e+05 -3.147853e+02
32.6936 -8.922442e+05 -2.912777e+02
32.7087 -1.088852e+06 -2.690924e+02
32.7238 -1.023317e+06 -2.498541e+02
32.7388 -1.023318e+06 -2.345192e+02
32.7539 -8.922432e+05 -2.233623e+02
32.7690 -4.334922e+05 -2.160381e+02
32.7841 -2.368832e+05 -2.117132e+02
32.7992 -1.713502e+05 -2.092557e+02
32.8143 -2.368832e+05 -2.074612e+02
32.8294 -4.027722e+04 -2.052891e+02
32.8445 -3.679572e+05 -2.020798e+02
32.8596 -3.679552e+05 -1.977219e+02
32.8747 -4.334922e+05 -1.927422e+02
32.8898 -4.027822e+04 -1.883014e+02
32.9049 -3.679562e+05 -1.860852e+02
32.9200 -4.990272e+05 -1.880976e+02
32.9351 -4.334942e+05 -1.963750e+02
32.9502 -3.024192e+05 -2.126534e+02
32.9653 -4.027722e+04 -2.380298e+02
32.9804 -4.027722e+04 -2.726656e+02
32.9954 -1.058112e+05 -3.155754e+02
33.0105 -2.368832e+05 -3.645409e+02
33.0256 2.525778e+04 -4.161732e+02
33.0407 -1.058132e+05 -4.661315e+02
33.0558 -3.679572e+05 -5.094832e+02
33.0709 -1.058132e+05 -5.411756e+02
33.0860 9.079678e+04 -5.565661e+02
33.1011 2.525878e+04 -5.519535e+02
33.1162 2.526078e+04 -5.250436e+02
33.1313 9.079378e+04 -4.752896e+02
33.1464 2.525978e+04 -4.040599e+02
33.1615 2.874028e+05 -3.146042e+02
33.1766 2.218678e+05 -2.118132e+02
33.1917 2.525778e+04 -1.017910e+02
33.2068 2.525878e+04 8.715627e+00
33.2219 -3.024222e+05 1.129700e+02
33.2370 -3.024222e+05 2.049075e+02
33.2520 9.079678e+04 2.797327e+02
33.2671 -4.027622e+04 3.343829e+02
33.2822 1.563298e+05 3.678071e+02
33.2973 1.563298e+05 3.810293e+02
33.3124 9.079478e+04 3.769922e+02
33.3275 2.218658e+05 3.602009e+02
33.3426 2.874028e+05 3.362110e+02
33.3577 2.526078e+04 3.110212e+02
33.3728 9.079378e+04 2.904384e+02
33.3879 4.184738e+05 2.794865e+02
33.4030 2.218668e+05 2.819184e+02
33.4181 2.525778e+04 2.998790e+02
33.4332 -1.058142e+05 3.337462e+02
33.4483 -1.713482e+05 3.821534e+02
33.4634 -3.679562e+05 4.421808e+02
33.4785 -1.058142e+05 5.096817e+02
33.4935 -4.334912e+05 5.797012e+02
33.5086 -8.267082e+05 6.469370e+02
33.5237 5.071533e+06 7.061960e+02
33.5388 9.331370e+06 7.528046e+02
33.5539 4.874923e+06 7.829417e+02
33.5690 -5.348691e+06 7.938757e+02
33.5841 -2.399574e+06 7.841000e+02
33.5992 -8.267082e+05 7.533702e+02
33.6143 -9.577822e+05 7.026553e+02
33.6294 -7.611732e+05 6.340181e+02
33.6445 -4.334932e+05 5.504424e+02
33.6596 -3.024202e+05 4.556225e+02
33.6747 -4.027522e+04 3.537259e+02
33.6898 2.525778e+04 2.491424e+02
33.7049 2.218668e+05 1.462252e+02
33.7200 1.563298e+05 4.903384e+01
33.7351 -1.058112e+05 -3.891112e+01
33.7501 -4.027722e+04 -1.148493e+02
33.7652 4.840118e+05 -1.769608e+02
33.7803 8.116928e+05 -2.244892e+02
33.7954 1.335979e+06 -2.577881e+02
33.8105 1.270443e+06 -2.782781e+02
33.8256 6.150848e+05 -2.883070e+02
33.8407 -3.024222e+05 -2.909147e+02
33.8558 -1.023318e+06 -2.895200e+02
33.8709 -1.613139e+06 -2.875536e+02
33.8860 -1.350998e+06 -2.880769e+02
33.9011 -7.611722e+05 -2.934302e+02
33.9162 -4.990292e+05 -3.049569e+02
33.9313 -4.990272e+05 -3.228428e+02
33.9464 -4.990282e+05 -3.461009e+02
33.9615 -4.990282e+05 -3.727124e+02
33.9766 -3.679562e+05 -3.999151e+02
33.9917 2.525978e+04 -4.246085e+02
34.0067 9.079478e+04 -4.438266e+02
34.0218 -1.713502e+05 -4.552154e+02
34.0369 -1.058142e+05 -4.574462e+02
34.0520 2.525778e+04 -4.505023e+02
34.0671 -3.024222e+05 -4.357880e+02
34.0822 -2.368862e+05 -4.160311e+02
34.0973 -2.368832e+05 -3.949790e+02
34.1124 -3.024212e+05 -3.769180e+02
34.1275 -3.024192e+05 -3.660693e+02
34.1426 -3.024222e+05 -3.659425e+02
34.1577 -4.027622e+04 -3.787321e+02
34.1728 4.184748e+05 -4.048454e+02
34.1879 9.079678e+04 -4.426378e+02
34.2030 -1.713492e+05 -4.884042e+02
34.2181 -2.368852e+05 -5.366449e+02
34.2332 -2.368862e+05 -5.805897e+02
34.2482 -1.713482e+05 -6.129221e+02
34.2633 9.079578e+04 -6.266243e+02
34.2784 -1.058112e+05 -6.158375e+02
34.2935 9.079478e+04 -5.766286e+02
34.3086 2.874038e+05 -5.075639e+02
34.3237 4.184748e+05 -4.100091e+02
34.3388 3.529408e+05 -2.881118e+02
34.3539 3.529408e+05 -1.484600e+02
34.3690 4.840098e+05 5.488204e-01
