0
0.0150065801119932
0.0300131602239864
0.0450197403359796
0.0600263204479728
0.0750329005599661
0.0900394806719593
0.105046060783952
0.120052640895946
0.135059221007939
0.150065801119932
0.165072381231925
0.180078961343919
0.195085541455912
0.210092121567905
0.225098701679898
0.240105281791891
0.255111861903885
0.270118442015878
0.285125022127871
0.300131602239864
0.315138182351857
0.330144762463851
0.345151342575844
0.360157922687837
0.375164502799830
0.390171082911823
0.405177663023817
0.420184243135810
0.435190823247803
0.450197403359796
0.465203983471790
0.480210563583783
0.495217143695776
0.510223723807769
0.525230303919762
0.540236884031756
0.555243464143749
0.570250044255742
0.585256624367735
0.600263204479729
0.615269784591722
0.630276364703715
0.645282944815708
0.660289524927701
0.675296105039695
0.690302685151688
0.705309265263681
0.720315845375674
0.735322425487667
0.750329005599661
0.765335585711654
0.780342165823647
0.795348745935640
0.810355326047633
0.825361906159627
0.840368486271620
0.855375066383613
0.870381646495606
0.885388226607599
0.900394806719593
0.915401386831586
0.930407966943579
0.945414547055572
0.960421127167565
0.975427707279559
0.990434287391552
1.00544086750355
1.02044744761554
1.03545402772753
1.05046060783952
1.06546718795152
1.08047376806351
1.09548034817550
1.11048692828750
1.12549350839949
1.14050008851148
1.15550666862348
1.17051324873547
1.18551982884746
1.20052640895946
1.21553298907145
1.23053956918344
1.24554614929544
1.26055272940743
1.27555930951942
1.29056588963142
1.30557246974341
1.32057904985540
1.33558562996740
1.35059221007939
1.36559879019138
1.38060537030338
1.39561195041537
1.41061853052736
1.42562511063936
1.44063169075135
1.45563827086334
1.47064485097533
1.48565143108733
1.50065801119932
1.51566459131131
1.53067117142331
1.54567775153530
1.56068433164729
1.57569091175929
1.59069749187128
1.60570407198327
1.62071065209527
1.63571723220726
1.65072381231925
1.66573039243125
1.68073697254324
1.69574355265523
1.71075013276723
1.72575671287922
1.74076329299121
1.75576987310321
1.77077645321520
1.78578303332719
1.80078961343919
1.81579619355118
1.83080277366317
1.84580935377516
1.86081593388716
1.87582251399915
1.89082909411114
1.90583567422314
1.92084225433513
1.93584883444712
1.95085541455912
1.96586199467111
1.98086857478310
1.99587515489510
2.01088173500709
2.02588831511908
2.04089489523108
2.05590147534307
2.07090805545506
2.08591463556706
2.10092121567905
2.11592779579104
2.13093437590304
2.14594095601503
2.16094753612702
2.17595411623902
2.19096069635101
2.20596727646300
2.22097385657500
2.23598043668699
2.25098701679898
2.26599359691097
2.28100017702297
2.29600675713496
2.31101333724695
2.32601991735895
2.34102649747094
2.35603307758293
2.37103965769493
2.38604623780692
2.40105281791891
2.41605939803091
2.43106597814290
2.44607255825489
2.46107913836689
2.47608571847888
2.49109229859087
2.50609887870287
2.52110545881486
2.53611203892685
2.55111861903885
2.56612519915084
2.58113177926283
2.59613835937483
2.61114493948682
2.62615151959881
2.64115809971081
2.65616467982280
2.67117125993479
2.68617784004679
2.70118442015878
2.71619100027077
2.73119758038276
2.74620416049476
2.76121074060675
2.77621732071874
2.79122390083074
2.80623048094273
2.82123706105472
2.83624364116672
2.85125022127871
2.86625680139070
2.88126338150270
2.89626996161469
2.91127654172668
2.92628312183868
2.94128970195067
2.95629628206266
2.97130286217466
2.98630944228665
3.00131602239864
3.01632260251064
3.03132918262263
3.04633576273462
3.06134234284662
3.07634892295861
3.09135550307060
3.10636208318259
3.12136866329459
3.13637524340658
3.15138182351857
3.16638840363057
3.18139498374256
3.19640156385455
3.21140814396655
3.22641472407854
3.24142130419053
3.25642788430253
3.27143446441452
3.28644104452651
3.30144762463851
3.31645420475050
3.33146078486249
3.34646736497449
3.36147394508648
3.37648052519847
3.39148710531047
3.40649368542246
3.42150026553445
3.43650684564645
3.45151342575844
3.46652000587043
3.48152658598242
3.49653316609442
3.51153974620641
3.52654632631840
3.54155290643040
3.55655948654239
3.57156606665438
3.58657264676638
3.60157922687837
3.61658580699036
3.63159238710236
3.64659896721435
3.66160554732634
3.67661212743834
3.69161870755033
3.70662528766232
3.72163186777432
3.73663844788631
3.75164502799830
3.76665160811030
3.78165818822229
3.79666476833428
3.81167134844628
3.82667792855827
3.84168450867026
3.85669108878226
3.87169766889425
3.88670424900624
3.90171082911823
3.91671740923023
3.93172398934222
3.94673056945421
3.96173714956621
3.97674372967820
3.99175030979019
4.00675688990219
4.02176347001418
4.03677005012617
4.05177663023817
4.06678321035016
4.08178979046215
4.09679637057415
4.11180295068614
4.12680953079813
4.14181611091013
4.15682269102212
4.17182927113411
4.18683585124611
4.20184243135810
4.21684901147009
4.23185559158209
4.24686217169408
4.26186875180607
4.27687533191807
4.29188191203006
4.30688849214205
4.32189507225404
4.33690165236604
4.35190823247803
4.36691481259002
4.38192139270202
4.39692797281401
4.41193455292600
4.42694113303800
4.44194771314999
4.45695429326198
4.47196087337398
4.48696745348597
4.50197403359796
4.51698061370996
4.53198719382195
4.54699377393394
4.56200035404594
4.57700693415793
4.59201351426992
4.60702009438192
4.62202667449391
4.63703325460590
4.65203983471790
4.66704641482989
4.68205299494188
4.69705957505388
4.71206615516587
4.72707273527786
4.74207931538985
4.75708589550185
4.77209247561384
4.78709905572583
4.80210563583783
4.81711221594982
4.83211879606181
4.84712537617381
4.86213195628580
4.87713853639779
4.89214511650979
4.90715169662178
4.92215827673377
4.93716485684577
4.95217143695776
4.96717801706975
4.98218459718175
4.99719117729374
5.01219775740573
5.02720433751773
5.04221091762972
5.05721749774171
5.07222407785371
5.08723065796570
5.10223723807769
5.11724381818969
5.13225039830168
5.14725697841367
5.16226355852566
5.17727013863766
5.19227671874965
5.20728329886164
5.22228987897364
5.23729645908563
5.25230303919762
5.26730961930962
5.28231619942161
5.29732277953360
5.31232935964560
5.32733593975759
5.34234251986958
5.35734909998158
5.37235568009357
5.38736226020556
5.40236884031756
5.41737542042955
5.43238200054154
5.44738858065354
5.46239516076553
5.47740174087752
5.49240832098952
5.50741490110151
5.52242148121350
5.53742806132549
5.55243464143749
5.56744122154948
5.58244780166147
5.59745438177347
5.61246096188546
5.62746754199745
5.64247412210945
5.65748070222144
5.67248728233343
5.68749386244543
5.70250044255742
5.71750702266941
5.73251360278141
5.74752018289340
5.76252676300539
5.77753334311739
5.79253992322938
5.80754650334137
5.82255308345337
5.83755966356536
5.85256624367735
5.86757282378935
5.88257940390134
5.89758598401333
5.91259256412532
5.92759914423732
5.94260572434931
5.95761230446130
5.97261888457330
5.98762546468529
6.00263204479728
6.01763862490928
6.03264520502127
6.04765178513326
6.06265836524526
6.07766494535725
6.09267152546924
6.10767810558124
6.12268468569323
6.13769126580522
6.15269784591722
6.16770442602921
6.18271100614120
6.19771758625320
6.21272416636519
6.22773074647718
6.24273732658918
6.25774390670117
6.27275048681316
6.28775706692516
6.30276364703715
6.31777022714914
6.33277680726113
6.34778338737313
6.36278996748512
6.37779654759711
6.39280312770911
6.40780970782110
6.42281628793309
6.43782286804509
6.45282944815708
6.46783602826907
6.48284260838107
6.49784918849306
6.51285576860505
6.52786234871705
6.54286892882904
6.55787550894103
6.57288208905303
6.58788866916502
6.60289524927701
6.61790182938901
6.63290840950100
6.64791498961299
6.66292156972499
6.67792814983698
6.69293472994897
6.70794131006097
6.72294789017296
6.73795447028495
6.75296105039694
6.76796763050894
6.78297421062093
6.79798079073292
6.81298737084492
6.82799395095691
6.84300053106890
6.85800711118090
6.87301369129289
6.88802027140488
6.90302685151688
6.91803343162887
6.93304001174086
6.94804659185286
6.96305317196485
6.97805975207684
6.99306633218884
7.00807291230083
7.02307949241282
7.03808607252482
7.05309265263681
7.06809923274880
7.08310581286080
7.09811239297279
7.11311897308478
7.12812555319678
7.14313213330877
7.15813871342076
7.17314529353275
7.18815187364475
7.20315845375674
7.21816503386873
7.23317161398073
7.24817819409272
7.26318477420471
7.27819135431671
7.29319793442870
7.30820451454069
7.32321109465269
7.33821767476468
7.35322425487667
7.36823083498867
7.38323741510066
7.39824399521265
7.41325057532465
7.42825715543664
7.44326373554863
7.45827031566063
7.47327689577262
7.48828347588461
7.50329005599661
7.51829663610860
7.53330321622059
7.54830979633258
7.56331637644458
7.57832295655657
7.59332953666856
7.60833611678056
7.62334269689255
7.63834927700454
7.65335585711654
7.66836243722853
7.68336901734052
7.69837559745252
7.71338217756451
7.72838875767650
7.74339533778850
7.75840191790049
7.77340849801248
7.78841507812448
7.80342165823647
7.81842823834846
7.83343481846046
7.84844139857245
7.86344797868444
7.87845455879643
7.89346113890843
7.90846771902042
7.92347429913242
7.93848087924441
7.95348745935640
7.96849403946839
7.98350061958039
7.99850719969238
8.01351377980437
8.02852035991637
8.04352694002836
8.05853352014036
8.07354010025235
8.08854668036434
8.10355326047633
8.11855984058833
8.13356642070032
8.14857300081231
8.16357958092431
8.17858616103630
8.19359274114829
8.20859932126029
8.22360590137228
8.23861248148427
8.25361906159627
8.26862564170826
8.28363222182025
8.29863880193225
8.31364538204424
8.32865196215623
8.34365854226823
8.35866512238022
8.37367170249221
8.38867828260420
8.40368486271620
8.41869144282819
8.43369802294018
8.44870460305218
8.46371118316417
8.47871776327616
8.49372434338816
8.50873092350015
8.52373750361214
8.53874408372414
8.55375066383613
8.56875724394812
8.58376382406012
8.59877040417211
8.61377698428410
8.62878356439610
8.64379014450809
8.65879672462008
8.67380330473208
8.68880988484407
8.70381646495606
8.71882304506806
8.73382962518005
8.74883620529204
8.76384278540404
8.77884936551603
8.79385594562802
8.80886252574002
8.82386910585201
8.83887568596400
8.85388226607599
8.86888884618799
8.88389542629998
8.89890200641198
8.91390858652397
8.92891516663596
8.94392174674795
8.95892832685995
8.97393490697194
8.98894148708393
9.00394806719593
9.01895464730792
9.03396122741991
9.04896780753191
9.06397438764390
9.07898096775589
9.09398754786789
9.10899412797988
9.12400070809187
9.13900728820386
9.15401386831586
9.16902044842785
9.18402702853985
9.19903360865184
9.21404018876383
9.22904676887582
9.24405334898782
9.25905992909981
9.27406650921180
9.28907308932380
9.30407966943579
9.31908624954778
9.33409282965978
9.34909940977177
9.36410598988376
9.37911256999576
9.39411915010775
9.40912573021974
9.42413231033174
9.43913889044373
9.45414547055572
9.46915205066772
9.48415863077971
9.49916521089170
9.51417179100370
9.52917837111569
9.54418495122768
9.55919153133968
9.57419811145167
9.58920469156366
9.60421127167566
9.61921785178765
9.63422443189964
9.64923101201164
9.66423759212363
9.67924417223562
9.69425075234761
9.70925733245961
9.72426391257160
9.73927049268359
9.75427707279559
9.76928365290758
9.78429023301957
9.79929681313157
9.81430339324356
9.82930997335555
9.84431655346755
9.85932313357954
9.87432971369153
9.88933629380353
9.90434287391552
9.91934945402751
9.93435603413951
9.94936261425150
9.96436919436349
9.97937577447548
9.99438235458748
10.0093889346995
10.0243955148115
10.0394020949235
10.0544086750355
10.0694152551474
10.0844218352594
10.0994284153714
10.1144349954834
10.1294415755954
10.1444481557074
10.1594547358194
10.1744613159314
10.1894678960434
10.2044744761554
10.2194810562674
10.2344876363794
10.2494942164914
10.2645007966034
10.2795073767154
10.2945139568273
10.3095205369393
10.3245271170513
10.3395336971633
10.3545402772753
10.3695468573873
10.3845534374993
10.3995600176113
10.4145665977233
10.4295731778353
10.4445797579473
10.4595863380593
10.4745929181713
10.4895994982833
10.5046060783952
10.5196126585072
10.5346192386192
10.5496258187312
10.5646323988432
10.5796389789552
10.5946455590672
10.6096521391792
10.6246587192912
10.6396652994032
10.6546718795152
10.6696784596272
10.6846850397392
10.6996916198512
10.7146981999632
10.7297047800751
10.7447113601871
10.7597179402991
10.7747245204111
10.7897311005231
10.8047376806351
10.8197442607471
10.8347508408591
10.8497574209711
10.8647640010831
10.8797705811951
10.8947771613071
10.9097837414191
10.9247903215311
10.9397969016431
10.9548034817550
10.9698100618670
10.9848166419790
10.9998232220910
11.0148298022030
11.0298363823150
11.0448429624270
11.0598495425390
11.0748561226510
11.0898627027630
11.1048692828750
11.1198758629870
11.1348824430990
11.1498890232110
11.1648956033229
11.1799021834349
11.1949087635469
11.2099153436589
11.2249219237709
11.2399285038829
11.2549350839949
11.2699416641069
11.2849482442189
11.2999548243309
11.3149614044429
11.3299679845549
11.3449745646669
11.3599811447789
11.3749877248909
11.3899943050028
11.4050008851148
11.4200074652268
11.4350140453388
11.4500206254508
11.4650272055628
11.4800337856748
11.4950403657868
11.5100469458988
11.5250535260108
11.5400601061228
11.5550666862348
11.5700732663468
11.5850798464588
11.6000864265708
11.6150930066827
11.6300995867947
11.6451061669067
11.6601127470187
11.6751193271307
11.6901259072427
11.7051324873547
11.7201390674667
11.7351456475787
11.7501522276907
11.7651588078027
11.7801653879147
11.7951719680267
11.8101785481387
11.8251851282506
11.8401917083626
11.8551982884746
11.8702048685866
11.8852114486986
11.9002180288106
11.9152246089226
11.9302311890346
11.9452377691466
11.9602443492586
11.9752509293706
11.9902575094826
12.0052640895946
12.0202706697066
12.0352772498186
12.0502838299305
12.0652904100425
12.0802969901545
12.0953035702665
12.1103101503785
12.1253167304905
12.1403233106025
12.1553298907145
12.1703364708265
12.1853430509385
12.2003496310505
12.2153562111625
12.2303627912745
12.2453693713865
12.2603759514985
12.2753825316104
12.2903891117224
12.3053956918344
12.3204022719464
12.3354088520584
12.3504154321704
12.3654220122824
12.3804285923944
12.3954351725064
12.4104417526184
12.4254483327304
12.4404549128424
12.4554614929544
12.4704680730664
12.4854746531784
12.5004812332903
12.5154878134023
12.5304943935143
12.5455009736263
12.5605075537383
12.5755141338503
12.5905207139623
12.6055272940743
12.6205338741863
12.6355404542983
12.6505470344103
12.6655536145223
12.6805601946343
12.6955667747463
12.7105733548583
12.7255799349702
12.7405865150822
12.7555930951942
12.7705996753062
12.7856062554182
12.8006128355302
12.8156194156422
12.8306259957542
12.8456325758662
12.8606391559782
12.8756457360902
12.8906523162022
12.9056588963142
12.9206654764262
12.9356720565381
12.9506786366501
12.9656852167621
12.9806917968741
12.9956983769861
13.0107049570981
13.0257115372101
13.0407181173221
13.0557246974341
13.0707312775461
13.0857378576581
13.1007444377701
13.1157510178821
13.1307575979941
13.1457641781061
13.1607707582180
13.1757773383300
13.1907839184420
13.2057904985540
13.2207970786660
13.2358036587780
13.2508102388900
13.2658168190020
13.2808233991140
13.2958299792260
13.3108365593380
13.3258431394500
13.3408497195620
13.3558562996740
13.3708628797860
13.3858694598979
13.4008760400099
13.4158826201219
13.4308892002339
13.4458957803459
13.4609023604579
13.4759089405699
13.4909155206819
13.5059221007939
13.5209286809059
13.5359352610179
13.5509418411299
13.5659484212419
13.5809550013539
13.5959615814658
13.6109681615778
13.6259747416898
13.6409813218018
13.6559879019138
13.6709944820258
13.6860010621378
13.7010076422498
13.7160142223618
13.7310208024738
13.7460273825858
13.7610339626978
13.7760405428098
13.7910471229218
13.8060537030338
13.8210602831457
13.8360668632577
13.8510734433697
13.8660800234817
13.8810866035937
13.8960931837057
13.9110997638177
13.9261063439297
13.9411129240417
13.9561195041537
13.9711260842657
13.9861326643777
14.0011392444897
14.0161458246017
14.0311524047137
14.0461589848256
14.0611655649376
14.0761721450496
14.0911787251616
14.1061853052736
14.1211918853856
14.1361984654976
14.1512050456096
14.1662116257216
14.1812182058336
14.1962247859456
14.2112313660576
14.2262379461696
14.2412445262816
14.2562511063936
14.2712576865055
14.2862642666175
14.3012708467295
14.3162774268415
14.3312840069535
14.3462905870655
14.3612971671775
14.3763037472895
14.3913103274015
14.4063169075135
14.4213234876255
14.4363300677375
14.4513366478495
14.4663432279615
14.4813498080734
14.4963563881854
14.5113629682974
14.5263695484094
14.5413761285214
14.5563827086334
14.5713892887454
14.5863958688574
14.6014024489694
14.6164090290814
14.6314156091934
14.6464221893054
14.6614287694174
14.6764353495294
14.6914419296414
14.7064485097533
14.7214550898653
14.7364616699773
14.7514682500893
14.7664748302013
14.7814814103133
14.7964879904253
14.8114945705373
14.8265011506493
14.8415077307613
14.8565143108733
14.8715208909853
14.8865274710973
14.9015340512093
14.9165406313213
14.9315472114332
14.9465537915452
14.9615603716572
14.9765669517692
14.9915735318812
15.0065801119932
15.0215866921052
15.0365932722172
15.0515998523292
15.0666064324412
15.0816130125532
15.0966195926652
15.1116261727772
15.1266327528892
15.1416393330012
15.1566459131131
15.1716524932251
15.1866590733371
15.2016656534491
15.2166722335611
15.2316788136731
15.2466853937851
15.2616919738971
15.2766985540091
15.2917051341211
15.3067117142331
15.3217182943451
15.3367248744571
15.3517314545691
15.3667380346810
15.3817446147930
15.3967511949050
15.4117577750170
15.4267643551290
15.4417709352410
15.4567775153530
15.4717840954650
15.4867906755770
15.5017972556890
15.5168038358010
15.5318104159130
15.5468169960250
15.5618235761370
15.5768301562490
15.5918367363609
15.6068433164729
15.6218498965849
15.6368564766969
15.6518630568089
15.6668696369209
15.6818762170329
15.6968827971449
15.7118893772569
15.7268959573689
15.7419025374809
15.7569091175929
15.7719156977049
15.7869222778169
15.8019288579289
15.8169354380408
15.8319420181528
15.8469485982648
15.8619551783768
15.8769617584888
15.8919683386008
15.9069749187128
15.9219814988248
15.9369880789368
15.9519946590488
15.9670012391608
15.9820078192728
15.9970143993848
16.0120209794968
16.0270275596087
16.0420341397207
16.0570407198327
16.0720472999447
16.0870538800567
16.1020604601687
16.1170670402807
16.1320736203927
16.1470802005047
16.1620867806167
16.1770933607287
16.1920999408407
16.2071065209527
16.2221131010647
16.2371196811767
16.2521262612886
16.2671328414006
16.2821394215126
16.2971460016246
16.3121525817366
16.3271591618486
16.3421657419606
16.3571723220726
16.3721789021846
16.3871854822966
16.4021920624086
16.4171986425206
16.4322052226326
16.4472118027446
16.4622183828566
16.4772249629685
16.4922315430805
16.5072381231925
16.5222447033045
16.5372512834165
16.5522578635285
16.5672644436405
16.5822710237525
16.5972776038645
16.6122841839765
16.6272907640885
16.6422973442005
16.6573039243125
16.6723105044245
16.6873170845365
16.7023236646484
16.7173302447604
16.7323368248724
16.7473434049844
16.7623499850964
16.7773565652084
16.7923631453204
16.8073697254324
16.8223763055444
16.8373828856564
16.8523894657684
16.8673960458804
16.8824026259924
16.8974092061044
16.9124157862163
16.9274223663283
16.9424289464403
16.9574355265523
16.9724421066643
16.9874486867763
17.0024552668883
17.0174618470003
17.0324684271123
17.0474750072243
17.0624815873363
17.0774881674483
17.0924947475603
17.1075013276723
17.1225079077843
17.1375144878962
17.1525210680082
17.1675276481202
17.1825342282322
17.1975408083442
17.2125473884562
17.2275539685682
17.2425605486802
17.2575671287922
17.2725737089042
17.2875802890162
17.3025868691282
17.3175934492402
17.3326000293522
17.3476066094642
17.3626131895761
17.3776197696881
17.3926263498001
17.4076329299121
17.4226395100241
17.4376460901361
17.4526526702481
17.4676592503601
17.4826658304721
17.4976724105841
17.5126789906961
17.5276855708081
17.5426921509201
17.5576987310321
17.5727053111441
17.5877118912560
17.6027184713680
17.6177250514800
17.6327316315920
17.6477382117040
17.6627447918160
17.6777513719280
17.6927579520400
17.7077645321520
17.7227711122640
17.7377776923760
17.7527842724880
17.7677908526000
17.7827974327120
17.7978040128240
17.8128105929359
17.8278171730479
17.8428237531599
17.8578303332719
17.8728369133839
17.8878434934959
17.9028500736079
17.9178566537199
17.9328632338319
17.9478698139439
17.9628763940559
17.9778829741679
17.9928895542799
18.0078961343919
18.0229027145038
18.0379092946158
18.0529158747278
18.0679224548398
18.0829290349518
18.0979356150638
18.1129421951758
18.1279487752878
18.1429553553998
18.1579619355118
18.1729685156238
18.1879750957358
18.2029816758478
18.2179882559598
18.2329948360718
18.2480014161837
18.2630079962957
18.2780145764077
18.2930211565197
18.3080277366317
18.3230343167437
18.3380408968557
18.3530474769677
18.3680540570797
18.3830606371917
18.3980672173037
18.4130737974157
18.4280803775277
18.4430869576397
18.4580935377516
18.4731001178636
18.4881066979756
18.5031132780876
18.5181198581996
18.5331264383116
18.5481330184236
18.5631395985356
18.5781461786476
18.5931527587596
18.6081593388716
18.6231659189836
18.6381724990956
18.6531790792076
18.6681856593196
18.6831922394315
18.6981988195435
18.7132053996555
18.7282119797675
18.7432185598795
18.7582251399915
18.7732317201035
18.7882383002155
18.8032448803275
18.8182514604395
18.8332580405515
18.8482646206635
18.8632712007755
18.8782777808875
18.8932843609995
18.9082909411114
18.9232975212234
18.9383041013354
18.9533106814474
18.9683172615594
18.9833238416714
18.9983304217834
19.0133370018954
19.0283435820074
19.0433501621194
19.0583567422314
19.0733633223434
19.0883699024554
19.1033764825674
19.1183830626794
19.1333896427913
19.1483962229033
19.1634028030153
19.1784093831273
19.1934159632393
19.2084225433513
19.2234291234633
19.2384357035753
19.2534422836873
19.2684488637993
19.2834554439113
19.2984620240233
19.3134686041353
19.3284751842473
19.3434817643592
19.3584883444712
19.3734949245832
19.3885015046952
19.4035080848072
19.4185146649192
19.4335212450312
19.4485278251432
19.4635344052552
19.4785409853672
19.4935475654792
19.5085541455912
19.5235607257032
19.5385673058152
19.5535738859272
19.5685804660391
19.5835870461511
19.5985936262631
19.6136002063751
19.6286067864871
19.6436133665991
19.6586199467111
19.6736265268231
19.6886331069351
19.7036396870471
19.7186462671591
19.7336528472711
19.7486594273831
19.7636660074951
19.7786725876071
19.7936791677190
19.8086857478310
19.8236923279430
19.8386989080550
19.8537054881670
19.8687120682790
19.8837186483910
19.8987252285030
19.9137318086150
19.9287383887270
19.9437449688390
19.9587515489510
19.9737581290630
19.9887647091750
20.0037712892870
20.0187778693989
20.0337844495109
20.0487910296229
20.0637976097349
20.0788041898469
20.0938107699589
20.1088173500709
20.1238239301829
20.1388305102949
20.1538370904069
20.1688436705189
20.1838502506309
20.1988568307429
20.2138634108549
20.2288699909669
20.2438765710788
20.2588831511908
20.2738897313028
20.2888963114148
20.3039028915268
20.3189094716388
20.3339160517508
20.3489226318628
20.3639292119748
20.3789357920868
20.3939423721988
20.4089489523108
20.4239555324228
20.4389621125348
20.4539686926467
20.4689752727587
20.4839818528707
20.4989884329827
20.5139950130947
20.5290015932067
20.5440081733187
20.5590147534307
20.5740213335427
20.5890279136547
20.6040344937667
20.6190410738787
20.6340476539907
20.6490542341027
20.6640608142147
20.6790673943266
20.6940739744386
20.7090805545506
20.7240871346626
20.7390937147746
20.7541002948866
20.7691068749986
20.7841134551106
20.7991200352226
20.8141266153346
20.8291331954466
20.8441397755586
20.8591463556706
20.8741529357826
20.8891595158945
20.9041660960065
20.9191726761185
20.9341792562305
20.9491858363425
20.9641924164545
20.9791989965665
20.9942055766785
21.0092121567905
21.0242187369025
21.0392253170145
21.0542318971265
21.0692384772385
21.0842450573505
21.0992516374625
21.1142582175744
21.1292647976864
21.1442713777984
21.1592779579104
21.1742845380224
21.1892911181344
21.2042976982464
21.2193042783584
21.2343108584704
21.2493174385824
21.2643240186944
21.2793305988064
21.2943371789184
21.3093437590304
21.3243503391424
21.3393569192543
21.3543634993663
21.3693700794783
21.3843766595903
21.3993832397023
21.4143898198143
21.4293963999263
21.4444029800383
21.4594095601503
21.4744161402623
21.4894227203743
21.5044293004863
21.5194358805983
21.5344424607103
21.5494490408223
21.5644556209342
21.5794622010462
21.5944687811582
21.6094753612702
21.6244819413822
21.6394885214942
21.6544951016062
21.6695016817182
21.6845082618302
21.6995148419422
21.7145214220542
21.7295280021662
21.7445345822782
21.7595411623902
21.7745477425022
21.7895543226141
21.8045609027261
21.8195674828381
21.8345740629501
21.8495806430621
21.8645872231741
21.8795938032861
21.8946003833981
21.9096069635101
21.9246135436221
21.9396201237341
21.9546267038461
21.9696332839581
21.9846398640701
21.9996464441820
22.0146530242940
22.0296596044060
22.0446661845180
22.0596727646300
22.0746793447420
22.0896859248540
22.1046925049660
22.1196990850780
22.1347056651900
22.1497122453020
22.1647188254140
22.1797254055260
22.1947319856380
22.2097385657499
22.2247451458619
22.2397517259739
22.2547583060859
22.2697648861979
22.2847714663099
22.2997780464219
22.3147846265339
22.3297912066459
22.3447977867579
22.3598043668699
22.3748109469819
22.3898175270939
22.4048241072059
22.4198306873179
22.4348372674299
22.4498438475418
22.4648504276538
22.4798570077658
22.4948635878778
22.5098701679898
22.5248767481018
22.5398833282138
22.5548899083258
22.5698964884378
22.5849030685498
22.5999096486618
22.6149162287738
22.6299228088858
22.6449293889978
22.6599359691097
22.6749425492217
22.6899491293337
22.7049557094457
22.7199622895577
22.7349688696697
22.7499754497817
22.7649820298937
22.7799886100057
22.7949951901177
22.8100017702297
22.8250083503417
22.8400149304537
22.8550215105657
22.8700280906777
22.8850346707896
22.9000412509016
22.9150478310136
22.9300544111256
22.9450609912376
22.9600675713496
22.9750741514616
22.9900807315736
23.0050873116856
23.0200938917976
23.0351004719096
23.0501070520216
23.0651136321336
23.0801202122456
23.0951267923576
23.1101333724695
23.1251399525815
23.1401465326935
23.1551531128055
23.1701596929175
23.1851662730295
23.2001728531415
23.2151794332535
23.2301860133655
23.2451925934775
23.2601991735895
23.2752057537015
23.2902123338135
23.3052189139255
23.3202254940374
23.3352320741494
23.3502386542614
23.3652452343734
23.3802518144854
23.3952583945974
23.4102649747094
23.4252715548214
23.4402781349334
23.4552847150454
23.4702912951574
23.4852978752694
23.5003044553814
23.5153110354934
23.5303176156054
23.5453241957173
23.5603307758293
23.5753373559413
23.5903439360533
23.6053505161653
23.6203570962773
23.6353636763893
23.6503702565013
23.6653768366133
23.6803834167253
23.6953899968373
23.7103965769493
23.7254031570613
23.7404097371733
23.7554163172853
23.7704228973972
23.7854294775092
23.8004360576212
23.8154426377332
23.8304492178452
23.8454557979572
23.8604623780692
23.8754689581812
23.8904755382932
23.9054821184052
23.9204886985172
23.9354952786292
23.9505018587412
23.9655084388532
23.9805150189652
23.9955215990771
24.0105281791891
24.0255347593011
24.0405413394131
24.0555479195251
24.0705544996371
24.0855610797491
24.1005676598611
24.1155742399731
24.1305808200851
24.1455874001971
24.1605939803091
24.1756005604211
24.1906071405331
24.2056137206450
24.2206203007570
24.2356268808690
24.2506334609810
24.2656400410930
24.2806466212050
24.2956532013170
24.3106597814290
24.3256663615410
24.3406729416530
24.3556795217650
24.3706861018770
24.3856926819890
24.4006992621010
24.4157058422130
24.4307124223249
24.4457190024369
24.4607255825489
24.4757321626609
24.4907387427729
24.5057453228849
24.5207519029969
24.5357584831089
24.5507650632209
24.5657716433329
24.5807782234449
24.5957848035569
24.6107913836689
24.6257979637809
24.6408045438929
24.6558111240048
24.6708177041168
24.6858242842288
24.7008308643408
24.7158374444528
24.7308440245648
24.7458506046768
24.7608571847888
24.7758637649008
24.7908703450128
24.8058769251248
24.8208835052368
24.8358900853488
24.8508966654608
24.8659032455728
24.8809098256847
24.8959164057967
24.9109229859087
24.9259295660207
24.9409361461327
24.9559427262447
24.9709493063567
24.9859558864687
25.0009624665807
25.0159690466927
25.0309756268047
25.0459822069167
25.0609887870287
25.0759953671407
25.0910019472526
25.1060085273646
25.1210151074766
25.1360216875886
25.1510282677006
25.1660348478126
25.1810414279246
25.1960480080366
25.2110545881486
25.2260611682606
25.2410677483726
25.2560743284846
25.2710809085966
25.2860874887086
25.3010940688206
25.3161006489325
25.3311072290445
25.3461138091565
25.3611203892685
25.3761269693805
25.3911335494925
25.4061401296045
25.4211467097165
25.4361532898285
25.4511598699405
25.4661664500525
25.4811730301645
25.4961796102765
25.5111861903885
25.5261927705005
25.5411993506124
25.5562059307244
25.5712125108364
25.5862190909484
25.6012256710604
25.6162322511724
25.6312388312844
25.6462454113964
25.6612519915084
25.6762585716204
25.6912651517324
25.7062717318444
25.7212783119564
25.7362848920684
25.7512914721804
25.7662980522923
25.7813046324043
25.7963112125163
25.8113177926283
25.8263243727403
25.8413309528523
25.8563375329643
25.8713441130763
25.8863506931883
25.9013572733003
25.9163638534123
25.9313704335243
25.9463770136363
25.9613835937483
25.9763901738602
25.9913967539722
26.0064033340842
26.0214099141962
26.0364164943082
26.0514230744202
26.0664296545322
26.0814362346442
26.0964428147562
26.1114493948682
26.1264559749802
26.1414625550922
26.1564691352042
26.1714757153162
26.1864822954282
26.2014888755401
26.2164954556521
26.2315020357641
26.2465086158761
26.2615151959881
26.2765217761001
26.2915283562121
26.3065349363241
26.3215415164361
26.3365480965481
26.3515546766601
26.3665612567721
26.3815678368841
26.3965744169961
26.4115809971081
26.4265875772200
26.4415941573320
26.4566007374440
26.4716073175560
26.4866138976680
26.5016204777800
26.5166270578920
26.5316336380040
26.5466402181160
26.5616467982280
26.5766533783400
26.5916599584520
26.6066665385640
26.6216731186760
26.6366796987879
26.6516862788999
26.6666928590119
26.6816994391239
26.6967060192359
26.7117125993479
26.7267191794599
26.7417257595719
26.7567323396839
26.7717389197959
26.7867454999079
26.8017520800199
26.8167586601319
26.8317652402439
26.8467718203559
26.8617784004678
26.8767849805798
26.8917915606918
26.9067981408038
26.9218047209158
26.9368113010278
26.9518178811398
26.9668244612518
26.9818310413638
26.9968376214758
27.0118442015878
27.0268507816998
27.0418573618118
27.0568639419238
27.0718705220358
27.0868771021477
27.1018836822597
27.1168902623717
27.1318968424837
27.1469034225957
27.1619100027077
27.1769165828197
27.1919231629317
27.2069297430437
27.2219363231557
27.2369429032677
27.2519494833797
27.2669560634917
27.2819626436037
27.2969692237157
27.3119758038276
27.3269823839396
27.3419889640516
27.3569955441636
27.3720021242756
27.3870087043876
27.4020152844996
27.4170218646116
27.4320284447236
27.4470350248356
27.4620416049476
27.4770481850596
27.4920547651716
27.5070613452836
27.5220679253955
27.5370745055075
27.5520810856195
27.5670876657315
27.5820942458435
27.5971008259555
27.6121074060675
27.6271139861795
27.6421205662915
27.6571271464035
27.6721337265155
27.6871403066275
27.7021468867395
27.7171534668515
27.7321600469635
27.7471666270754
27.7621732071874
27.7771797872994
27.7921863674114
27.8071929475234
27.8221995276354
27.8372061077474
27.8522126878594
27.8672192679714
27.8822258480834
27.8972324281954
27.9122390083074
27.9272455884194
27.9422521685314
27.9572587486434
27.9722653287553
27.9872719088673
28.0022784889793
28.0172850690913
28.0322916492033
28.0472982293153
28.0623048094273
28.0773113895393
28.0923179696513
28.1073245497633
28.1223311298753
28.1373377099873
28.1523442900993
28.1673508702113
28.1823574503233
28.1973640304352
28.2123706105472
28.2273771906592
28.2423837707712
28.2573903508832
28.2723969309952
28.2874035111072
28.3024100912192
28.3174166713312
28.3324232514432
28.3474298315552
28.3624364116672
28.3774429917792
28.3924495718912
28.4074561520031
28.4224627321151
28.4374693122271
28.4524758923391
28.4674824724511
28.4824890525631
28.4974956326751
28.5125022127871
28.5275087928991
28.5425153730111
28.5575219531231
28.5725285332351
28.5875351133471
28.6025416934591
28.6175482735711
28.6325548536830
28.6475614337950
28.6625680139070
28.6775745940190
28.6925811741310
28.7075877542430
28.7225943343550
28.7376009144670
28.7526074945790
28.7676140746910
28.7826206548030
28.7976272349150
28.8126338150270
28.8276403951390
28.8426469752510
28.8576535553629
28.8726601354749
28.8876667155869
28.9026732956989
28.9176798758109
28.9326864559229
28.9476930360349
28.9626996161469
28.9777061962589
28.9927127763709
29.0077193564829
29.0227259365949
29.0377325167069
29.0527390968189
29.0677456769308
29.0827522570428
29.0977588371548
29.1127654172668
29.1277719973788
29.1427785774908
29.1577851576028
29.1727917377148
29.1877983178268
29.2028048979388
29.2178114780508
29.2328180581628
29.2478246382748
29.2628312183868
29.2778377984988
29.2928443786107
29.3078509587227
29.3228575388347
29.3378641189467
29.3528706990587
29.3678772791707
29.3828838592827
29.3978904393947
29.4128970195067
29.4279035996187
29.4429101797307
29.4579167598427
29.4729233399547
29.4879299200667
29.5029365001787
29.5179430802906
29.5329496604026
29.5479562405146
29.5629628206266
29.5779694007386
29.5929759808506
29.6079825609626
29.6229891410746
29.6379957211866
29.6530023012986
29.6680088814106
29.6830154615226
29.6980220416346
29.7130286217466
29.7280352018586
29.7430417819705
29.7580483620825
29.7730549421945
29.7880615223065
29.8030681024185
29.8180746825305
29.8330812626425
29.8480878427545
29.8630944228665
29.8781010029785
29.8931075830905
29.9081141632025
29.9231207433145
29.9381273234265
29.9531339035384
29.9681404836504
29.9831470637624
29.9981536438744
30.0131602239864
30.0281668040984
30.0431733842104
30.0581799643224
30.0731865444344
30.0881931245464
30.1031997046584
30.1182062847704
30.1332128648824
30.1482194449944
30.1632260251064
30.1782326052183
30.1932391853303
30.2082457654423
30.2232523455543
30.2382589256663
30.2532655057783
30.2682720858903
30.2832786660023
30.2982852461143
30.3132918262263
30.3282984063383
30.3433049864503
30.3583115665623
30.3733181466743
30.3883247267863
30.4033313068982
30.4183378870102
30.4333444671222
30.4483510472342
30.4633576273462
30.4783642074582
30.4933707875702
30.5083773676822
30.5233839477942
30.5383905279062
30.5533971080182
30.5684036881302
30.5834102682422
30.5984168483542
30.6134234284661
30.6284300085781
30.6434365886901
30.6584431688021
30.6734497489141
30.6884563290261
30.7034629091381
30.7184694892501
30.7334760693621
30.7484826494741
30.7634892295861
30.7784958096981
30.7935023898101
30.8085089699221
30.8235155500341
30.8385221301460
30.8535287102580
30.8685352903700
30.8835418704820
30.8985484505940
30.9135550307060
30.9285616108180
30.9435681909300
30.9585747710420
30.9735813511540
30.9885879312660
31.0035945113780
31.0186010914900
31.0336076716020
31.0486142517140
31.0636208318259
31.0786274119379
31.0936339920499
31.1086405721619
31.1236471522739
31.1386537323859
31.1536603124979
31.1686668926099
31.1836734727219
31.1986800528339
31.2136866329459
31.2286932130579
31.2436997931699
31.2587063732819
31.2737129533939
31.2887195335058
31.3037261136178
31.3187326937298
31.3337392738418
31.3487458539538
31.3637524340658
31.3787590141778
31.3937655942898
31.4087721744018
31.4237787545138
31.4387853346258
31.4537919147378
31.4687984948498
31.4838050749618
31.4988116550737
31.5138182351857
31.5288248152977
31.5438313954097
31.5588379755217
31.5738445556337
31.5888511357457
31.6038577158577
31.6188642959697
31.6338708760817
31.6488774561937
31.6638840363057
31.6788906164177
31.6938971965297
31.7089037766417
31.7239103567536
31.7389169368656
31.7539235169776
31.7689300970896
31.7839366772016
31.7989432573136
31.8139498374256
31.8289564175376
31.8439629976496
31.8589695777616
31.8739761578736
31.8889827379856
31.9039893180976
31.9189958982096
31.9340024783216
31.9490090584335
31.9640156385455
31.9790222186575
31.9940287987695
32.0090353788815
32.0240419589935
32.0390485391055
32.0540551192175
32.0690616993295
32.0840682794415
32.0990748595535
32.1140814396655
32.1290880197775
32.1440945998895
32.1591011800014
32.1741077601134
32.1891143402254
32.2041209203374
32.2191275004494
32.2341340805614
32.2491406606734
32.2641472407854
32.2791538208974
32.2941604010094
32.3091669811214
32.3241735612334
32.3391801413454
32.3541867214574
32.3691933015694
32.3841998816814
32.3992064617933
32.4142130419053
32.4292196220173
32.4442262021293
32.4592327822413
32.4742393623533
32.4892459424653
32.5042525225773
32.5192591026893
32.5342656828013
32.5492722629133
32.5642788430253
32.5792854231373
32.5942920032493
32.6092985833612
32.6243051634732
32.6393117435852
32.6543183236972
32.6693249038092
32.6843314839212
32.6993380640332
32.7143446441452
32.7293512242572
32.7443578043692
32.7593643844812
32.7743709645932
32.7893775447052
32.8043841248172
32.8193907049292
32.8343972850412
32.8494038651531
32.8644104452651
32.8794170253771
32.8944236054891
32.9094301856011
32.9244367657131
32.9394433458251
32.9544499259371
32.9694565060491
32.9844630861611
32.9994696662731
33.0144762463851
33.0294828264971
33.0444894066091
33.0594959867210
33.0745025668330
33.0895091469450
33.1045157270570
33.1195223071690
33.1345288872810
33.1495354673930
33.1645420475050
33.1795486276170
33.1945552077290
33.2095617878410
33.2245683679530
33.2395749480650
33.2545815281770
33.2695881082890
33.2845946884009
33.2996012685129
33.3146078486249
33.3296144287369
33.3446210088489
33.3596275889609
33.3746341690729
33.3896407491849
33.4046473292969
33.4196539094089
33.4346604895209
33.4496670696329
33.4646736497449
33.4796802298569
33.4946868099688
33.5096933900808
33.5246999701928
33.5397065503048
33.5547131304168
33.5697197105288
33.5847262906408
33.5997328707528
33.6147394508648
33.6297460309768
33.6447526110888
33.6597591912008
33.6747657713128
33.6897723514248
33.7047789315367
33.7197855116487
33.7347920917607
33.7497986718727
33.7648052519847
33.7798118320967
33.7948184122087
33.8098249923207
33.8248315724327
33.8398381525447
33.8548447326567
33.8698513127687
33.8848578928807
33.8998644729927
33.9148710531047
33.9298776332167
33.9448842133286
33.9598907934406
33.9748973735526
33.9899039536646
34.0049105337766
34.0199171138886
34.0349236940006
34.0499302741126
34.0649368542246
34.0799434343366
34.0949500144486
34.1099565945606
34.1249631746726
34.1399697547846
34.1549763348965
34.1699829150085