-2.97802628415531
-4.00592566416583
-3.51314266018970
-0.661226567239616
4.77305910221302
11.5156808088702
19.3305337688883
28.2398678819351
37.5803988637276
46.9813048898264
55.5998971046169
61.9653029650727
66.0598728414944
69.0757119680052
71.8615703225015
75.9526655453613
82.1903072492483
90.1137142991861
100.631327368213
115.092590567412
132.615537618857
150.948375535699
167.376946816120
177.488907284752
178.435425786287
169.313132166247
146.663006885100
106.318422088933
49.0105395482931
-20.9109634004954
-98.1866348966661
-173.792010660234
-242.141418438117
-302.252309725208
-347.061734961789
-367.657212622704
-363.316543985244
-338.109021999029
-297.798193680804
-254.549091255950
-212.952310183089
-168.613993875461
-126.907864157813
-95.0824693240357
-73.3013783584427
-61.2660063259621
-54.7945776203703
-42.7606826296169
-24.1527951309853
-6.92219821980596
9.08298146121029
23.5443767053273
35.3327280513298
48.8449776866795
63.0324322067549
72.9874200224489
80.4254486130440
89.4820933854653
102.838416387187
125.745409463061
158.683102707342
195.825340229683
234.832393027091
272.585973862217
305.928066558323
335.455129351934
357.727886810646
366.952600868550
362.886944321753
348.052389374255
325.094590421702
300.123904644098
275.060477979875
246.603764780353
216.637307004665
187.906776455172
160.428921359041
135.277418102066
111.326378039629
84.4154489088970
54.9874229909794
26.8577599047555
0.994781451288650
-20.9279828766437
-38.0314657676688
-52.5620249950935
-64.3359014560209
-72.1788456401178
-76.9080240501593
-79.1915683974386
-80.2033454747122
-82.4401619153882
-86.7331798518148
-92.5387696576374
-100.425793969878
-110.670870513558
-124.323315458778
-144.153370861658
-171.908221727567
-209.169633239019
-254.559394052373
-302.324803320676
-347.063496112359
-381.541165244043
-402.563186599309
-413.266503880063
-412.768256250769
-400.348062206123
-376.393681026598
-338.372929386855
-287.992672129274
-230.365925692008
-169.319394084360
-110.487302798841
-61.7048858241986
-31.7911745528690
-22.1545558321039
-25.9085959196570
-37.2217287075399
-45.8272976482196
-47.9757942404490
-50.5959860958542
-50.8700747252738
-43.7037884328191
-29.8608785161619
-8.25884115218167
17.9286575265140
39.3282050552709
55.2830851713350
71.4412670794007
87.6865650538889
105.026337131883
124.269685429362
141.665652485087
157.970183281438
176.639519450128
196.602139464038
215.700484973238
232.511260207388
243.732389564757
248.786538227777
250.458964410615
249.211836660209
245.668658381097
240.685264942768
233.191537778842
223.927857360129
214.780999690439
205.825495128743
196.764515455632
187.351878871090
176.347877238902
163.968741671681
152.012015314077
141.057266487598
131.742417300606
124.024950977405
116.050552067450
106.728836361451
94.9445110236075
79.0659628372010
57.9762870525058
29.5715375247002
-9.10862480686913
-57.5608681509603
-112.162723984071
-169.483573549056
-223.978926775060
-271.885967002030
-312.566386922645
-341.433714603750
-352.485223953231
-345.433982991640
-323.434841361827
-290.591401637320
-255.285258582713
-221.065312948583
-185.564878975014
-153.012999333738
-129.047456528261
-113.887458106947
-106.691460127826
-104.154731109810
-97.9660048446946
-86.7891382258885
-75.8482078917414
-64.1438543592505
-50.6158898033229
-36.0892869200072
-18.6073121564453
0.0615702275756925
14.6522025708191
25.4020769762468
35.5924733199068
46.0260808994728
58.8928949588648
74.6640689366972
90.0527727210912
104.705977708856
119.060139346723
131.938763900398
143.118896607996
151.371481047207
154.073191067293
151.277224675626
144.984532452945
136.469838358381
128.144894279542
121.319957033720
115.194919224412
111.134831131572
111.187225461095
115.429407528811
123.489741892229
134.385993463012
145.548641217694
156.410655297051
168.354254644962
180.777334858876
192.940002005789
204.518596307819
214.156138491087
221.464354372503
226.911948264371
229.242165420088
226.229459260516
216.111951509088
196.503503913134
166.941047838796
129.548769422868
85.5270598448348
36.7573647990427
-15.0927978754578
-69.9618119593307
-125.674735684909
-178.911657417866
-227.578647618607
-269.378059142370
-301.918721417180
-323.496522039779
-334.002724084010
-335.307906169792
-330.359876845268
-324.042158836498
-316.789955002942
-303.831698072311
-283.413874151138
-252.901733226760
-214.209914124473
-177.420917722846
-148.824199332850
-135.207114780843
-138.484519647013
-150.291656114967
-166.546501755832
-182.300407677103
-193.863886662371
-204.952807033705
-212.466338395446
-210.037201109227
-197.911524151133
-177.488598266558
-151.681593346212
-128.327808204602
-108.784479970532
-88.1585069111796
-67.3805941515077
-47.4217942990663
-27.5934350919666
-9.93187213062000
6.93137705290901
27.4708017542759
51.4206008452933
76.1102771958731
100.924380580040
124.016823270235
144.569540074851
164.368309427521
182.711703155506
197.934026124768
209.844516808857
217.797984393371
221.360184234063
220.946232478484
216.786847593309
209.339462565577
199.775406630865
189.725479394682
180.617411915888
173.793726389530
171.313694253107
175.588850659598
186.341921988801
200.657212499113
215.523770631122
226.057923472856
229.053380337548
224.057581963008
207.111550586934
173.036685364172
122.301887787104
59.0655895360149
-11.5653994236061
-80.2346365576662
-142.121817529702
-198.128718653285
-242.490218989755
-267.837285208412
-273.765422561062
-262.663506905741
-239.282360325972
-214.345631186481
-191.085738945192
-164.913167878221
-139.440842010067
-119.264361640247
-104.238944333159
-95.1772665100819
-89.0204514707482
-77.2601601065017
-59.5085405637214
-41.7618924372725
-24.3300362734651
-8.37247470550425
5.14118929949749
19.9016359678705
35.2545158329557
47.9604527121947
59.3277235069921
71.7685112250910
87.1922891105480
109.555311282110
139.091263388165
171.665876707879
205.516161888010
238.084086687055
267.166084609458
293.513383909222
314.824307122075
327.219529057519
330.307452973864
324.992964465812
312.460569024233
296.172467600176
276.646248002818
251.066889643237
219.756209573138
183.342885545692
142.226985631565
99.0476830591530
54.9622964063102
10.1282239176079
-32.9125810950534
-70.6839385827181
-99.6931685922164
-115.191020654239
-116.940230264126
-109.861557628744
-97.6493707432733
-86.1766809870996
-79.9271944496207
-79.4407215758124
-90.3705282698522
-120.687476103056
-170.012742585083
-232.517185139333
-301.623874073188
-364.943305263399
-416.583771088457
-459.127494579951
-485.836129985356
-487.830398950838
-465.386672730921
-421.837966212744
-364.011432520416
-306.761333125037
-254.932946413252
-203.346256196384
-157.397380343537
-123.559935981669
-101.686533627283
-92.2341606714255
-90.4459980880072
-84.0396760760371
-71.2858628352528
-58.9459204583519
-45.5561549329210
-30.2358145376063
-13.9935360673366
6.28758913542498
28.1953755285593
44.6086928997969
55.8442615722992
66.0442998672583
76.1201172203769
88.9059921097335
105.190848398151
121.158840946856
136.935294226134
153.913497011309
171.101250582357
188.368905719707
204.718347002057
217.448614508899
226.378809282434
233.133848450166
238.177304197721
242.686961137800
247.043849477745
249.737963941938
250.857875822005
250.982494336495
249.763103367685
247.250685285540
242.993191865910
235.731161503027
225.262038491208
212.058051969022
195.969410398158
177.030198731576
155.238312287595
130.105300673247
101.666873569006
70.2641789072825
35.8253231298744
-1.75079772752859
-42.4617394536325
-86.4463147538288
-132.828726893269
-179.608274042969
-224.877577636917
-266.152608800375
-300.991864037697
-327.470789474770
-342.503849705984
-342.334768233553
-326.828390288894
-299.140635613367
-262.469426567939
-222.415596779420
-182.576075627310
-143.201984142904
-108.957175114970
-86.1035254239772
-75.2806284288340
-74.0543663044319
-79.0676410322832
-82.7496969000817
-82.9318263695840
-83.8139277224924
-83.1999622987621
-77.9139463657182
-68.3469847634781
-53.8257646230757
-36.5460659110997
-22.7122600962198
-12.4242063047902
-1.13140644815014
11.7867871609356
27.8125142147274
47.6362504136817
67.9455248537686
88.7410896733894
111.570359485350
135.174792816898
158.314300901023
179.409840709534
195.248236933038
205.316328952446
211.654878872732
214.875882117174
216.321776495950
216.581171278435
213.967235093157
208.850909820671
202.390228644969
194.653724247443
186.301678451928
177.537661042060
167.696642021329
157.663719607745
149.433654481223
144.397293175987
144.411337248749
149.273647127650
155.924762961110
162.093742344255
164.629923930726
160.666535390413
149.082205242418
126.289751778479
87.3851009991310
32.8821006316163
-32.5166575441984
-103.874889497396
-172.621387397714
-233.694721614794
-287.175214223592
-326.934387963202
-344.981324743303
-340.956999235356
-318.384511303068
-282.620554358282
-245.084882611168
-209.953854249562
-173.202045678676
-139.651518705043
-115.616943792779
-101.312383646635
-96.8660401999889
-98.6886575910859
-96.9713196315233
-90.9208666426658
-87.5070323352898
-86.6017706647816
-88.5586509853984
-94.2191983903634
-99.3970220023788
-104.695304624795
-113.982928424461
-125.284716522629
-134.533972519823
-138.742842708599
-132.533255710456
-115.016367839326
-91.0804259297729
-62.4880201260785
-31.8487416365673
-1.51989477454227
29.8533389984326
59.7442734132270
83.5052957271929
100.898980033598
113.303161749456
122.317796444459
132.334150001558
143.907620098327
153.223196485501
160.320898959425
165.489788469794
168.184337511784
170.118010090066
170.900474382248
168.399757620399
163.361785407701
157.704118488035
152.619849735074
150.368195810431
151.144526844942
152.330361290887
152.793114830152
151.028993311172
145.546502340761
136.538747203384
122.362565717397
100.317329058658
70.4693686160622
34.4188143453121
-6.14267496733185
-47.7611930259610
-88.9841529756228
-130.930961342438
-172.015357927152
-210.100264440520
-243.934103045126
-271.180081223048
-290.455449092277
-301.504657189830
-303.898711721758
-298.019958362954
-285.196032211170
-267.510450744766
-245.396549761850
-217.463638327391
-183.587935216988
-143.404193057953
-99.3255973677459
-58.0004750806471
-24.7452613963843
-5.74935077046995
-2.27046429347145
-7.87300558066236
-18.6857736272613
-29.0281245167688
-35.2173382528849
-39.8723178498793
-39.2911926681884
-27.1277477461222
-3.54059897439957
29.4571250205307
68.3338245640183
104.598473808289
136.207670532403
167.698502815717
197.249240466574
222.649953835698
244.078083966787
259.400771584566
269.871073307714
280.316194746818
290.030485524912
294.927832013578
293.737697328523
283.989715621170
265.376977569576
242.121822155485
215.587305895267
186.711633349381
158.185621097232
131.601099969244
110.346049355607
99.7600704720400
99.9481180827419
106.645041878865
116.443827418964
123.183457690281
123.355898026848
118.175968122355
103.575196332706
73.7486077483878
29.0450303034385
-27.4487584325646
-91.1999581256758
-152.887745613598
-208.187995786517
-258.298447471015
-297.609307984556
-318.976024300516
-322.154658957810
-309.707863871015
-286.379941331764
-262.710706730987
-241.286671538591
-216.264522182241
-189.822452339031
-164.708366512316
-140.758829299170
-120.952759126256
-103.841089214293
-83.3955112408225
-60.5818131396850
-40.4617577682673
-24.5786642589568
-15.9931258723691
-15.4185873147644
-18.3666193232101
-23.8819049096556
-31.7505431351588
-39.3105487126135
-44.7904362808682
-44.6438964019771
-33.0142467138917
-9.47232336067758
21.7836572356970
57.8953979101000
93.4516407131781
125.779917353903
157.304795778434
185.244217685435
205.190375217448
216.969465323690
220.899627001001
218.806443379561
216.041452286630
212.973421559297
205.353591163879
193.075565159230
175.875652589532
153.515393612115
129.080985747384
103.032094950882
74.2653786684481
44.7847510055446
17.3974218236350
-5.12759473054118
-18.4346995649566
-22.2285388050124
-20.7652560004493
-16.7009836089065
-14.2761341587448
-16.6730934114911
-23.5942229405771
-38.8342513119017
-68.0473442749867
-110.687350145976
-162.528903021217
-218.702163232952
-270.021191343245
-312.109814785882
-346.661983833742
-368.696913084693
-371.787278716687
-356.100597164932
-324.057344581324
-280.661205710836
-236.745107535912
-196.022383190701
-155.079644073987
-118.205248408157
-90.5698748159046
-72.2453110963262
-63.3722664732499
-60.4382043010392
-54.3472197325191
-43.8545590261840
-34.2786584823597
-24.6157044359202
-14.1768536227645
-3.68401997727813
9.40268076715644
23.5037041569792
33.5478182936569
40.1413454371153
46.7963213213143
54.7445367892280
66.8046654086460
83.5513814028616
101.375796346842
119.695172695709
138.449705274289
156.177403674500
172.781654290124
186.646586852228
194.564797607277
196.418119020608
194.118286787705
188.921225699103
183.521924553494
178.969894651973
173.647127762632
168.494622253648
165.082267283251
163.230400086682
162.918462581872
163.203303699033
161.522044490506
157.507235780618
152.567397438476
146.424239991127
138.942093458711
130.569622123246
121.121272343786
111.566193196597
103.968405238642
98.9365433962907
96.2918417755397
96.7574735403775
100.847425566424
107.855270643321
116.320355284084
123.979538457086
127.235327950020
123.640931149440
111.934383786026
88.9625191276277
51.0267804770669
-1.40619627486927
-64.4851114683583
-133.726224682770
-201.493572034508
-263.051994399297
-317.750953321182
-359.628629850188
-381.054757064925
-381.432803664951
-364.173661019528
-334.134868585810
-301.654868456767
-270.487524360439
-236.634822758758
-204.400794775357
-179.599558148663
-162.343860734257
-152.744861305363
-147.511135006619
-137.599722694804
-122.419348389342
-108.648468787085
-96.4592507410324
-86.5724876003631
-80.0152808500740
-72.9969974418254
-66.2723605127144
-63.5852231051849
-63.4577056420063
-62.7812752664430
-59.2981887881584
-48.5523411773426
-29.9420918716192
-7.69546853873943
16.7250283824392
41.2096001432372
63.8625970719445
85.9403549809162
105.550147055139
119.096164585279
126.548314396255
129.110671433021
128.227830412261
127.619688917756
128.030527674882
126.861512250600
124.583992400009
121.911131044249
118.624157475050
115.947344809020
113.505842491906
109.398233933144
104.122230464304
99.3947880364576
95.9929146032828
95.3775893710637
97.8912442548537
101.943135120309
107.171546293166
113.280580216505
119.516086092982
125.884382309876
131.490704765788
134.682397837717
135.429887462538
134.736122970159
133.387940521235
133.027944945720
134.268306395569
136.205271806456
139.393993075387
144.705119801397
151.378369124869
158.044178137620
162.702443801779
161.946136739726
153.804314912593
137.750973216802
111.421990780935
72.1063105520946
20.4918338377267
-40.2571003554586
-106.148112139355
-170.442748452418
-228.831641995422
-280.158710720600
-318.916863544928
-338.252196996928
-337.595416047442
-320.334348155477
-291.036481196827
-259.123582052758
-228.410048938972
-195.858526993061
-166.016059690725
-145.031569789978
-133.075896012614
-129.406455814762
-130.417137006947
-126.890952268618
-117.636699238169
-108.878567792415
-100.012361402682
-90.5710195245369
-81.5599409701867
-70.2104465595017
-58.0897012685184
-50.3636236772700
-46.4025147015935
-42.8728209637965
-38.5030480543985
-30.2385780046333
-17.4147573205283
-3.50935437981760
11.0853563415742
26.4564390011399
41.5653421893540
57.0209913605465
71.8926522132627
83.8036734665976
92.6449487662603
99.3214184650794
104.270531910102
108.932534181242
113.425300348291
116.018061104012
116.504845581768
114.861213308066
110.969424101798
105.928390878547
100.102513384811
93.4159339108344
86.6724022040294
80.7684247170472
76.7768559392977
76.3321629515044
79.7072978988742
85.7963247437802
93.9319737748761
102.847917105263
111.856014067497
121.565823471451
131.206807371750
139.499070103143
146.133999992182
150.778846965220
153.391384936792
154.698783885289
154.095555536368
149.760193250310
140.721139777227
125.806514738634
104.598070666418
78.2807893167614
47.3018619085273
12.1726022728096
-26.2586094242214
-67.7368979089948
-111.077688268407
-154.365116984579
-196.565655977343
-236.941979448758
-274.471214809324
-308.496239883023
-337.257467259048
-357.658459164449
-367.209440075046
-363.184921652819
-345.303121775875
-316.729228725215
-280.016136235090
-239.007712276555
-197.114315309032
-155.658703779448
-119.246831082648
-94.2357565432268
-81.4054457976118
-77.6355072299890
-79.7180912074035
-80.7779656203715
-78.4829438874123
-76.6475448625245
-72.8797176172653
-63.4823941148035
-48.7951428262481
-28.7042679311030
-5.54447457012901
14.3278128880995
30.5526339196676
47.7010467036324
66.1097949091499
86.7482145628837
110.147174007514
132.965592481699
155.117230048324
178.232103603503
200.863503691738
221.243685119936
237.516932759026
246.197681323684
246.846283751288
242.186198665484
233.385145734113
222.503063366330
210.909020373342
197.462619825218
183.578341832111
171.790276158900
162.287670263417
154.783063682150
148.579740475825
141.322215798475
133.019218428684
126.064186830358
120.795171298427
117.577260715559
116.480439713072
115.563775210627
114.121730454859
111.972912294778
107.557554557277
99.2102459851560
84.8017779272023
61.2073062832115
27.9667660311320
-12.7186761487166
-59.3924007142608
-109.351655060752
-159.618266883635
-208.160599831481
-250.044047212329
-278.286298450862
-291.948636190065
-295.116425265287
-290.849932655947
-285.423756542107
-280.065810309954
-268.364423227388
-250.184530304954
-226.341619720733
-196.530177393354
-164.786204967174
-131.850068801007
-95.8985505589101
-59.3794969286210
-25.9148902937304
1.33702594727175
17.2976701297840
21.2917280654077
17.7737279605147
9.19213210328764
-0.450612182712913
-7.91723077218724
-13.5061587767601
-13.1858046102300
-0.764905723345996
23.8483580205859
57.3157220057948
95.9424360716209
131.979478712443
162.747875002081
191.915848575876
216.860889758192
233.896838277999
243.140725630042
243.937794044922
238.386121105094
232.649475503268
227.057342918984
217.419713648259
203.666987595502
185.134939564817
161.592996020095
136.450511918440
110.082148534853
81.2474862809914
51.8919350907906
24.5896497670910
1.93280520498775
-11.8394926460145
-16.2353950828726
-14.8668760202303
-9.70804805113139
-4.06200622696373
-0.356132368742332
2.09895984092659
0.430758038730303
-9.87056319740629
-28.9440699515541
-54.8920112116520
-85.3517495756827
-114.950471086157
-142.187124242990
-170.086997595392
-197.283504589753
-221.839615548223
-243.606688537864
-260.937250598493
-274.230125223099
-286.236923953265
-295.872844968363
-299.567746553080
-295.605541419280
-281.368760737194
-256.609538331205
-225.201529570175
-189.023164353701
-150.245779745563
-111.820509153289
-75.0838642607357
-43.8053290211154
-23.5943210705171
-14.9899240315585
-14.7422450702584
-20.0225426906249
-25.0490414596845
-27.3633021978641
-29.5279009134167
-28.8451068007373
-21.2424752416988
-6.90505468233443
13.3985236956626
37.1274869431672
57.9868229596795
74.9261675364865
91.7392072955307
107.738376366495
122.322402158891
135.930011728297
146.623281553224
155.282421490975
165.177304261850
175.840871790375
185.050819445257
192.027414169078
194.916280429290
193.275116093172
189.239733487925
183.006378378005
174.407024340409
164.182228904781
152.257011043003
139.422764108265
127.426914497382
116.689101126651
106.970303118883
98.4833992086504
90.9613454286010
84.9175363898926
82.0490631690602
83.2218463889028
89.2364118497335
99.8846965892924
113.054820120931
127.029415729266
139.613723824623
148.457331485738
151.991150955948
147.104706080140
129.677610750441
99.2222100028765
58.2536423115620
9.16593176078412
-43.3530748902339
-96.2241678749052
-149.189297014807
-197.755251682838
-235.640922275370
-261.934733201294
-278.790068564359
-288.643710168679
-297.534876499170
-305.890462493865
-307.257820180060
-300.886451585290
-286.395591804080
-263.266559516567
-235.763479820041
-204.796797185216
-169.258830990509
-131.961677403072
-96.3951792029569
-66.3691056720790
-47.9123437226512
-41.9691041864888
-44.0985589818324
-51.8456775950723
-60.7581335279315
-68.0752980476415
-75.6208951514874
-80.2207582664633
-76.6411548065010
-64.8625511017711
-46.6531638203810
-24.6837830669648
-5.40427054683070
9.95301557715959
25.7662707211197
41.3129769976953
55.5978321604942
69.1337601111381
79.9699164130339
89.0208907876116
99.8627040236964
111.935017391789
122.598185704692
130.867490947302
134.593484709258
133.397249691927
130.061075608873
125.224611897337
119.280882414529
113.512397159103
108.051246999796
104.330363009323
104.983528713769
110.064441927145
117.921009179426
127.285448039330
135.563193425627
141.604074762411
146.504856870624
149.064859620784
147.490070038109
142.160810275509
134.039984878085
124.893516466551
118.336500031019
115.748794267609
116.336362775964
121.643270070397
133.438911434108
150.979923688776
172.481442782738
194.930050893261
212.916062861617
223.571506072605
226.562006247153
218.340168348328
194.755340897272
155.948612958311
104.573174557169
44.6089657893738
-16.3088543882963
-74.5357478427913
-131.001342792071
-181.189007650183
-219.400422523206
-244.972392925251
-258.875941041052
-264.063080513535
-268.000447118568
-272.013730502663
-271.279880472556
-266.983737423335
-260.684335691737
-251.991658430549
-243.032327617957
-232.710943056728
-216.710520696581
-196.175633366504
-175.549954923378
-156.942792168112
-143.929273031399
-137.578929411224
-134.265446360368
-133.359234680101
-134.496868338989
-136.226958073214
-139.005380762604
-141.142417267941
-139.137633288236
-132.788070176590
-123.672074406849
-112.835553559654
-102.967258558449
-94.4238416247546
-84.3434141979834
-72.5386181159811
-59.1473214429162
-43.8311401327394
-28.0508541712916
-11.9139061090978
5.50541949475960
23.3409208764340
40.1956731683943
54.8164466752466
65.0973059999086
70.7884787880589
73.7991567454187
75.1145791133835
76.3224004956265
78.5227759762410
81.1165671553247
85.2760404585759
92.9493310245558
103.936779642466
117.122651836434
131.054086728305
142.743323476408
151.036045667501
156.846692269518
158.943344092530
155.782657563134
147.822208126989
136.087543258857
122.614956397367
111.346205530794
104.040476652043
100.405724680834
102.562472489352
112.937888222831
130.834414150219
153.820097184367
178.279089155285
197.805949120329
208.884300284469
211.188699943398
200.360739374744
171.129448411464
123.948186831055
62.7554091951126
-6.97357607285243
-75.0538699421095
-136.375867954817
-191.814013216388
-235.122797093306
-258.446327829409
-261.397693531742
-246.684119680044
-219.611424602580
-191.962278938592
-167.348870058261
-140.825364724573
-116.401426197376
-99.1644984736430
-88.8994223372082
-86.3112225443215
-87.8520617661800
-83.9247352417217
-73.8454116809484
-63.9879911607035
-54.3517115238289
-45.7901439752630
-39.1711960234170
-30.4187121938633
-20.2133332007788
-12.2153992233646
-4.90043731225320
4.73797995020147
18.8925980745762
41.9458388038528
74.1284400343505
110.593038105103
149.175898198451
186.839637829896
220.727245210613
251.158912465015
274.959788731430
287.023350698356
287.066471026238
277.276675512978
260.031869176112
240.792599825058
221.344993839953
198.899010841866
175.307834264127
153.246532819020
132.660348597131
114.091563111537
96.1709110384721
74.6528585596056
49.5680411444384
24.2919807441110
-0.715734655382924
-24.4994625614284
-46.0353427214832
-66.5259434594830
-84.8744547345316
-98.5197586567298
-107.173455868362
-111.089826983393
-110.050268792802
-104.723949360466
-95.8893549497428
-84.2212668475144
-71.6552071808497
-61.0762452149018
-54.8349919607856
-55.2241090663957
-65.5703492781488
-89.5796398249123
-127.065393812554
-173.950975597101
-225.940230469221
-275.961177851335
-319.313147621705
-355.228192078807
-377.730032049730
-378.954352078957
-358.579526287356
-320.901536872281
-271.409804700100
-221.232862966805
-174.829284778795
-128.482248624846
-87.2451316817349
-57.9036676102990
-40.5577106949524
-34.5968390974140
-35.9016667094270
-33.9088760251491
-27.0713845840306
-21.9186894070802
-17.3523523312271
-12.4449561164121
-8.00533213311450
-0.836855826652312
7.46811991045306
11.2431330447714
11.4251632828582
12.2217100514256
15.3191519812430
24.3272007808904
40.0258505873234
58.1962363949911
78.1117666860592
99.4920025547063
120.629020996859
141.650146315749
160.667148315007
173.900499184718
181.138946154697
184.312375258169
184.684350134877
185.232952653201
186.821102682467
187.131098293397
186.761244363133
186.899224366652
187.150246342785
187.796755670947
187.926927342621
184.969272726828
178.698621278265
170.500181177257
160.315917986707
148.455293819375
135.511844141588
121.304343025669
106.905744973852
94.3634208936051
84.5766986906890
78.0598170043250
76.0176343404210
79.4888706602878
87.9763617260115
99.6388216066758
112.032503719603
121.275774364387
124.649917003927
120.956157080121
106.657511063846
77.4089407577301
33.4370305475984
-21.5334876954093
-83.1715557917115
-143.757640973229
-198.996548212212
-249.261731166493
-289.280723149756
-312.195586786035
-317.524548413095
-307.714717972780
-286.962467649686
-264.679201904457
-243.697676514423
-219.663814512245
-195.648633232391
-175.709297980424
-159.798383223136
-149.010897238958
-141.015366344865
-128.741416629901
-112.343210784487
-97.5328455731273
-85.2550290419817
-77.3903734064110
-74.8521981101682
-73.7050001712281
-73.8868085340393
-77.1147126708939
-81.5853625152725
-85.3354777917161
-85.8942225053166
-78.6765912972537
-63.1494178184296
-42.7699185830438
-19.1383222200906
4.80945122639667
27.4646335673481
50.8162577548848
73.3613931267568
92.2630601300963
107.501362653194
119.232461060829
128.408438968250
138.141607370482
148.429059472189
156.406348040149
161.630470834858
163.449504690259
161.477148260495
157.596335715401
152.018430972458
144.135527107797
134.940444453278
125.486953210349
117.103312602441
112.103988030341
110.921356006797
112.155766401559
115.235185810752
118.933756967247
122.728934358528
127.836285102334
133.812897211835
139.618321660215
145.170553480814
150.047316207496
154.219709140477
158.447265066653
162.084167574684
163.375618107995
161.240470643232
154.249782037855
141.777157554825
124.723736092298
103.184256575250
77.3024426209446
47.3348663242176
12.7215199139870
-26.2116326416056
-68.5587425726571
-113.529071555993
-159.716660673781
-205.590101825310
-249.562978328882
-289.291569659514
-321.881997399144
-344.075358260865
-351.974872591381
-345.121645361547
-326.877195066878
-300.138017274356
-269.813404812701
-239.258348094372
-208.512239002225
-181.912686205805
-165.558378642566
-159.872080672180
-162.136471587123
-168.904774848719
-172.629504405483
-171.048470325113
-168.238421157064
-162.006572649849
-149.207051295450
-130.391559167491
-105.245134018218
-76.3243168450509
-50.2709485588909
-27.8053086054888
-5.11295626506173
17.5294103210304
40.5090481707168
64.1915927594681
85.7645974556813
105.577722738536
125.950730826265
145.969810790832
163.909106850046
178.638555754298
187.730566282091
190.829369044214
190.160172640634
186.331820018773
180.180491480054
172.760130938466
163.748290138438
154.321599713332
146.629874176633
140.873358188402
136.350653142913
132.456603049566
127.474813187216
121.147013033451
115.052985538384
109.099927292105
102.974679601121
96.9631389451889
90.6382156835617
84.3547259263072
79.2872001788975
75.2850066146567
71.4540732802503
67.4208806437294
62.4261799141881
55.9106098631747
47.9579349544391
37.8997126985221
24.7206819742338
7.67943226957938
-14.2283780152194
-42.0457604413626
-76.7117258570463
-117.510022496547
-161.773435925010
-206.655673170134
-248.066483616634
-282.521266827364
-307.888665451122
-319.626576222223
-312.051825974427
-284.999263414930
-242.841559894118
-190.243251589787
-135.674263335473
-83.8424318531366
-33.9089784158726
8.30352045139169
34.9601653651931
45.6720531292762
43.3770332186898
32.9223135530612
25.1374843212187
23.1618467805692
21.7291745731464
24.0634258005943
34.4196483341931
52.2524951022800
78.2795339214984
109.130793546332
135.860403002961
157.677775319687
179.985018086492
202.581312936773
226.187551644516
251.109274169376
272.881799456249
291.355367997859
308.823615343737
323.143940215066
331.209880444875
330.245445521429
315.395477645609
286.239990702268
247.390397875283
201.214023832011
151.422597774048
101.112536212375
49.9472269813650
1.59070531734338
-38.2736927999069
-68.8450704094845
-91.5866789152942
-108.263962836740
-123.859275901625
-139.072484358425
-149.521188920512
-155.578133297852
-158.186913405106
-157.248210667467
-155.343453889120
-152.826722873289
-148.106572487168
-143.453606762519
-143.098283145902
-150.495437621468
-170.669837811812
-203.864541013130
-244.222599395863
-287.958620220865
-329.465632598987
-364.066499352375
-391.264402558667
-405.356097202275
-398.043622473635
-369.200353662091
-323.761697049472
-267.207471825179
-210.538681302865
-158.377050378457
-107.093082845295
-61.8187527248930
-29.5431560033711
-10.3060574673160
-3.19361563332736
-3.90538713125599
-1.63706779238785
5.57727290440943
11.6800680934506
18.4044744195896
27.5078478329787
38.2867610252379
53.2975675899943
70.4532806206827
83.2089203231510
91.9856625104406
101.202884889405
111.924676072439
126.830437614992
146.593795212142
167.159703977130
188.143417399851
210.234581749983
231.782586378588
252.010047797846
268.968943815053
278.840065630639
281.294733865484
278.754571336164
272.473907570254
265.077170342970
257.717866189486
248.580572301491
238.703878602104
230.015038064878
222.198216309258
214.828749190203
206.631101440250
194.465064604290
177.681959178109
157.832422949210
134.391368067212
106.907207551224
75.7705128752435
40.7013845022277
2.74997824078795
-35.6747853882509
-73.9328041462706
-112.401701607262
-150.288906833815
-187.012578874286
-221.326366609274
-250.496641433442
-272.566360857686
-285.676508840741
-289.425583110318
-285.953138914375
-277.052224585767
-265.397361071980
-251.552044140471
-232.598503822800
-207.884816673106
-176.806528056741
-140.944364932892
-106.590590475525
-78.1504079266695
-60.2857031183931
-54.3299808169424
-55.1805510817292
-60.1152249425411
-65.4905037870821
-68.9165406568900
-73.0058669604448
-75.6540820313762
-72.6777809955252
-64.1313184723480
-50.5936942922732
-33.7887906643704
-18.7171011548720
-5.84600506647900
8.60582436333889
24.6341505337717
42.3768814078527
62.2378420800283
81.8961728327999
101.422361855262
122.481662791228
143.896088445013
163.619314882113
179.965857754588
189.990411766546
193.170085829441
191.915431461910
187.138224767115
180.327662215449
172.616098025418
163.053310349596
152.820404761959
144.148168050486
137.324856286286
132.276414609151
128.704373051774
125.016463853942
121.616579689091
120.949006880261
123.864613419963
131.329086873854
143.153765552896
156.502245236741
169.578273683565
180.424107417550
186.335833717761
185.331667121608
173.868244554787
147.078996865188
104.859956742740
51.3127257089979
-9.83716115541543
-72.0186536649042
-131.355751351059
-188.531987808556
-238.866159247626
-275.897293498692
-298.896030432202
-309.451966278499
-310.519519942550
-309.557554653302
-308.037257469675
-300.963947723489
-289.629716594129
-275.930961920233
-259.663149997940
-243.234134273944
-225.916758985689
-203.754975275124
-178.364007467615
-154.748436977304
-135.632324669419
-125.297975530323
-124.697064300863
-129.172223478680
-137.089399680122
-146.544457907452
-154.874228970224
-162.037649807102
-164.774929147848
-157.543581317106
-140.083155209461
-115.370360661029
-86.0109384920852
-57.6472410649571
-32.0898185892404
-5.88306227325422
19.4227434879898
41.3457565533540
60.1137672686449
74.8781629683936
86.9164991885414
100.450609319409
115.356157886457
128.394585142414
139.002349423347
145.933431700686
148.646447395971
149.453743618653
148.377706314395
144.466884295231
138.621558107668
131.612934704981
124.576204272962
119.802352982718
117.727593804414
117.128695516187
117.726927317595
118.718199601303
119.911979975475
122.723703356222
127.168066197931
132.774057066613
139.499559603758
146.538344091834
153.433062223486
160.132560222299
165.613959251196
168.342662565705
166.799162594306
158.950633259704
144.210332492615
123.727839137556
98.0818364907459
68.4578286622683
35.4311056723525
-1.96554509522727
-43.0807105994047
-86.6257030425150
-130.768526356496
-171.786135544110
-206.126376762643
-229.935276650062
-241.818345790643
-244.011387034335
-237.812127672141
-225.693035776661
-208.080109505051
-181.346826222589
-145.273104513837
-100.521854151536
-49.9298436920355
-1.77701105765140
36.8734993332742
58.1864814636059
60.5130248720692
51.8666162310243
37.3190042630926
24.4549866504481
17.3115332262975
10.9765563320148
8.85570424416572
17.3266606962439
35.8461910318210
63.4683232369719
96.5432220036448
125.531378921952
148.719099778609
171.270014195838
191.803827211401
209.156955936229
223.669511665128
232.337178884210
236.208241766091
239.784712246035
242.101915422291
239.527128270680
230.608272089044
212.368741010955
184.499186176356
151.200753340749
113.887101368394
73.8708742359899
33.7274723063917
-5.50809612594562
-40.6826231670037
-66.7622822804995
-82.9435351629435
-91.4121010962841
-93.6928402041356
-93.5220324174953
-92.0393052410180
-86.3527482612721
-77.5586316035514
-67.7459814595315
-57.1672029161309
-47.2500500704233
-38.1012552400225
-27.9358425124371
-18.4512526698569
-13.8637447300796
-16.8934373827236
-31.2108205518265
-57.7112406283487
-92.8100807010746
-134.852166017526
-181.529802670690
-228.935780538835
-273.971306885542
-310.302281477080
-328.648176236777
-328.030856752599
-314.776898383042
-293.459130598313
-272.847799305671
-255.671319234953
-234.823098089655
-211.743535113442
-189.631129731347
-167.924385684510
-149.329489326557
-132.624616279711
-111.987122891469
-88.2245261085860
-65.8707641974019
-46.2124668747412
-32.0364082516033
-24.1361016212020
-18.7699044699476
-15.4440195398472
-14.4380866815094
-13.9073205122925
-12.8455130730932
-8.85076061115881
2.38727225049685
21.1264030021426
44.3051452301036
69.9899707607706
94.4568569238634
115.986768802394
136.605709711701
154.681449032415
167.494246415636
175.149669226083
177.868370708636
177.023274742560
176.406498259254
176.489378819829
174.820103131084
171.644382028977
167.067885237550
160.837075652726
154.400265765442
147.460445526561
138.423187041081
127.826238872260
117.019534270999
106.768650731357
98.5882687062287
93.0082256455250
89.0700796958387
86.9253263703355
86.8232780615915
88.7296093436661
93.3170285576278
100.621409245427
110.170572945153
121.465066242470
133.373887531385
144.585357582243
153.586493146719
158.515329565781
157.368372201020
147.575028331734
126.024311179869
92.5316974868244
49.9348485248154
0.857255674386440
-50.2575611644596
-100.496065977133
-149.812819279736
-194.513732062396
-229.522177389257
-253.986989964632
-269.069610663006
-276.640704080438
-281.728866333162
-285.029578167637
-282.308534836519
-273.972062308573
-260.912047140480
-242.909995440708
-222.246179900474
-198.907172906882
-170.820276716769
-139.851150584973
-109.958657897191
-84.0986260793817
-66.7009632262719
-58.7214278962402
-56.3023691563258
-57.7783901717293
-60.5952388416889
-62.5861560484113
-64.7420907804133
-64.5292147143587
-57.5439763392814
-43.7371763292364
-25.0133835704642
-3.52273481381990
15.7524654949075
31.6729247888476
47.6339090912707
62.9129408739944
76.3841917112509
88.4936421645286
98.0511139484691
106.014560189353
115.596836811239
126.655148763789
137.157374259881
146.688500198548
154.048814741678
158.816026932811
162.608863514651
165.297265363738
166.124816927641
165.423975902494
163.169432444666
159.650269740450
155.879352715592
151.960235168615
147.388709757295
142.168944969913
136.117318325489
129.283841254481
122.352622337470
115.542665618065
108.936548733959
102.953732954844
97.9333686031967
94.3881389411388
93.1108410966958
94.6524267725662
99.4351997594148
108.108124292386
121.327856656440
138.336626196114
156.947074197520
174.774977810906
188.383788792189
194.840241330316
192.224896171657
176.728855425494
143.665730796695
93.2540541424702
29.9338470712783
-41.5824474149516
-113.189107841428
-179.843655944835
-241.219388579894
-290.975353546893
-320.771982692713
-329.886853705451
-321.691655447015
-301.067593355187
-278.767147554594
-258.258519110890
-234.546174276076
-211.418420667112
-194.086653959560
-182.425551969950
-177.164668124476
-175.227684481066
-167.797756164223
-154.689134130145
-142.661091096687
-132.446827314340
-125.709231058383
-123.564635703561
-121.735152274397
-120.598107198544
-123.052442370496
-127.430103197145
-131.364449992897
-132.517962713504
-126.217591237703
-111.933507564726
-93.5862046772686
-72.7098900283096
-51.8799912616343
-32.8082398548837
-13.7042192430288
3.84876451735531
16.7727311978158
25.2631892258595
30.2413046689323
33.2284319204541
38.0589923677892
45.5362040353666
53.4033143932389
62.2494056301644
72.7502662095479
84.4495171900289
97.8886872810720
111.974206900278
123.908265922530
133.215423336408
140.737488366349
145.942835452315
148.677518420285
149.224386707997
147.417214776599
144.269364099040
141.858410337513
140.919681668650
141.429740369775
144.367762793735
150.630818490413
159.883607181083
171.063590049362
182.412341306577
190.887166955632
194.800892011431
193.893046927783
186.054162534122
168.768000167233
141.883019307380
106.577365836393
64.7271128299968
20.2055579935871
-25.4528912375257
-73.3681783374353
-121.695943072142
-168.040739181299
-211.402168822133
-250.132350542927
-283.702088979826
-313.177560235970
-337.464758160230
-354.024691396705
-361.917818382713
-360.127936386747
-348.263312817411
-327.728421275731
-299.245892903927
-263.564695505504
-223.048020211305
-180.782287445865
-140.794289421703
-108.597154549164
-85.1596413782060
-66.6296122617202
-50.4986081765444
-32.1096414149919
-9.55240068182373
13.7842867096203
39.5532015426000
70.9234796661053
107.110685276346
147.208748216456
188.584001264371
225.133720085305
255.489285135360
282.394415886866
304.778617840205
321.797770395399
333.585389424962
338.399539513763
337.044857401062
332.526863966444
324.723339082541
312.065420929793
294.486478270255
271.213090645334
242.458031675804
210.477744453691
176.040621939493
139.545285601632
102.639314729071
66.8949759647017
34.4105025486081
8.22576429080367
-10.8527354106179
-24.1283355465284
-32.2240478171318
-36.7504815098793
-38.4106919760881
-35.9036362940855
-30.1348217231061
-22.8473032237705
-14.8531509928793
-7.65164305975509
-2.40822497563901
0.453426688833268
-1.53666659683439
-12.5040467255535
-36.0629530166206
-76.6197878117682
-132.420006323124
-194.168324562668
-253.536101869569
-298.709136056800
-325.343084934021
-340.569663919205
-344.244513153938
-336.535959082166
-318.193471544678
-283.129765367931
-232.605186350682
-172.832918299772
-107.939437866691
-46.0291064874112
2.99144441888798
28.6860197817594
29.2788347496796
13.9444952675070
-9.78104274738255
-29.2999287662092
-40.0027492952730
-50.9445501812409
-59.0965326728406
-58.5932058822726
-50.3122156798853
-32.0378018546603
-7.04389782015114
13.9353937676825
30.6322234049728
49.8035008002536
71.7872160880276
98.5592577816273
130.717913825628
162.600391305699
193.826433435178
226.462446609818
257.750737524060
284.498006663350
303.145185313049
307.453914020700
296.664802832132
275.650187749452
246.805601115857
214.358944496641
181.152854807557
145.502842917972
110.580489534702
81.6717550307641
59.1180022303627
41.7029848769721
27.4584913549823
10.9282072573309
-8.52120757147753
-26.3643368424167
-42.7264899576722
-57.9523960350848
-72.1924094917343
-89.1468473278184
-109.990437569159
-134.306153783334
-162.521936985307
-193.296092640269
-225.127717155083
-256.523736006727
-285.190362868773
-308.800342943919
-323.763201885189
-325.210712735970
-313.399933864950
-293.607740477882
-270.490340144043
-251.689224617639
-237.911826685813
-220.234584098831
-195.399202616028
-159.369076212061
-112.973910900944
-68.4371694736227
-32.0731550537837
-9.78456428869826
-3.71836073225547
-4.65460154618532
-8.62474758688077
-11.9687810515947
-11.5574212892677
-11.9105011857342
-11.3138158519091
-4.82706207622762
7.12577413068040
24.3292052075786
44.9578443613373
63.0587810635887
77.8805867034692
92.9611379556889
107.724704790909
121.882390602901
135.901605637595
148.018300148914
159.017070119996
171.714349845001
185.640152757432
198.835376247998
210.499709460472
218.825047825963
223.326486586164
225.813453026163
226.362021839276
224.762320550993
221.463324995925
216.030460093540
208.854293805191
201.127695977513
192.990048384122
184.218723426956
174.886247852727
164.664076895711
153.883993644791
143.761888967204
134.936490259015
128.068385546324
122.957807967057
117.892964128979
111.508865692089
102.047618753523
87.7422271746064
67.5750869198314
39.2873052870010
-0.127460124909183
-50.1112582138229
-107.036955906919
-167.208741074248
-224.574623274142
-275.129831589834
-318.151357213446
-348.711540630542
-360.446028802951
-353.069749516441
-329.988729406586
-295.683617716906
-259.241273855154
-224.540301540256
-189.103813458047
-157.561599538882
-136.062862110657
-124.838634564442
-122.882660371103
-126.530170592730
-126.663368823242
-121.726441844225
-117.316948183802
-112.211889369742
-105.078775353795
-96.6887690753952
-84.8154037716725
-71.2633597234011
-61.6634728143465
-55.5907404043623
-49.2187244236012
-41.4635820497056
-29.7230803556188
-13.2952030907916
4.34553432427700
22.9621808532066
43.1794954874710
63.8552469754702
84.9265631437778
105.184593407774
121.864921036611
134.643396772880
144.757437698600
152.597222956667
159.444422156115
165.430733529343
168.643291961721
168.871063602242
166.275600529557
160.716564244021
153.221723935295
144.159826975419
133.393431782799
121.828814728688
110.670395324390
101.215853828389
95.3688074478201
93.6323681325875
94.9755289027408
98.9342167092002
104.486578507269
111.224449941420
120.191288418854
130.993614752909
142.715345849088
154.930729695900
166.568374698960
176.859364645139
185.484175992252
190.890247362238
190.669729394001
182.581354859183
163.821248093018
134.049165006530
95.9781372122378
51.6263085899412
4.22245958149441
-43.7743843798290
-92.1929314147928
-137.886146024346
-176.333580676043
-206.662458979057
-229.841541448376
-247.153520131901
-262.402257749448
-275.827954294090
-283.447444738704
-285.100284601480
-281.020433633027
-270.872726984963
-256.836474174101
-239.178063521248
-216.702397756945
-191.261244714985
-166.027947385021
-143.873337079671
-129.095630476269
-122.679524208099
-121.525441502525
-124.266709995162
-128.469474991200
-132.569596515087
-138.178011394756
-143.543894374750
-145.388264778111
-143.721220540159
-139.437005597697
-133.902046292170
-130.769552592782
-128.509413380524
-120.067244070412
-101.138004962328
-66.0483505392941
-17.0836775511990
31.6063611100595
71.1777300732719
91.6098988821206
93.7034100067272
97.3323261580210
130.535962632909
240.891035497579
330.836394467846
290.861352974558
172.580176862394
128.945332316484
166.340982456143
194.988651953988
207.787976368311
195.724010619625
153.227395112634
132.841851754570
152.557655377657
202.344452902596
205.032800230668
153.004065720804
152.529698254827
171.427997944497
166.705263573814
170.697893976391
161.639183845112
155.151827061921
153.231118779251
142.564337309835
125.669286264163
100.547572788183
64.6760483770439
19.4595692421124
-35.0153230434465
-98.5900765433516
-166.984558147998
-232.987987543287
-287.222270405113
-316.306750578716
-318.608833021147
-305.482143317881
-281.609711178014
-254.152156815596
-231.299745947026
-214.454056294478
-196.767684891251
-158.131008661243
-151.751986070010
-168.366197276092
-151.972638174659
-136.005735158904
-130.608805733693
-103.536402181220
-78.1615686252985
-46.8193682399095
-12.8943671452769
21.3078004707044
50.4381748860443
65.1858865837962
67.6782278061166
70.7482605838447
96.6946784476589
178.903980740899
255.755176771263
256.821543009516
211.176704018359
216.788735024204
269.979567155312
304.425927788763
329.579173750718
336.828152835745
320.570585634162
317.531494271423
325.071995348841
316.709062718171
299.871424274129
284.529091484147
265.630036869355
241.517451582657
214.488250605167
185.577779300128
155.171030534530
123.885267190235
93.0034253783107
64.1115793160655
38.9082662391252
19.5324086626643
6.32460084865498
-2.40034678328361
-7.94861255052122
-12.5829791017916
-17.8803002658954
-23.7598995062206
-32.2843802419880
-46.4399943475733
-67.9576854116360
-98.7336175184114
-140.490634561667
-194.056791182293
-256.274603378480
-319.311363037706
-373.793430510493
-406.558883690766
-415.453644653893
-411.575819940323
-400.259989355837
-390.317956593206
-383.364276026289
-365.767946761620
-336.074779976332
-296.423431394330
-245.320309256865
-188.829860698971
-138.938648005691
-114.737397881975
-80.4710521546544
-2.16678042059178
53.9021525420370
63.2588038377767
39.4263208857565
9.80765084061439
-11.2402538220970
-36.4869583501113
-73.3607417758184
-105.494408050444
-117.854368725625
-124.476620995999
-110.126893115124
-82.3275543866974
-45.8403201963717
-12.3346312591208
15.0865966450951
42.7799319633079
67.7826830999293
86.1124606663890
98.4513946000588
103.353247866907
103.898231942001
108.859191760128
118.642482812437
127.780052560183
135.722880495704
140.323445969300
141.146005726292
143.428863076340
144.142550409928
134.463990550735
124.055879987192
115.850450681257
93.5013298763583
77.2810458416265
60.2084072681559
40.9817564885274
21.9341221097968
3.85471140124461
-12.3263149301544
-24.7494373474768
-31.9290067195724
-32.7875452126411
-27.1544467442794
-16.4976778773648