-524287
-524288
-524288
-851965
-1114109
-1114109
-1507328
-1638397
-1835008
-1703934
-1507325
-1572861
-1441790
-1245184
-1245181
-1114109
-983037
-1179646
-1507326
-1179646
-1048573
-1245184
-1245184
-1245182
-1179646
-1179647
-917502
-917501
-1245182
-1245181
-983040
-1179648
-1507326
-720896
-917502
-1310717
-1048575
-1114111
-983039
-983037
-1048573
-720895
-1179647
-983039
-1245182
-1048576
-1179648
-1507327
-1441789
-1048573
-851967
-1048575
-983037
-524285
-851965
-1376256
-1441789
-1376256
-1441790
-1114112
-1310718
-1572864
5898241
-65533
-7143422
-524288
-786432
-1048573
-851968
-720895
-786431
-524288
-393214
-262144
-458749
-458751
-458752
-196605
-327680
-458749
-524288
-917502
-983040
-1507327
-1703933
-1572861
-1572862
-1310717
-1179647
-1048576
-917504
-917501
-1179645
-1114112
-1114109
-1114110
-983039
-983039
-1245182
-1310719
-1310717
-1048573
-1441789
-1310719
-1376256
-1441791
-1572864
-1376254
-1114110
-1245182
-983039
-1900541
-2883583
-2686974
-2555901
-2949119
-2686976
-2424831
-2162685
-1900541
-1900541
-1245181
-1245183
-1703936
-1835008
-1703935
-1638398
-1638397
-1245181
-1966077
1179650
6684674
-4915198
-4849661
-131069
-1048574
-1179648
-1114111
-786431
-720893
-720896
-393216
-786429
-720893
-524288
-393213
-524287
-589824
-196605
-327677
-983039
-1114109
-1376254
-1245183
-1048576
-851967
-917502
-786429
-393215
-851968
-655360
-458752
-655359
-851967
-1114109
-1179648
-983038
-655360
-720896
-917502
-851966
-1048574
-1114112
-786430
-851966
-720894
-1048576
-851967
-1048576
-655358
-786432
-917502
-655358
-983038
-917504
-720894
-983037
-655357
-655360
-1245181
-1114111
-917504
-1114110
-589822
-655357
-1376256
5767171
1769474
-7340029
-983038
-655358
-917503
-524287
-720894
-720893
-720893
-720893
-393213
-589822
-458751
-393216
-393216
-262141
-327677
-393215
-720894
-1310718
-1441790
-1572862
-1441792
-1507328
-1245184
-1245183
-1245183
-1376256
-1310718
-1310720
-1310717
-1179645
-1179647
-1114111
-1048575
-1048575
-917502
-917504
-1179646
-983037
-1245182
-1310719
-1114110
-1310720
-1441790
-1245183
-1376255
-983037
-1048575
-1114111
-983038
-1376254
-983038
-983038
-917502
-1048574
-1114110
-917502
-393216
-458749
-589823
-1179645
-1441792
-1245184
-1179646
-1114109
-1179647
-1769472
3801091
3932160
-7536638
-2293759
-196607
-1245182
-1179646
-917501
-917504
-983037
-983037
-1048576
-851968
-1179647
-1114112
-720896
-720894
-786431
-851968
-1638400
-2818045
-3014653
-2424832
-2228221
-2228222
-1966080
-1835007
-1769471
-1376253
-1572863
-1572864
-1310720
-1441790
-1245184
-1179645
-1376255
-1114111
-786432
-589824
-917501
-786431
-983039
-1048574
-983040
-1245184
-1376254
-1114112
-983038
-1048576
-1114110
-1048574
-983040
-1179648
-1310717
-1310718
-1310718
-1310718
-1310719
-983037
-655358
-524286
-524286
-720895
-1441790
-1179646
-917503
-1376255
-851966
-983038
-1114110
6291459
786432
-6488061
-589821
-589824
-1179647
-983039
-983038
-1376254
-1114112
-1048574
-1048576
-851965
-851968
-524285
-655358
-720896
-983037
-1179646
-1048576
-1245181
-1507326
-1900543
-1900541
-1638400
-1441791
-983039
-1179645
-1048574
-655357
-851965
-983040
-1179645
-1114112
-1441790
-917502
-786429
-917504
-1114109
-1114110
-1114110
-851965
-851968
-1048575
-1310720
-1114109
-1114110
-1441791
-983040
-1245181
-1376256
-1245181
-851968
-851967
-1048575
-1245184
-1376253
-983040
-917504
-720894
-720893
-1048574
5963779
1376257
-7012349
-1114109
-393215
-589824
-327680
-458749
-327679
-458752
-655358
-589822
-327680
-458749
-589824
-327679
-458752
-589824
-917501
-1179646
-1638399
-1769472
-1769470
-1507328
-1572861
-1441791
-1376253
-1179646
-1376254
-1310719
-1179647
-983040
-1179648
-1245184
-1310717
-1310720
-1114110
-917501
-983038
-917501
-983038
-1114111
-1310717
-1048575
-1179647
-1048574
-917504
-1179648
-1048576
-1048576
-917502
-655359
-655359
-851968
-1179646
-1114110
-1114111
-1179645
-786432
-983038
-1245182
5898240
851970
-7798781
-1114110
-983038
-1441790
-983038
-1114109
-1048573
-983037
-1245181
-1179646
-1245181
-1179648
-786431
-458749
-458751
-1114111
-1245184
-1310720
-1966078
-2228224
-2031613
-2097152
-2031615
-1703933
-1572863
-1441792
-1310720
-1507327
-1310719
-1572862
-1638397
-1376256
-1376256
-1376255
-1048576
-1048575
-1179647
-1245181
-1245182
-1114109
-1376253
-1245182
-917502
-720896
-720894
-1048576
-851965
-983040
-1048576
-655360
-524285
-524288
-262141
-393214
-262141
-655360
-655357
-655358
-1114110
-983040
-1310717
-1114111
-851965
-1376255
327683
6881281
-2949119
-5701631
-65535
-917502
-1114112
-983040
-917502
-917504
-589821
-262142
-196607
-131071
-196607
-131072
-131070
-458749
-524285
-393216
-917502
-1310718
-1441791
-1572864
-1835006
-1703936
-1507325
-1507325
-1441792
-1245184
-1179645
-1114111
-1179646
-1441789
-1507326
-1310719
-1245182
-1114111
-1310718
-1179646
-917504
-1245183
-1245181
-1114112
-1441792
-1048573
-983037
-1245181
-983040
-1245182
-1048576
-1376253
-1048576
-720896
-851965
-786431
-786430
-786429
-851965
-851965
-589823
-655360
-1245184
-1376255
-1441789
-1376256
-1572863
-1179647
-1179645
5570561
327681
-7143423
-983037
-1048573
-1179648
-917504
-1114111
-720894
-589823
-327679
-393213
-524285
-655360
-786431
-524288
-524287
-851968
-917502
-720893
-1376255
-1703936
-1507325
-2097150
-1703935
-1114110
-1179648
-1179648
-1572862
-983040
-917503
-917504
-1245184
-1179648
-1048575
-917502
-1048576
-1245183
-1310720
-1310718
-1376253
-1179648
-1310718
-1310717
-1507325
-1376255
-1114110
-1048576
-1114110
-1114109
-1245183
-1310717
-1179648
-786429
-524285
-851967
-1376256
-1179648
-1048576
-917503
-917503
-1572863
3211267
5308416
-6356989
-3473408
-655358
-1114111
-1114111
-1048576
-1114109
-983039
-786429
-851967
-589821
-327678
-262142
-458750
-327679
-262142
-655357
-917503
-1114112
-1376254
-1376254
-1441791
-1769469
-1703934
-1376256
-1245184
-1507326
-1376253
-1048573
-1179646
-1179647
-1179647
-1310720
-1114111
-1310718
-1310720
-1048573
-1310718
-983040
-1179645
-1179648
-1245183
-1179645
-1114111
-1441791
-1048575
-720893
-1245182
-917502
-851965
-655358
-458751
-655360
-1179647
-1376253
-1572861
-1310720
-1376256
-1835006
3080195
5701633
-6750205
-3080190
-196605
-1048576
-851966
-983037
-1048574
-917504
-851966
-458752
-327678
-524288
-524288
-262144
-65533
-458752
-524287
-917501
-1048573
-1245184
-1572862
-1835008
-1572861
-1507325
-1376255
-1179648
-1114109
-1769471
-1703936
-1507325
-1703934
-1245181
-1310719
-1048574
-1048574
-1179647
-1179647
-1376253
-1114110
-1048574
-1376256
-1114111
-983039
-1179647
-1638398
-1245183
-851968
-1048575
-1048574
-917501
-655360
-917504
-917502
-786429
-983039
-1179646
-917501
-589824
-1179645
-1376255
-1179647
-983039
-1179646
-983037
-1310720
-1245183
-1179647
-1310718
-1048576
-458751
-1245181
2555907
5242883
-6291453
-3276798
-327678
-917501
-983040
-1048576
-983039
-983040
-786429
-655357
-524286
-458750
-589822
-262141
-327677
-131072
-589824
-720895
-1048574
-1245182
-1310718
-1638399
-1703933
-1114109
-1245183
-1441792
-1441792
-1310717
-1441789
-1703933
-1310719
-1310719
-1310718
-1507327
-1769470
-1441789
-655358
-917504
-1245182
-1376253
-1245183
-1441791
-1245184
-1376254
-1900541
-1572863
-1572861
-1703934
-1441789
-1048575
-1179645
-1376255
-1114111
-1048573
-851967
-917502
-1441789
-983037
-983037
-851968
-1179647
-1179647
-655358
-851965
-983038
-655360
-655360
-786429
-327680
-589824
-458749
-917501
-917504
-720896
-786430
-786430
-655357
-1179648
5636099
655360
-6815743
-458752
2
-720896
-786429
-1048575
-1114109
-851966
-1179648
-1114109
-1048576
-1245183
-1048573
-524288
-589823
-589824
-786432
-1114110
-1310717
-1376255
-1376253
-1376255
-1572862
-1703935
-1703933
-1441790
-1114112
-1310717
-1638398
-1179648
-1310718
-1507327
-1245181
-1245181
-1245181
-851968
-983040
-1114112
-983038
-1179648
-1179645
-1179647
-1048573
-720893
-983038
-917504
-983039
-1114110
-917504
-1048576
-1310719
-1179645
-1048574
-917501
-1048573
-1376253
-917504
-1245182
-1114109
-917502
-1048574
-1310717
-1114112
-786429
-983040
-720896
-262142
-786429
-983037
-589823
-524287
-327677
-917501
-1245184
1703938
6029314
-5505023
-4521983
-327679
-1245184
-1441791
-1507328
-1638400
-1245184
-1245182
-1114111
-917504
-1114111
-851965
-589824
-655360
-720895
-589821
-786431
-1114112
-1638399
-1703934
-1769470
-1703935
-1507326
-1310720
-1245182
-1703934
-1245181
-1179648
-1507325
-1310720
-1245182
-983040
-917503
-1245182
-1179648
-1048574
-1114110
-1310717
-1048575
-983038
-1245181
-1179647
-1114109
-983038
-1179648
-1179646
-1114109
-851965
-1048576
-1245182
-851965
-458749
-458749
-655358
-786429
-983038
-917503
-655360
-458752
-65534
-327680
-917502
-983040
-655360
-720894
-983038
-1310718
-1179645
5505024
2490368
-6291454
-1572861
-196606
-524287
-262144
-327677
-458752
-655357
-655358
-589822
-720895
-983039
-851967
-1048573
-786431
-1048575
-1179645
-1245183
-1507328
-2031616
-1703936
-2031613
-2031615
-1572863
-1769471
-1703933
-1507325
-1376256
-1179645
-1245183
-983039
-917502
-917501
-851968
-655359
-655360
-851965
-786429
-786429
-983038
-983040
-1179646
-1048576
-1048575
-1179647
-1310717
-1245182
-917501
-851968
-1179646
-983037
-1310717
-1179648
-983038
-851967
-1048575
-1638399
-1638400
-1245183
-1114110
-1179647
-1638397
131072
6881280
-3211262
-5963776
-720894
-1703934
-1703934
-1114112
-1572861
-1441792
-1245184
-1507325
-983038
-851968
-786430
-589822
-917502
-851965
-851968
-851965
-851967
-1245182
-1835005
-1703934
-1638398
-1572862
-1441790
-1572862
-1376255
-1638400
-1835006
-1507328
-1114110
-1048576
-1179648
-983038
-1441789
-1441790
-1114112
-1048574
-983038
-786430
-655360
-655360
-655358
-655359
-655357
-917504
-917504
-720896
-917504
-1245184
-851967
-1048573
-983038
-458752
-655360
-655360
-786429
-983038
-786429
-524285
-393216
-524288
-589821
-1114111
-851968
-720893
-851968
-720893
-917503
-458750
6684675
-1376256
-6356991
-196605
-1245183
-1441790
-1179647
-1245181
-1376253
-1310718
-1048574
-1179648
-786432
-917503
-917504
-917502
-1179646
-1179648
-1245182
-1507326
-1572863
-2097150
-1703934
-1638399
-1835007
-1441791
-1441789
-1310719
-1179648
-1310717
-1245182
-1048574
-1310717
-1048573
-1048575
-1114109
-1114110
-983040
-1048576
-1114109
-983039
-1114112
-983038
-983038
-851967
-851965
-655357
-655358
-917503
-851967
-786430
-720894
-655357
-917503
-786432
-589824
-917503
-786430
-917503
-655358
-720894
-983039
-1114110
-983037
-655357
-851965
-851968
-720896
-917502
-720895
-589822
-393216
-786431
-1179648
-983039
-1114109
-983038
-1114112
-1114111
2228226
6160387
-5505022
-4194301
65536
-786431
-1245181
-983037
-851967
-786432
-524288
-458749
-458749
-786429
-720893
-720893
-720896
-786431
-589821
-983038
-1507327
-1572864
-1769471
-2097149
-1835006
-1835007
-2031615
-1900541
-1966077
-1900542
-1703936
-1900541
-1835008
-1769469
-1900543
-1900541
-1900541
-1769472
-1703934
-1572862
-1441790
-1507325
-1376255
-1572861
-1310719
-1179647
-1114110
-1048576
-1179646
-917504
-917503
-917501
-917504
-1048575
-917501
-851966
-851967
-917503
-983038
-983038
-917503
-1048574
-1179647
-1179647
-1048576
-589824
-917504
-983037
-786430
-786432
-851966
-589821
-1114111
-1376253
-1048574
-983039
-1310717
-983039
-1441790
2031617
5898242
-5111806
-3866621
-262142
-1048573
-786432
-786432
-589822
-393216
-393214
-589821
-196605
-262142
-655358
-655359
-589822
-655360
-655360
-851968
-1114112
-1441791
-1441791
-1769472
-1835007
-1769472
-1769469
-1441790
-1114111
-1179648
-1572863
-1376253
-1245183
-1245184
-1310720
-1114110
-1310719
-1179646
-1310720
-1507326
-1310719
-1376253
-1507325
-1441790
-1048575
-1048574
-1179647
-1245183
-1179645
-983038
-1245184
-1179645
-1114109
-1245183
-1245182
-1245181
-1048576
-851966
-655360
-1048573
-720895
-589821
-589823
-1179648
-1376253
-1179648
-1310720
-1048575
-917504
-1638400
2359297
5963776
-5767166
-3801088
-327680
-786431
-1376256
-1245184
-1179645
-1114110
-1048574
-983038
-983039
-786430
-983039
-458750
-458750
-393216
-524288
-720893
-786430
-1638398
-1507326
-1703936
-1507326
-1638398
-1638400
-1507325
-983039
-851967
-1114111
-1310719
-1376254
-1310720
-1441789
-1310719
-1179648
-1179647
-1179645
-1114110
-1114110
-983038
-1048575
-1114109
-1441790
-1245183
-1179646
-1114111
-917502
-983039
-1114112
-983038
-983039
-983038
-720893
-786431
-589823
-720894
-851966
-786429
-917501
-786429
-524286
-655359
-786431
-524288
-589822
-720895
-1048573
-983038
-917501
-851966
-917502
-1572863
4653057
3604483
-7340031
-1966079
-524285
-524286
-393215
-589821
-720895
-589824
-327680
-196608
-393214
-655360
-393214
-262141
-589822
-262144
-327679
-458751
-786431
-1376253
-1245182
-1638400
-1638399
-1310718
-1179648
-1245184
-1114111
-1114109
-1245181
-1114109
-1245181
-1572862
-1376255
-1310719
-1376253
-1376256
-1245184
-1310719
-1507327
-1376256
-1179647
-1310718
-1376256
-1376255
-1572863
-1245184
-1310718
-1507327
-1376255
-1376254
-1507325
-1572863
-1441790
-1507326
-1638400
-1441789
-1376254
-1310720
-1310717
-1507326
-1245182
-1376254
-1245182
-1179646
-720896
-851966
-1114109
-1572862
-1245182
-1310720
-1441789
-1179645
-1441791
-1048575
2818049
4915203
-6488063
-2686976
262144
-589823
-393215
-262142
-524286
-458751
-327678
-393216
-262142
-262144
196608
131074
-65533
131073
-131070
-393215
-983038
-1310718
-1441789
-1310720
-1179645
-1245182
-1245184
-1245181
-1310717
-1048575
-1048575
-983040
-983040
-917501
-983037
-917504
-1310718
-1310718
-1245181
-1376256
-1245183
-1507327
-1179648
-983040
-1048574
-1310719
-1179645
-1310719
-1310717
-1572861
-1376254
-1507327
-1179648
-1114111
-983039
-1048576
-1245181
-851968
-983038
-983037
-1048576
-720896
-917501
-983037
-458749
-524287
-1179646
-1507327
-1507326
-1638400
-983039
-983037
-1048573
6291457
-393213
-6881279
-1048575
-1048574
-1048573
-1179647
-1179646
-1507326
-1310718
-1245181
-1179645
-786431
-393216
-393215
-393214
-524288
-589822
-458749
-720896
-1048573
-1507327
-1572861
-1441792
-1769472
-1769472
-1703933
-1638400
-1703936
-1572864
-1572862
-1703934
-1638397
-1835006
-1638400
-1638399
-1507325
-1900541
-1507328
-1638397
-1638400
-1638398
-1441792
-1376256
-1114112
-1245181
-917504
-1114109
-1048573
-917502
-786430
-720896
-917501
-851967
-393214
-589824
-589821
-851965
-983039
-1114112
-1179646
-1507328
-1703936
-327680
6750208
-2097151
-7012352
-1114110
-1507325
-1703933
-1179645
-1048575
-1114111
-1114110
-1179646
-1310720
-720896
-917501
-524287
-196607
-589822
-655357
-786429
-983040
-1245182
-1507325
-1835007
-1703933
-1638397
-1572862
-1441790
-1179648
-983040
-1048573
-983037
-983039
-851965
-589822
-786432
-983039
-917504
-720895
-720894
-917502
-851968
-1114111
-851967
-1048575
-983040
-1179645
-1441790
-1638398
-1900541
-1310720
-1114112
-1310717
-983040
-720894
-851966
-1703934
-1376256
-1245184
-1179648
-983040
-1048576
196609
7077889
-2883581
-6750205
1
-458752
-917501
-917503
-917502
-720894
-458752
-524286
-589823
-655357
-393215
-196605
-131072
-196608
-262142
-393214
-851965
-1179648
-1572864
-1441791
-1114112
-1179645
-1441789
-1507325
-1048574
-917501
-589823
-720896
-786432
-851967
-917504
-1310718
-1441792
-1114112
-917502
-1048574
-1114110
-917504
-786432
-851967
-1114111
-851965
-720893
-1048573
-1048576
-1048576
-983038
-983039
-1376254
-1179648
-1114111
-983039
-1048574
-1048574
-1048574
-917504
-720893
-655357
-786432
-1179647
-1507326
-1376255
-1179647
-1376253
-1048574
-1376253
-1048573
5963779
589827
-7208960
-327677
-720896
-1114111
-851965
-655360
-655357
-720895
-720893
-589824
-655358
-655358
-393213
-458750
-458752
-655357
-786431
-1441792
-2097149
-2097149
-1703934
-1835005
-1835008
-1703935
-1769470
-1572863
-1376255
-1507327
-1572861
-1572863
-1507327
-1179647
-1376254
-1507325
-1376254
-1638397
-1376256
-1376255
-1114112
-1179646
-1310720
-1048576
-1179646
-1048574
-1048576
-1376255
-1310719
-1245182
-1179646
-1245182
-1310719
-1179647
-1179646
-1114110
-1245184
-1245181
-1245184
-1310717
-1310719
-1179646
-983040
-917504
-983037
-851965
-458751
-589823
-1048576
-1507326
-1376256
-1310718
-983039
-1179647
-1507325
5505024
2555905
-6946816
-1376253
-458750
-1114112
-1048574
-1179648
-1179648
-1114110
-983040
-983040
-589824
-917501
-720896
-524288
-327680
-524288
-851968
-851967
-1310718
-1507327
-1703933
-1966080
-1966078
-1376254
-1310717
-1376256
-1310719
-1245184
-1441789
-1376254
-1245184
-1441790
-1310718
-1179648
-1310718
-1376253
-1310720
-1638397
-1572861
-1179647
-983038
-1245181
-1245184
-1048573
-720896
-720896
-720895
-720894
-1114111
-1179647
-917503
-786429
-786432
-720894
-917504
-917504
-655360
-655358
-131070
-589822
-1048575
-1048575
-1114110
-1179645
-983038
-1245183
-131069
6881280
-3080189
-6422525
-196605
-983040
-1179648
-917501
-917504
-917501
-720895
-786430
-589824
-524288
-393214
327680
65537
131072
196609
-196606
-786432
-1376254
-1048576
-1245181
-983040
-1310718
-1310718
-1114110
-983037
-1114109
-917501
-983040
-1245181
-1179647
-1048575
-1310717
-1835005
-1638398
-1441789
-1310717
-1179646
-1245182
-1048575
-1048575
-983040
-1048576
-1114109
-1114111
-1048575
-1114109
-1048576
-1048574
-1048575
-917501
-983038
-1048575
-1507327
-1703934
-1638400
-1376255
-1310720
-1376253
-1376254
-1310720
-851965
-983039
-983040
-1638400
-1114112
-1245181
-1048576
-589822
-1310719
65538
6422530
-3407870
-5570557
524291
-393214
-262141
-131071
-524287
-524287
-393216
65536
-524285
-786430
-589821
-786429
-655358
-524288
-589824
-917501
-983040
-1310720
-1703933
-1441791
-1769472
-1835005
-1769470
-1441790
-1310720
-1114112
-1114111
-1048573
-1114109
-655359
-917501
-917504
-786431
-589822
-655360
-851965
-720896
-655357
-786431
-983040
-851966
-917504
-1114111
-1048573
-1245183
-1245182
-1245183
-1441789
-1507325
-1245183
-983039
-1572861
-1572863
-1376253
-917503
-1245181
-1245183
-1376254
-1245181
-1048574
-917501
-1048575
-786432
-851966
-983040
-983039
-983038
-1310719
-1835007
-1572863
-1245183
-1376254
-1245181
-1179648
-393215
6553602
-1966080
-6356990
-131070
-589822
-1048573
-917502
-917501
-851966
-589824
-720893
-589822
-262141
-327679
-327680
-196605
-262144
-327679
-327678
-589823
-1048574
-1310717
-1703934
-1703934
-1310718
-1310719
-1441789
-1310717
-1179648
-1310717
-1376254
-1048575
-1114109
-1245181
-851968
-1048573
-851966
-1048573
-1245182
-1114112
-1114110
-1179646
-1310718
-1179648
-1507327
-1507325
-917504
-851967
-1114109
-1376253
-1376256
-1114110
-1114112
-1179645
-1114109
-1441789
-1114110
-917502
-917502
-1179645
-1376256
-1441789
-1179648
-851967
-1114112
-1048576
-917503
-983040
-1179646
-720895
-917504
-917504
-393215
-983039
-262143
6488065
-2293758
-6029312
-524285
-851966
-1441790
-1245182
-983037
-720893
-720895
-917503
-983039
-917502
-786432
-524288
-524288
-524288
-589824
-851966
-1048575
-1245181
-1966078
-2031613
-2162687
-2293759
-1900543
-1638399
-1638398
-1245184
-1245182
-1114109
-1114112
-1114112
-1179647
-1310719
-1114109
-1245184
-1048576
-1048573
-1179648
-1114111
-851966
-1179648
-1310718
-1179648
-1310720
-1114109
-983038
-917504
-1179645
-1048573
-1048573
-983039
-851968
-589822
-458751
-458752
-720893
-983037
-1310718
-1507326
-1376253
-1441791
-1245184
-1507325
-1310720
6029314
327680
-7274495
-1441790
-1114110
-1441790
-1179647
-1769470
-1769472
-1507328
-1769469
-1310719
-1376253
-1114110
-851967
-851965
-983039
-1114109
-1179647
-1310719
-1376255
-1769471
-1900544
-1900541
-1966080
-1638398
-1572863
-1507328
-1245181
-1441789
-1310717
-1507328
-1769469
-1376255
-1245184
-1179646
-1376253
-1310717
-1310717
-983039
-917504
-983038
-851967
-786429
-1376255
-1114112
-917501
-524287
-589823
-196605
-131069
-131071
65539
-65536
-524286
-983039
-917502
-851965
-720896
-524285
-1376255
2752515
8192001
-4128765
-3276798
917506
-327678
65536
-131072
-262142
-262143
196610
65537
-131072
-65534
3
196609
458752
-65533
-196607
-327678
-917504
-1507328
-1703934
-1703935
-1638400
-1835007
-1441792
-1441789
-1310719
-1179648
-1376254
-1507327
-1179646
-1114112
-1572864
-1441792
-1114110
-917502
-851968
-1048574
-917502
-983040
-917501
-917503
-851965
-589822
-655359
-1114109
-1179647
-1310717
-1245182
-1179647
-1179645
-1114109
-1310720
-1179647
-1245183
-1048573
-655360
-786431
-720893
-1245182
-1179646
-1245184
-1507325
-1310718
-1245184
-1638398
5570560
917506
-7602176
-1048574
-983037
-1572862
-1376256
-1376254
-1310718
-1376255
-1441789
-1114112
-720895
-917502
-720893
-458752
-655358
-589823
-851968
-1310717
-1310718
-1245183
-1376256
-1572863
-1835007
-1900542
-1441790
-1638397
-1245184
-1179647
-1310717
-1441792
-1048574
-917502
-1179645
-1376253
-1179647
-1179645
-1376253
-1245184
-1048576
-1245182
-1114109
-1245181
-1179648
-1179647
-1441789
-1507326
-1048575
-1310718
-1572861
-1376253
-1114111
-1310720
-1441789
-1310717
-983037
-1310718
-1376255
-1179647
-1245183
-983040
-786432
-1179645
-1245183
-1048573
-786430
-589824
-655357
-1245183
-1245184
-1310719
-1310718
-1245184
-1048575
-1572863
4521985
3080194
-7536638
-1507327
-458752
-1179646
-786432
-983037
-786429
-786429
-786430
-524288
-589822
-327677
-524288
-786429
-589821
-458751
-458752
-786430
-1179645
-1638399
-2162685
-2293757
-1769470
-1245182
-1441792
-1179646
-1507325
-1638399
-1441790
-1179647
-1376255
-1179645
-1179645
-1310720
-1114112
-1179645
-1507325
-1441789
-1048574
-1245183
-1310719
-851968
-1114110
-1245183
-1114112
-1048574
-720894
-1245182
-851968
-1376254
-786429
-1114112
-1245184
-1245181
-1245182
-1572862
-1245183
-1179647
-1179645
-1048573
-1114109
-851965
-1572862
-1703935
-1310719
-1245184
-851967
-851968
-1769470
262146
6553603
-3407870
-5308415
-262143
-786429
-917503
-1114109
-983039
-1048575
-983039
-786431
-983038
-720895
-655359
-589823
-589821
-786429
-786429
-1048575
-1114112
-1048574
-1441790
-1441790
-1769471
-1572861
-1507328
-1376253
-1179647
-1245184
-1245181
-1376256
-1114111
-1048574
-1179645
-1048575
-1310718
-1114112
-983039
-1441790
-1114109
-983039
-917502
-786431
-1179645
-655357
-655358
-1048574
-851966
-983039
-1245184
-1048575
-1048574
-851967
-786430
-524287
-458750
-458752
-917504
-1114112
-1179646
-1114110
-917501
-1245182
-1376254
4849664
2293760
-7340030
-1835007
-786430
-1245182
-786432
-983037
-458752
-917501
-1114110
-655359
-589823
-589823
-589823
-196607
-196606
-524288
-720893
-1310719
-1245181
-983038
-1507326
-1310719
-1245184
-1507328
-655358
-1048574
-1310719
-1245181