-1441792
-1441789
-1441792
-1310718
-1310719
-1179646
-1441792
-1507326
-1441789
-1441791
-1572863
-1835007
-2424830
-2490366
-2031613
-2359295
-2031614
-2293759
-1835008
-1703935
-1703933
-2162687
-327678
1769472
1114114
-393215
-2686973
-3866621
-4259840
-3407870
-4521981
10289152
18808833
1245187
-14745599
-5636093
-4259838
-3604478
-3211263
-3014653
-2228221
-2162686
-2031613
-1835006
-1376253
-720896
-65534
655362
1310721
1769474
1507330
1507331
0
-1179647
-1376254
-2097152
-1638400
-1507325
-1966077
-1441790
-1114110
-1310717
-1048574
-1638398
-1572861
-1966077
-1572861
-1572864
-1769472
-1769471
-1769472
-1638397
-1769472
-1900544
-1769472
-1966080
-2162687
-2359296
-2490366
-1769469
-65533
1900546
1900546
196609
-2228224
-2752509
-2686974
-2555904
-3211264
3538947
20054017
-1966078
-12451838
-4063229
-3276799
-2752511
-2686974
-2359296
-1900541
-2162687
-1769469
-1441791
-851968
196609
1310723
1703936
1900544
2162690
2359298
1900546
720898
-917501
-2031614
-2818046
-2818047
-2555901
-3014655
-2686976
-3211264
-3997693
-4259839
-3604478
-3604479
-2818048
-2555902
-2818045
-2752509
-2752509
-2883584
-2555904
-2424829
-2031614
-2031614
-2162685
-1507326
-1179646
-851966
-655360
-393214
-983038
-1179647
-589823
196609
2359296
2949121
2293761
131073
-1572864
-1572864
-1769469
-1114110
-2097152
6029315
20185089
-4194304
-10551295
-4521983
-4128765
-3080190
-2424832
-1703934
-1966077
-1835006
-1769472
-917501
65539
131073
458755
1966083
2490371
3211264
3211265
2818051
1900547
589825
-655360
-1179646
-1900541
-2031616
-2162686
-1966079
-1310717
-1507325
-1769470
-1376254
-1900541
-2097151
-1966077
-2228224
-2818048
-2490366
-2490366
-2359294
-2162685
-2162685
-1966078
-1638397
-1638397
-2293758
-1900543
-1572863
-1310718
-1310717
-1441789
-1572861
-1245184
524288
1703939
2490371
917507
-1310718
-1769471
-2097149
-1245182
-1966079
2818050
19136512
786435
-11075583
-7274496
-2883581
-1572862
-1245181
-458750
-327678
-262141
-196605
-65534
589826
393217
1310723
1769474
2031618
2359298
2097155
1769474
1310721
262145
-983039
-1769469
-2097150
-2228222
-1835008
-1769472
-1572864
-1245184
-1179646
-1310718
-1245184
-1310720
-1441790
-1376253
-1310719
-393216
2
131072
851968
1441792
1835011
2097152
2490368
2686979
1966082
1179651
0
-1572864
-1769471
-2359294
-2228223
-1900542
-1835005
-1245181
-1048574
-1048575
-1114110
-1638400
-1638397
-1900542
-2424830
-2949119
-3145727
-2752511
-2752512
-3145726
-3145727
-2949117
-2818045
-3080192
-3080189
-2555901
-2818047
-2359294
-1835006
-1507328
-1048575
1179651
2424833
1572867
-1638397
-2686973
-2883583
-3080190
-1966080
-2293759
4521986
20971520
-2293760
-12779517
-4194303
-3080192
-2359296
-2031613
-1900544
-1638399
-1376253
-1441790
-1179646
-1376256
-589823
393219
1572864
2293763
2359299
2293760
1769473
524288
-458750
-1769469
-2162687
-2359293
-2228223
-2949117
-2621437
-2031614
-1703936
-1769470
-1835008
-2228221
-2359293
-1835007
-1900541
-2097152
-2359293
-1900543
-1900542
-2621440
-2162686
-1638398
-2162688
-2228221
-1703935
-1769472
-1441791
-1769469
-1900544
-1638399
-1310717
655363
1638403
1507330
-196608
-1179647
-2097149
-1507326
-1900543
2228227
20447235
1441795
-12779519
-4587517
-3407870
-2621439
-2621440
-2293759
-1507326
-1376255
-1048574
-1048575
-393213
262144
917506
1572867
2031619
2359296
2031617
1769473
655363
-983039
-1769471
-2031613
-2752509
-2883583
-2097150
-1900543
-2097151
-2228221
-2555902
-2621438
-2949120
-3276799
-2621440
-2555904
-3014654
-2883584
-2686976
-2555903
-2621440
-2359295
-1703936
-1769469
-1572863
-1114111
-1835007
-1638400
-786431
-589823
-1245181
262146
2293761
2621441
589827
-2228223
-3014656
-2949120
-2490368
-1376256
-1769470
15335424
11993088
-12517376
-7340029
-3866624
-2883584
-2359293
-1507327
-983037
-917501
-589823
-655359
-851965
131075
786434
1376259
2162691
2818048
3145731
2555904
1572867
983043
-917504
-2162688
-2490368
-2490366
-2555901
-2097150
-1703934
-1966079
-2031615
-1835006
-1638400
-1376253
-1179647
-1900541
-1441791
-1638400
-1703936
-1310720
-1507328
-983040
-917504
-1507325
-1507326
-786429
-851965
-655357
-589823
-1114111
-786431
-131072
1441795
2949122
3276802
1441794
-1179648
-1966079
-2162685
-2031614
-1572861
-655359
16449539
7340032
-11993088
-5898237
-3276797
-2490365
-2359296
-2097149
-1769472
-1769471
-1769469
-1048575
-655357
-655357
-131069
1048579
1376256
2359298
2031619
-262141
-1507328
-2031613
-1966078
-2490366
-2621438
-2228224
-1900543
-1703935
-1376256
-1114111
-983037
-983040
-1114112
-1507327
-1507325
-1572863
-1900542
-1966077
-2097152
-1835007
-1638400
-1900542
-1703933
-1441791
-1507327
-786430
-1114109
-589823
1048579
1769475
1966083
-917503
-2949119
-3211264
-2752510
-1900541
-2949120
1245186
18874368
2228227
-12779517
-5046269
-2883584
-1376256
-1966079
-1310720
-1179647
-1114109
-1179646
-1310718
-786429
-262143
589827
1638400
1638400
2490368
1835011
1114114
327682
-1048575
-2359293
-2752511
-2818046
-3014656
-3211261
-3014653
-2424832
-2621438
-2359296
-1310720
-1441790
-1572862
-1507327
-1507327
-1572863
-1769469
-1703933
-1703936
-2031613
-1835006
-1310719
-1703935
-1703936
-2031614
-851968
589825
851971
2228226
1835008
-1114111
-2883584
-3276798
-2818047
-2490366
-2490366
14942210
9568258
-13631488
-12713982
-5111807
-4063230
-3670016
-3211263
-2686976
-3342333
-3145726
-2424831
-1638399
-1507325
-1769470
-851967
-327678
0
262145
393219
-524288
-1245184
-2490368
-3145727
-3407869
-3276797
-3604477
-3407870
-3080192
-2752510
-2555902
-2555901
-2818046
-2686976
-2686976
-3211262
-2621440
-2228223
-2490368
-2359295
-2686973
-2686974
-2031614
-2162686
-2228224
-2424832
-2162685
-2228222
-1507326
1179651
1966082
1769473
-589823
-1769470
-2621439
-2162687
-1310717
-2621437
4259843
20316163
-2228223
-12386303
-3735550
-2359294
-1769469
-1572861
-1507326
-1507327
-1507327
-851965
-720894
-655359
393216
1179648
1638403
2490369
2097153
2686979
2686978
1048576
-262144
-2162687
-2228223
-2228221
-1966078
-1376255
-2228222
-2359294
-1835007
-2490367
-2424830
-2031615
-2162688
-2686973
-2686975
-2293759
-2359295
-2228223
-1507327
-262144
-524287
-720896
-655360
-589823
-589824
-655360
-458751
393216
1572865
2818048
2555905
327681
-1572864
-2228223
-1835008
-1572864
1245185
18939907
5767171
-12124158
-4259837
-2162688
-1703936
-1048574
-851965
-1507328
-1507328
-524285
-393215
-458750
393216
983042
1507331
2686977
2555907
2883584
2293762
1310720
65539
-655358
-1376254
-1703935
-1376254
-983039
-1638399
-1376254
-1245184
-1114111
-1310717
-1507327
-2162685
-2228221
-1507325
-2162686
-2424829
-2031616
-1900544
-1966078
-2293759
-2490368
-2359295
-1900542
-2162685
-2228223
-2031613
65539
917504
2097154
1638402
-1441791
-3080192
-2883583
-2490368
-1900544
-3145727
1638403
19005443
1310723
-12910591
-5505021
-3735552
-2293757
-1835007
-1703936
-1638397
-1245184
-983037
-1048575
-917503
3
262144
851971
1703937
1769475
2162688
1703938
1114112
-65536
-1310718
-2228224
-2424831
-1966077
-2162685
-2228224
-2162688
-1703935
-2097152
-1966079
-1900543
-2293759
-2490368
-2424832
-2228223
-2228222
-2293757
-2752510
-2162686
-1572864
-2228222
-1835005
-1966078
-1441789
-1376254
-1572861
-1507326
-851968
262144
917504
2293763
65539
-2097151
-2883584
-3014656
-1966080
-3276800
9764866
16711681
3342339
-14548990
-6029310
-3932159
-3342335
-3211262
-3014655
-2424831
-2293757
-1769470
-1310719
-655357
-262143
589827
917505
786433
983040
1835008
1048576
-458750
-1507328
-2752510
-3473406
-3407871
-2686973
-2293757
-1835006
-1769469
-1376254
-851965
-458750
-786432
-1048574
-1638399
-1507326
-1310718
-2097151
-2228224
-2359293
-2424830
-2359295
-2424830
-2031614
-1703936
-1638399
-1376256
-1572863
-1310720
-458751
196611
655361
1703938
1245186
-1703933
-3014656
-2818048
-2752509
-2097149
-2555902
14286848
13041665
-12386304
-12517374
-4718591
-3670016
-3211264
-2359296
-2162688
-2490368
-2162687
-2293760
-1179648
-327677
589824
917505
1441793
2097155
2293762
2031618
1441793
131072
-1441789
-2228223
-2031613
-2555904
-1835005
-2162688
-1769470
-1441792
-1179646
-1048576
-1441790
-1441791
-1310720
-1703933
-1441791
-1638399
-1245181
-983037
-1572864
-1769470
-1376256
-1376255
-1114112
-983039
-720896
-589823
-655358
-131069
786434
851969
2228226
2883584
2424834
-131072
-1703933
-1310720
-1441789
-1376255
-196608
16711681
7077891
-11796480
-6094848
-3342335
-2883583
-2686973
-2097152
-1572861
-2097150
-1507325
-524288
2
65539
262146
786434
1507331
2162688
2162691
1769474
1048576
-196607
-2490365
-2883583
-3014656
-3276799
-2883583
-2621437
-2752512
-3080190
-3538942
-3145726
-2424831
-2621439
-2031616
-1835008
-2162686
-2490368
-2490368
-2949117
-2424832
-2162685
-2097149
-2359294
-2293760
-2097150
-2228224
-1507326
-524285
262147
720899
1507331
393219
-1900543
-2818046
-2752509
-1835007
-1179648
-2752512
11730947
15728640
-11075583
-9568255
-4390912
-3145725
-2097152
-1638400
-1638400
-1703935
-1769472
-1114111
-917502
-589824
1
786435
2031618
2097154
2359296
2162691
1441795
983041
-524286
-1441789
-2293758
-2097151
-1572863
-1769471
-1179645
-720895
-458749
-458749
-1376256
-1572862
-1441791
-1376254
-1572863
-1835006
-1835007
-2752510
-2359296
-1703935
-1572862
-1310719
-1179645
-1048575
-917503
-1310719
-1441791
-851965
393217
655362
1769473
2031617
65537
-2228222
-2621437
-3014655
-2424831
-2686975
-458750
18153473
4718594
-13762557
-5832701
-3932158
-3080192
-3014655
-3080189
-3276798
-2490367
-2228221
-1769470
-1441791
-1245182
-262142
1048577
1572865
1769473
1900546
1507331
458755
-786432
-1835007
-2162688
-2555904
-2752509
-2097149
-1835008
-1703933
-1179648
-1507326
-1245184
-1572862
-2162687
-2097150
-2228222
-2686974
-2359295
-2424829
-2162688
-2424829
-2097150
-2162685
-2031615
-1966079
-1966078
-1900542
-1179646
-917503
-851966
-524288
-1179648
-983040
589824
1572864
2031618
851969
-1703936
-2424830
-2293757
-2359295
-1245183
-2490368
9764867
18350081
-7667711
-9240574
-4325374
-3670014
-3080192
-2424830
-2293760
-1572863
-1310717
-1900542
-1114110
-589822
-458749
786434
1245186
2293762
2686978
2752515
1769472
720899
131072
-1376255
-1703934
-1638397
-1179647
-851966
-851968
-720896
-917503
-851965
-851965
-1179648
-1638397
-1769471
-1900543
-1966078
-1835007
-2031616
-2424830
-2162688
-2424831
-2031615
-1638398
-1310717
-1441791
-1376256
-1441790
-1376254
0
262146
1310722
2424832
1310720
-1703934
-2359296
-2097150
-1507326
-2424832
-1966078
14352386
13238273
-9830400
-7077885
-3080190
-2031614
-1835008
-1769470
-1376253
-1638400
-1572861
-1245183
-589823
-196608
1
1441792
2031616
2228225
2490370
2031616
983042
-196605
-917504
-1638398
-1966078
-2359295
-2162686
-1835006
-1572863
-1638399
-1572863
-1638397
-1245182
-1638397
-1507328
-1572864
-1638397
-2097151
-2424832
-2162687
-1966077
-2293760
-2228222
-2162686
-2293757
-2031615
-1966078
-1769470
-1441791
-786432
196610
917504
1769475
786434
-1769471
-3211263
-2949119
-3145727
-2686975
-2031614
16056323
19070978
-5111808
-11730942
-4390912
-3342335
-2752510
-2359293
-2490366
-2490365
-2162686
-1835006
-1114111
-851966
-458752
1048579
1310722
1114114
1703936
1179651
589825
-655360
-2162687
-2883584
-3735550
-3997694
-4128767
-4521981
-3997696
-3866621
-3145727
-2883582
-2621438
-2293758
-2424831
-2752510
-2490367
-2228222
-2293758
-2228222
-2621438
-2555902
-2359294
-2228222
-2293757
-1966079
-1966077
-2162686
-1900543
-1769472
-655357
0
655360
1769472
1703936
-131072
-2293759
-3080189
-3342336
-2359295
-3735550
7471104
17432577
-8126464
-14024701
-7077888
-4194303
-3080189
-2031614
-1703936
-983040
-262143
131072
786432
786433
1048576
1769472
2097155
2686976
2818049
1835008
131073
-786432
-1441791
-2490368
-2490368
-2621439
-2424831
-2228223
-2228222
-1966078
-1835007
-1507326
-1835007
-1638400
-1245181
-1310718
-1900542
-1966080
-1900543
-1835008
-1507325
-1441791
-983040
-1703934
-1703933
-1572862
-1638397
-1638398
-1703936
-1966077
-1703936
-393214
262145
1048578
1835011
1376258
-1179647
-3604477
-4653054
-4259837
-3145728
-3604480
13565953
10747904
-3866624
-12910592
-5046272
-3276800
-2686973
-2359293
-2490365
-2031614
-1835005
-1310720
-262143
720899
1376257
1769473
2818050
3670019
4259841
3407872
2818048
1703936
-65536
-917504
-1376255
-1638397
-1507326
-1310718
-1507327
-1048573
-851968
-851965
-589821
-720896
-851968
-720893
-851968
-786431
-786430
-1179647
-1310719
-1114111
-1114111
-851966
-983038
-1114110
-1507325
-1114112
-1638399
-786429
393217
851970
2490368
2686976
458754
-1835008
-1769470
-1376255
-917503
-1966077
10616833
16711680
-7405567
-8978431
-5111807
-2162688
-1769470
-983040
-458752
-524287
-393215
1
589826
524288
1179651
1441795
1376259
1966081
2359297
2555905
1703938
851971
-262143
-1310717
-1900543
-2097152
-1703935
-1310719
-1048576
-1179645
-1900541
-2162685
-1966080
-1900544
-2293760
-2228221
-2424829
-2228222
-2949118
-2818046
-2490367
-2359294
-2162687
-2228224
-2097149
-1769472
-1966078
-1572864
-720896
196610
1048576
1703936
786433
-2162687
-2883583
-3014654
-3080191
-2097152
-3604478
7471105
16908291
-7536637
-11010048
-4521983
-3342333
-2490366
-2228224
-2097150
-1507326
-1572861
-1507328
-786431
-851966
-851965
524288
1572864
2621442
2686976
2228224
1703939
327683
-1179647
-2228221
-3014655
-2818047
-2883583
-2752509
-2949119
-2883584
-2555903
-2097152
-2162688
-2424830
-2490368
-2621438
-2752511
-2752509
-2228221
-1966079
-1966078
-1900542
-1441792
-1703936
-1703936
-1638400
-1245183
-1441792
-1376255
327682
1245186
1900545
131072
-1966077
-2293757
-2883581
-2228222
-2424831
-1114110
16777219
7798787
-13172734
-6225917
-3342334
-2883581
-2490367
-2555901
-2359294
-1835007
-1769469
-1310719
-786430
-327677
524289
1441793
1900547
1703936
1310722
3
-917502
-2228221
-2621438
-2949118
-2555903
-2490368
-3014653
-2621437
-2359293
-2555903
-2293757
-2162686
-2293760
-2097149
-2097149
-2031615
-2424831
-2686975
-2621437
-2555901
-2555901
-2359294
-2359295
-2031613
-1703935
-1835006
-1179646
-327677
1900544
2228226
1048578
-1507327
-2949118
-2162685
-1835008
-1441790
-917502
17170435
8781827
-13762559
-11337728
-3801085
-3080189
-2097149
-1769471
-1245182
-1376254
-1179647
-655358
-458752
-196607
917507
983043
1114114
2359299
2883584
2752513
1966083
655363
-983038
-1245184
-1900543
-1966078
-1310718
-1572863
-1376254
-655359
-720893
-196608
-262143
-589821
-851966
-917502
-1114111
-1441791
-1310720
-1441790
-1310720
-589821
-1048573
-1114111
-786431
-589821
-327677
-917501
720896
1703938
2949123
1703937
-1114112
-1835008
-2359296
-2293760
-1638398
-2621438
10158082
17104898
-8257533
-9175039
-3276798
-2359293
-1703936
-1900542
-1900541
-2031613
-1638398
-1245181
-655359
-458750
196609
1245185
2162688
1966081
1638401
1441793
786434
-589824
-1310718
-2162685
-3014653
-3080189
-3080192
-2621440
-2293758
-2162686
-2293757
-2424832
-2490366
-2621438
-2490365
-2752509
-2555901
-2752511
-2424831
-2424830
-2555901
-2752512
-3014654
-2424832
-2949119
-3407871
-2883583
-2424830
-2818047
-1900543
-655357
983040
1441794
196609
-3080190
-4587517
-4653054
-4063232
-3473406
-4718589
7733251
17760258
-9109504
-11534335
-4718591
-3604477
-2883584
-2818047
-2359295
-2228223
-2293758
-2097151
-1572864
-1310717
-786429
-393214
655361
1245187
1638401
1441795
1572867
1114114
-458752
-983037
-1376256
-1835006
-1179648
-917504
-983038
-524286
-720895
-1179647
-1048576
-1179646
-1376256
-1441791
-1900542
-2424829
-2097150
-1769472
-2031616
-2555901
-2359293
-2228222
-2293760
-1376253
-1507326
-2097150
-2097151
-1441791
196611
983040
1376258
-393214
-2293758
-2490365
-3014655
-2621439
-3473405
1703936
12386304
13631489
-12582909
-8388606
-4259837
-3801087
-3276798
-3014655
-2555903
-2424830
-2555902
-1376255
-983038
-1048573
-65533
1310723
1835011
2359298
2686978
1638402
458752
-720896
-2097150
-2818046
-2818046
-3211264
-3538941
-2818048
-2490367
-1835008
-1835005
-1441789
-1507326
-2162686
-1966079
-1966078
-2031616
-1507325
-1638397
-1638399
-1572864
-1638400
-983039
-917503
-851965
-786430
-917504
-917504
-1179648
-1048576
-524287
917505
2031617
2359297
458754
-2031616
-2424831
-2162687
-1572862
-2162688
4849664
19464192
-1179646
-10616829
-7077886
-2883582
-2228222
-2097152
-1310718
-917503
-196607
-589821
-327680
65539
851970
1048578
2031617
2293762
2424835
3670019
3211265
1310722
196609
-983039
-1966077
-1900544
-1441792
-1703934
-1638397
-1310718
-1507328
-1507327
-1441792
-983040
-1114111
-720895
-1179648
-1638400
-1572864
-1835006
-1703935
-1376255
-1835006
-1638398
-1703935
-1835007
-1638397
-1572863
-1245183
-458752
1310721
2949122
2949123
1638402
-1966078
-3735552
-3670016
-3473407
-3080190
-524287
17694720
4653057
-13565949
-6488061
-4128765
-3801088
-3604479
-3080190
-2752512
-2490366
-1966077
-1376255
-917503
-983038
327682
1638402
1769472
2162689
2031616
2162691
2359296
1048578
-131070
-917504
-1507326
-1966080
-1966079
-2097152
-1572863
-1900541
-1769469
-1310718
-1179647
-720893
-1114109
-1048574
-1245182
-1441792
-1114111
-1179648
-1179646
-1310717
-1703936
-2555903
-2031613
-1703935
-1572862
-2228224
-2359295
-2424832
-1048574
327680
1376259
720899
-1114109
-2031614
-2818046
-2686973
-2621437
-3538944
4587521
19333122
-3735552
-12189694
-4325376
-3080189
-2031615
-2293757
-2162686
-1507328
-1507325
-1310719
-1114111
-851966
2
1245184
1835008
2293763
2162689
2097154
2555906
1310723
-851967
-1966080
-2883584
-2883581
-3014653
-2949117
-2621438
-2097152
-1703934
-1376256
-1376255
-1572862
-1966079
-1376256
-1441789
-2228223
-2490367
-2621438
-2621439
-2752510
-2752511
-2686974
-3014653
-3080191
-2293760
-1769470
-2228222
-2162688
-393214
589826
1572864
2293762
720896
-1835006
-2424832
-2424831
-2359295
-1572863
-1245181
17235969
8978435
-11927552
-6094846
-3276798
-2359293
-2162685
-1114111
-1376255
-1245183
-786431
-1048573
-655359
262147
851970
1048576
1638402
2031619
1638401
1245187
655360
-196608
-1966078
-2293758
-2490366
-2686975
-1835006
-1966077
-2490367
-2686974
-1703936
-1835008
-1638397
-1507328
-1638400
-1638400
-1114111
-1114110
-1376254
-589821
-786429
-983039
-983039
-655360
-524287
-196605
-262143
65539
1441794
3670018
3735553
1114114
-1245182
-1048575
-1441792
-917504
-1835008
11468800
17432579
4653056
-11927551
-3932158
-2359296
-1507326
-1638400
-1638399
-720893
-786432
-131070
786432
917504
917504
1245186
1703937
1900547
1900545
2031618
1441792
458755
-262142
-1769471
-2949119
-2555904
-2424831
-2555904
-2490365
-2031614
-2162687
-1900544
-1769471
-1900544
-2490367
-2490365
-2424830
-2686975
-1966079
-1900543
-2097149
-1966079
-1966079
-2555904
-3276798
-3473406
-3473406
-2686973
-2031613
-524287
917507
-851967
-2097151
-3538941
-3735551
-3276798
-3407871
-2621438
16187392
7208963
-15597568
-7733246
-4784127
-3735552
-3801085
-3407872
-3014656
-2752512
-2949119
-3080189
-2031614
-1310718
-917504
-262144
983040
1638401
1900544
1835008
1310721
0
-1310720
-2162687
-2883583
-2686973
-2424831
-2555904
-2621439
-2818047
-2228221
-2097151
-2228224
-2031613
-1900542
-1638398
-1638398
-1703933
-2490367
-2490366
-2097149
-1900543
-2162685
-2031613
-1900544
-2097149
-2162687
-851966
327682
1769475
917507
-2097151
-3211262
-3276797
-3080191
-2949120
-3473407
8978435
17235971
-9371646
-10420222
-4390910
-3538944
-3407871
-2883581
-2555902
-2424832
-1769472
-1114112
-786432
-262142
196609
1179648
1900547
1966082
2293762
2162690
1179650
1
-1310718
-1835006
-2228222
-2621440
-1835007
-2293758
-2424829
-2490366
-2293757
-2031615
-1900543
-2555902
-3080189
-2686976
-2949119
-3080189
-2818048
-2752510
-2621438
-2686975
-2359293
-2359296
-2424830
-1900543
-1376253
-1572863
-1900544
-1441789
524291
1900545
2686978
131073
-2228222
-2162686
-2293757
-1572863
-2686974
6619139
20119554
-5570558
-13500415
-6684669
-3932159
-3014656
-2686976
-2097150
-1966077
-1310720
-1310720
-983040
-65533
131075
262145
1114112
1966081
1966081
1900547
1900546
1114112
-131072
-1703933
-2424830
-2490367
-2097149
-1835007
-1572864
-1048573
-720893
-655360
-917502
-1048576
-1114112
-2490366
-3145728
-2883581
-2424831
-2359295
-1769472
-1507326
-1966079
-1703933
-1179645
-1572861
-1441792
-983040
-720894
-851967
983042
2031618
2228226
1769475
-655358
-2490367
-2359293
-2031613
-1179648
-2555901
13238272
12976129
-10616831
-7995389
-3604478
-2097152
-2031614
-2359293
-1769471
-1769469
-1114110
-851965
-589823
-458749
262144
917504
1703939
2162689
2228226
2359296
2031617
1245184
-262144
-786429
-983038
-1114111
-1048576
-1245183
-851968
-1048574
-1245182
-1245183
-1769469
-1638399
-1245183
-1507327
-1900543
-1769472
-1835005
-1900544
-1638397
-2162686
-2162686
-2359293
-2359295
-1769469
-2031616
-1966077
-131070
1703937
2097154
917504
-1507327
-2424832
-2359296
-2228222
-1769469
-2555903
6422529
19267585
-4915200
-11468799
-3735550
-3014656
-2818048
-2097150
-2162686
-1769472
-1835005
-1900542
-1638397
-1507326
-1310718
-196608
196609
851969
1179651
1376257
655363
-327680
-1179648
-1507325
-2097152
-3014655
-2686973
-2031613
-2031613
-2097149
-2359293
-2424830
-2424830
-2490366
-2359296
-2228224
-1900544
-1376255
-1835005
-2097150
-2228224
-2293757
-2162686
-2359294
-1835008
-1966079
-1900544
-1900544
-2031616
-1441790
-589824
589826
589827
1769474
2293762
-196608
-2490366
-2424830
-2228221
-2293758
-2228222
-851965
18415617
6291456
-13631488
-5439488
-3407872
-3014655
-2555901
-2228221
-2293757
-1507326
-1310720
-917503
65536
589825
1179648
1966080
2621443
2818048
2752513
1835008
589824
-262141
-720896
-1966078
-1703933
-2359293
-2097152
-1507328
-1441791
-1376255
-1572863
-1441792
-1441789
-1835008
-1966080
-1703936
-1376254
-1769472
-1835005
-1376253
-1245181
-1048575
-1245183
-1179647
-589824
-917502
-524287
-327679
-851968
-917503
-720893
-589823
-589824
327682
1310722
2228225
1572866
-131071
-851968
-983037
-917504
-393216
-1769469
4587523
19726339
-1441789
-10092541
-2949119
-1703934
-1179645
-1048576
-393216
-458751
-720894
-720894
-851965
-262141
786434
1310720
2097154
2228226
2490371
3014656
2293760
1179649
655361
-458751
-1245182
-1441790
-1245184
-1441790
-1179646
-1048576
-851968
-458751
-589823
-327677
-458752
-1441792
-1572864
-1769470
-1507325
-1179647
131074
524290
1245187
1441794
1769474
1835010
1507330
983040
720897
-196606
-1114111
-2031616
-2359296
-2228224
-2424831
-2097152
-1441792
-1703935
-1703935
-1769470
-1441789
-1703934
-1835008
-1900544
-2097149
-2031613
-2097152
-1966078
-1245183
-1507325
-1572861
-1703934
-1507328
-1376255
1638403
2555906
1048578
-2228221
-2949118
-3604480
-3211261
-3276800
-4128766
10223618
15466497
-10092543
-9437181
-3735551
-3014656
-2818047
-2752509
-2490367
-1638399
-1835006
-1441790
-851968
-65533
458754
589827
983040
1245187
1572866
1769473
1114112
-393213
-1638400
-1441791
-1245183
-1179647
-1376255
-983040
-851965
-917504
-786430
-983040
-1376253
-1507327
-1310718
-1703936
-1769471
-1900544
-2424829
-1835008
-1835005
-1769472
-2228224
-1966077
-1900543
-1900541
-1769469
-851967
1114112
1441794
1638403
2
-2883582
-3407871
-3342334
-3014655
-3473408
3407872
19202050
-3604477
-13172736
-5439488
3276803
2293762
524288
-262143
-917504
-786431
-1310718
-1245184
-1376253
-1835006
-1769471
-1703936
-2097152
-2162688
-1703935
-1769471
-1769469
-1703936
-1769470
-2097152
-2162687
-2031616
-1900544
-2228223
-2097150
-1179648
851969
1966083
2097155
1114115
-2162688
-2883581
-2293758
-2621439
-2490365
1310721
17825792
2883587
-12582912
-5439488
-2818046
-2686976
-3932159
-3080190
-2686976
-2883583
-1966078
-1769470
-1703934
-851967
-196605
655362
1507330
1441795
1507328
1376256
1048577
458752
-1048574
-2097152
-2424830
-2424831
-2162687
-2162685
-2097150
-1638397
-1769469
-1966080
-1966080
-2031615
-1572863
-2031613
-2359293
-2424830
-1835008
-2424829
-2555903
-2949119
-3145726
-2621438
-1769470
65538
1376258
1048576
-1441790
-3735550
-4063230
-3276797
-3014654
-2818047
13893632
18153474
-4259837
-12910591
-4784127
-3997693
-3473407
-2883584
-2097150
-1769469
-1703936
-1310717
-1245182
-983039
-131071
917507
1638402
2359298
2293763
2293761
1638400
720897
-589823
-1048573
-1703933
-1900544
-1966078
-1769469
-1245182
-1507325
-1572862
-1441790
-1703933
-1441791
-1441792
-1966080
-2097150
-1769469
-1310720
-1572862
-1572861
-1507328
-1966078
-2228224
-1769471
-1572861
-1114112
786433
2359298
2621441
786433
-458751
-1703935
-1703935
-1441792
-983039
-1114110
15597569
12058626
-11993086
-6881280
-3211264
-2359296
-2031616
-2097150
-2359296
-1572864
-1572864
-1376256
-393213
3
917507
1638401
1769473
2031617
2424833
2490370
1835008
589824
-786431
-1769469
-2293760
-1900542
-2031614
-1900543
-1572863
-1310718
-1441791
-1703935
-1900542
-1245184
-1376254
-2031613
-2490368
-2031613
-2228221
-2424832
-2621438
-2424829
-2555903
-2621440
-2621437
-2097149
-2490365
-2686973
-2490365
-2162688
-1572863
-1835008
-1572862
-1441790
-1310719
-1114110
-851968
-720894
-917501
1310722
2555907
1835010
-786431
-2424829
-2621437
-2097152
-1703934
-917502
16646145
17694720
-5963774
-10092542
-4325374
-3211261
-2359293
-1638397
-1441789
-1441789
-1310720
-327679
-327680
-327680
262146
655363
1179651
2097155
2228227
2752513
2818048
1572864
196611
-1310717
-1310720
-983039
-983038
-786432
-917501
-786432
-524285
-1245184
-786431
-1114111
-1900544
-1900544
-2031615
-1835007
-1900541
-2031615
-1900544
-1900541
-1245181
-1310719
-1114109
-655360
-786430
-851966
-1245182
-1179645
-720896
-851967
-1179647
-1048574
-983040
-983038
-917502
-655358
1245186
2883587
1769474
-1179647
-2293758
-2162686
-2359293
-1638398
-2686974
6815745
17760258
-6815743
-10878976
-3997695
-3538944
-2490366
-2359295
-2490367
-2359293
-1769471
-983038
-1048575
-1310718
-458752
131075
1114112
1572867
1638403
1572865
917506
393216
-720893
-1638397
-2490368
-2818047
-2490368
-2490366
-2490368
-2293760
-2490367
-2162687
-1769469
-2162687
-2228224
-2162688
-2228223
-2162687
-1966077
-1507328
-2359295
-2490368
-2424831
-2424830
-2359294
-2228223
-1966077
-1835007
-2293758
-1638399
-2097149
-1835007
-1638398
-1703933
-1376256
-1507325
-1048574
-1441791
-2031613
-1900543
65539
1835010
1376259
-1048574
-2621439
-2883582
-3080191
-2686975
-2883583
14221315
9568257
-4784126
-12451838
-4521983
-3276797
-2883582
-2424830
-2228221
-2031613
-1966077
-1376253
-720894
-131071
262147
655362
1572865
2162689
2752515
2883585
2097154
786433
-131069
-1114109
-1048574
-1507327
-2097151
-1769471
-1703936
-1638397
-1900542
-2162687
-1638399
-2490365
-1835008
-2097152
-2228224
-2162688
-2031613
-2424829
-2883583
-2818046
-2031616
-1900543
-2097150
-2228223
-2228224
-1966078
-1703934
-2031616
-1900544
-1638397
-1507327
-1572861
-1572863
-1310718
-983040
-1048576
-1441791
-524285
1507330
2424835
917505
-1835005
-2359293
-2097152
-1835006
-1900543
-589821
16449538
7798787
-11403262
-6029310
-3080190
-1966080
-1441789
-1376254
-1245184
-1441792
-1310717
-720896
1
458754
720899
1507329
2097152
2555907
2883584
2293760
1638401
1114115
65536
-720893
-1572861
-2162685
-1835007
-1900542
-1703935
-1507325
-1572863
-2228221
-2818048
-2752509
-2555904
-2883581
-2424830
-2293758
-2818046
-2490368
-2293758
-2293760
-2228224
-2228222
-2359293
-1900543
-1835005
-2097149
-1703934
-1441792
-1638400
-1507327
-1114110
-1114111
-1441790
-1310718
-1048575
458752
1769474
2555907
1179649
-1572862
-2490366
-2293758
-1769470
-1769469
3276802
20250624
2490368
-11862014
-4194304
-3145726
-2359295
-1900542
-1572863
-1114110
-1900543
-1572863
-1245184
-524286
-262142
589826
1179648
1179651
1507330
2228227
2097155
1048576
-65535
-1376256
-1966078
-2359296
-2883583
-2424831
-2162687
-2359296
-2228223
-1835008
-2228224
-2162685
-1507328
-1966077
-1966078
-1310720
-2097149
-2031616
-1769469
-1441792
-1703934
-2031616
-1900541
-1769469
-1900542
-2293760
-2097151
-2162686
-1769472
-1441792
-1376253
-983039
-983039
-983039
-851968
-851966
720897
2228225
2359297
589827
-1310719
-1835007
-2359296
-1703934
-3211261
-983037
17498115
6684675
-12910592
-5636093
-3473407
-2883583
-2752511
-2097151
-2031615
-1703936
-1507326
-983038
-851965
-720893
-262144
655361
1310720
2031619
2293761
1769474
983041
-458752
-1835005
-3145725
-3538943
-3604477
-3014655
-2555901
-2555904
-2949117
-2359294
-2359294
-2424830
-2097149
-2293758
-2555903
-2686976
-2686976
-2490365
-1835007
-2097150
-2293758
-2162686
-1966077
-2031615
-2293757
-2359294
-2097149
-1703934
-1769470
-1441790
-851968
-1376255
-65536
1638403
2359298
1703936
-1048573
-2097150
-2162688
-1835005
-2162685
-2097149
12976130
13041665
-10485758
-7602175
-3538942
-2359296
-1769469
-1376255
-1376255
-1507325
-1114112
-851968
-393214
458753
786434
1376258
1966080
2621443
2949121
2490368
2031619
851971
-983037
-1769470
-1769470
-2097151
-2097150
-1310719
-1114112
-786432
-1114112
-1572864
-1441792
-1441789
-1507325
-1507325
-1572861
-1376256
-1048575
-1048576
-1376253
-1638397
-1507327
-1245181
-589822
-851968
-1310717
-1114112
-1507328
-1572863
-1310720
-196605
1376256
2621441
1441792
-1572863
-2293760
-2621440
-2424830
-2424831
131074
9109505
15532034
-8716285
-10092544
-4718592
-3473407
-2162688
-2293757
-2162685
-2359293
-1966078
-2097150
-1703933
-1245182
-327678
393217
1310722
1376259
1441795
1835009
851970
-524288
-1900543
-2424832
-2949118
-3342335
-3342336
-2752512
-2424830
-2031615
-1835007
-1703936
-1900544
-1835005
-1572864
-1507328
-2097151
-2424832
-2293757
-1900541
-1769472
-1703933
-1835007
-1376254
-1638399
-2359294
-2097151
-1835005
-1835006
-1245182
720897
1507329
2555905
2031617
-393214
-2228221
-2424832
-2293757
-1507325
-1966077
15007747
11206657
-12517376
-11927551
-4521983
-3997693
-2686976
-2490366
-2424831
-1769471
-1966079
-1441789
-1179646
-1310718
-589822
655362
1245185
2031619
1835011
1507331
786432
-131071
-1310718
-2359296
-2752510
-3473406
-2686976
-2228221
-2228224
-2424830
-2228224
-1966077
-1966078
-1966079
-2162686
-2228222
-2293759
-2424829
-2228224
-1835005
-1966078
-2097150
-1835005
-1638398
-1703936
-2162686
-1966079
-1507326
-1638397
-1703936
-327678
1048579
2293760
2031617
65537
-1900544
-2686973
-2555901
-1966078
-2359295
8781826
18415616
-7864318
-10813437
-4325376
-3473405
-2949117
-2883584
-3276798
-2555903
-1376255
-1179648
-1048575
-1114112
-131069
1376259
2162690
2686978
3080194
3276803
2752512
1048578
-262142
-1638398
-2490368
-2752509
-2228222
-2228221
-2359296
-1966080
-1900543
-2162685
-2555904
-2031614
-1966078
-2228223
-1966077
-1835006
-2293758
-2424832
-2490367
-2949120
-2424831
-1835006
-1835006
-1835005
-1835006
-1507327
-1966078
-1572861
-1114111
-1376255
-1376254
-1245183
131073
917507
2162690
983043
-1638398
-3014655
-2883581
-2490367
-1769471
-65533
18546690
5898243
-9568253
-3080189
-2686975
-1900541
-1507328
-1703935
-1507326
-1048574
-1245183
-1048576
131072
1114112
1703937
2097154
3014658
3014659
2621443
1703939
524291
-917503
-1966079
-2359295
-2097151
-1703933
-1900543
-1835005
-1179646
-1179648
-1507326
-1245184
-917503
-1310720
-1245182
-1507325
-1507327
-1376253
-1507326
-1703934
-1441790
-1703934
-1966077
-1441791
-1835005
-1638400
-1310718
-1376255
-1441789
-1376256
-1966077
-1769471
-196608
1114112
2490371
1441792
-851967
-2031614
-2621437
-2490368
-2424829
-196607
16908288
5636096
-6881277
-9633791
-3866622
-2883581
-2621437
-1966077
-1769469
-1441792
-1441789
-720896
-983039
-262142
196610
524291
1572865
2162691
2686976
2686979
2162690
851970
-196608
-1703936
-2162687
-2162686
-2097149
-1966078
-1835007
-1703936
-1966080
-1703934
-1769470
-1835007
-1769470
-1769471
-1835006
-1703933
-917504
-1048573
-1572861
-1245183
-1835008
-1441792
-1179645
-2293759
-2686975
-1835008
-1900543
-1310717
-655357
524289
1441795
2162688
1507330
-1179648
-2883583
-2949117
-2031616
-2097150
327681
18481155
4849665
-13041664
-9895936
-4194301
-2424832
-1966077
-1703936
-1900543
-1835006
-1310720
-1572862
-589823
-589824
65536
1048579
1179648
851969
917504
851969
131074
-589824
-2228222
-3080190
-3211264
-3866621
-3145727
-2818048
-2949117
-2883582
-2949117
-2752511
-2818046
-2621438
-2621437
-2097150
-2162685
-2555903
-2228224
-2555901
-2818047
-3407869
-3932160
-3735551
-3538942
-3997693
-3670014
-2949118
-3014655
-3211263
-2162688
-131072
1114114
1638403
1441794
-917502
-3080189
-3080191
-2949117
-1900544
-1441789
16318466
11665408
-11730944
-6291455
-2621437
-2228222
-1507325
-1310717
-720894
-524285
-262141
-655357
-65535
917504
1114113
1572867
2621443
3014657
2752512
2686978
2162691
983042
262144
-917501
-1114112
-1572862
-1572864
-1703934
-1048573
-1048575
-1441789
-1245181
-786430
-655358
-458751
-1441792
-1638400
-2490367
-2162686
-1769471
-2097152
-2490366
-2424830
-2424829
-2752510
-2555902
-2097151
-2490367
-2359296
-2228224
-983037
720898
2031616
1179651
-1638397
-2555902
-3276798
-2621440
-1376255
-3080192
5373953
19726338
-3932160
-11927552
-4325375
-3407872
-2228221
-2031614
-1638397
-851966
-589824
1310721
1900546
1572867
1638403
2359298
2555907
3473409
3211264
3145729
2818048
1310721
196610
-1376255
-2097151
-2097151
-2490365
-2359296
-2293760
-2359294
-2424831
-1835006
-1900544
-2293757
-2031613
-2162687
-1900544
-2228221
-3080189
-2818047
-3080189
-2621437
-2228222
-2490367
-3014654
-2883584
-2031616
-2031614
-2162688
-1310719
-327680
1114113
1966082
262144
-1703935
-3014654
-3276798
-3014653
-1769469
-2293760
12189697
14811138
-10551294
-8978430
-3538943
-2949118
-2490366
-2293758
-2424829
-2097150
-1572863
-983038
-1179648
-393215
196609
655362
1769473
1769474
1507329
1376259
1245186
196609
-720893
-1769472
-2621437
-3211261
-2949117
-3145726
-2949120
-2621440
-2555903
-2359295
-2490366
-2490366
-2359296
-2293759
-2424831
-2621439
-2490368
-2293760
-2293759
-2621439
-2031615
-1441790
-1376254
-393213
-196608
-262144
-458749
-262144
393216
983041
2424834
1966080
-262142
-2097152
-2228222
-2555903
-1507325
-2490366
983041
18284546
3342339
-12582909
-5242879
-2883583
-2097151
-1966078
-1179647
-1048576
-458752
-262141
-131072
262146
917504
1179648
2228225
2293763
2359297
2097154
1376258
393216
-917502
-2228224
-2883581
-3407872
-3407869
-3211261
-3145725
-2686976
-2752509
-2424832
-1900541
-1638398
-2162688
-1900544
-2097150
-2359293
-2097152
-2555902
-1900541
-1310720
-2097152
-1769472
-1769470
-1441790
-1048574
-262144
-393213
720897
1441792
1966080
2555905
458752
-2162687
-2818046
-2883582
-2621438
-2818047
4128770
19922945
-1048576
-11534334
-7733246
-2555902
-2228222
-1900541
-1179647
-1179648
-720895
-589823
-655360
-655360
327680
1114112
1179650
1900546
2228227
2162690
1703936
589825
-720896
-2031616
-2359293
-2752512
-3276797
-2555901
-2162686
-2424829
-2162685
-1900541
-1966078
-1900544
-2162688
-2424830
-2424832
-2621438
-2490365
-2162687
-2162688
-2162685
-2097151
-2752512
-3276798
-3080190
-3145725
-2686974
-2031614
-2752509
-1703934
1
983042
1310723
1179650
-983039
-2621438
-2490365
-2555901
-1966079
-2424830
11468801
16842755
-10092541
-9043965
-3080192
-2686976
-1835007
-1376255
-1638399
-1638398
-1376255
-917504
-262141
458752
1114114
1376257
2359297
2818048
2818048
2228224
2228227
1835008
262146
-917504
-1376255
-1900544
-1769469
-1376256
-1310718
-1114110
-983039
-1376254
-1507327
-1376255
-2162688
-2686975
-2621438
-2752510
-2555904
-2162686
-2097150
-2097152
-2228222
-2293759
-2555901
-2490368
-2883581
-2883582
-2162686
-1507327
-2097149
-1703933
-786429
2
1507330
2424832
2031616
-327677
-2293758
-2752509
-3014653
-2228224
-3407869
9633795
16449539
-9764863
-9961470
-5636096
-3211263
-2359295
-2490368
-1703933
-1572863
-1638400
-1310719
-786431
65539
327681
917506
1835011
1769473
2031616
2293763
2424834
1441794
262145
-1048574
-1638397
-2686975
-2359296
-2031615
-2031613
-1769469
-1572862
-1245183
-1638400
-1441790
-1376253
-1966079
-2293757
-2031614
-1703933
-2097151
-2424829
-2359295
-2162688
-1638399
-2228222
-1966077
-1966079
-2621439
-2555904
-1966077
-1507328
-1835008
-589823
1507329
2490368
2293760
-327679
-2424829
-2555902
-2686974
-1900541
-3080191
9895937
15466498
-8978432
-9306109
-3538942
-3145725
-2949120
-2621437
-2555904
-2097151
-1572864
-1441791
-1048574
-327677
262147
720899
1179651
2097152
2490369
2752515
2490369
1572865
524288
-655359
-1114110
-1310717
-1441792
-1114112
-1245183
-1245183
-1310717
-1114111
-524288
-917504
-1310719
-1835007
-2031613
-1376255
-1441791
-2293758
-2293760
-1441789
-1310719
-2031615
-1966079
-1572863
-1507327
-1703935
-2359294
-2883582
-1441792
65536
1114115
1310721
458752
-2162685
-3080190
-3670014
-3538941
-2949117
524290
19595266
2818051
-13631487
-4718592
-2949118
-2293758
-2359294
-2424830
-1638398
-1638400
-1507326
-1441792
-1310718
-393214
524291
851969
1376256
1900544
1900545
2162689
1966083
196608
-1310717
-2359294
-2686974
-2490368
-2228223
-2359294
-1769471
-1572864
-1638400
-1966079
-2293758
-2818045
-3080189
-2555904
-3080190
-2752510
-2686976
-2686973
-2228224
-2686976
-2555901
-1900542
-2424830
-2031616
-1703934
-1572861
-1572864
-1376253
-1114110
-1507326
-655360
786433
2359297
2293760
-65535
-1900542
-2424830
-2818045
-1769472
-2621437
6356993
20250627
-5701632
-11730944
-3997694
-3866621
-3276800
-2883584
-2555901
-2621438
-2293758
-1638400
-1572864
-720894
-196607
1245187
2228225
2424835
2686979
3145730
2686978
1703939
458754
-786432
-2097151
-2293759
-2031616
-1769470
-1769470
-1376254
-1179647
-851966
-1310717
-1900542
-1703935
-1572864
-2097150
-2031615
-1441790
-1507325
-1638399
-1441790
-1507328
-1310717
-851966
-1179646
-720893
-1048573
-1114110
-917501
-1179647
-393215
1179648
2228224
1966080
786433
-1835006
-2883581
-3538943
-2818047
-2818045
3014658
18350083
-262143
-11206654
-4849663
-3145727
-2883581
-2752509
-2359293
-2097150
-1638399
-1572864
-1310717
-1114111
-196605
393217
917507
1703939
1703939
1703938
1310720
983041
-196605
-1703935
-2490365
-2949120
-3407872
-2818048
-2555901
-1703936
-1769470
-1769471
-1376254
-1114111
-1507325
-1900541
-1769469
-1507327
-1441789
-1638399
-1769472
-1966080
-2162687
-1769471
-1769470
-2162686
-1835008
-2162686
-1769469
-1114112
655360
1703938
1966082
-131070
-2359293
-2162688
-2752511
-2883583
-2686974
327680
18546690
3932161
-13565952
-5832702
-3670016
-3014656
-2424831
-1703934
-2228222
-2228223
-1835005
-1376255
-393216
458755
524288
458752
1507331
1835011
2097152
2228226
917504
-720894
-1310718
-2031615
-2555902
-2490366
-2359295
-2686975
-2490366
-2818048
-2555904
-2359295
-2359295
-2293760
-2228222
-1966079
-2097149
-1966078
-2031616
-1966077
-1900542
-2293758
-1703936
-2293757
-2228223
-2031613
-1966080
-1769470
393218
2097153
2031617
2
-1966077
-2424829
-2424832
-1572861
-2621437
10944515
17891328
4521986
-13172733
-4653053
-2949118
-2293757
-2162686
-1835005
-1703933
-1769472
-2162686
-2031613
-1179646
-1114112
-917502
589826
1048576
1572865
2162690
1441795
589825
-65536
-1245182
-2097149
-2359294
-2031614
-1703936
-1703933
-1703936
-1507327
-1703933
-1835006
-1638398
-1835007
-1900541
-2097149
-1572863
-1835005
-1507325
-1245184
-1572862
-1507325
-1441789
-1310717
-1245182
-1048573
-655359
-1245183
-1179648
1835008
2621440
2359298
983042
-1048574
-1703934
-1441792
-1048574
-2293759
10027009
18677761
-7667711
-8650752
-2621438
-2293758
-2097149
-1835008
-1638398
-1310718
-1179646
-786432
-262142
262144
786433
917504
1769475
2621443
2818048
2686976
1441792
917504
-983040
-2359294
-2424830
-3407869
-3670016
-2883582
-2621438
-2293760
-2031614
-2097152
-2424830
-2359295
-2228224
-2359293
-2424832
-2490367
-2359296
-2490368
-1900543
-1900544
-2359294
-2293760
-2097151
-1966077
-1769472
-1769470
-327679
1376259
2359297
1179650
-1441792
-2490365
-2555904
-2818046
-2490366
-3080191
9371648
15007745
-8454144
-9371645
-3932158
-2097151
-1376254
-1310718
-1507328
-1376256
-1376254
-851967
-262141
196608
393217
1048576
1900547
2686978
2293761
2621443
1966081
327680
-655358
-1179647
-2228221
-2883581
-2162685
-1638398
-1507328
-1179648
-1376254
-983040
-1114112
-1835008
-2097149
-2359294
-2097151
-1703933
-1966079
-2359296
-2424831
-1769471
-1900541
-1245184
-1441789
-1900541
-1703936
-1638399
-1048573
1179650
2162688
1966082
-458750
-2424831
-3014655
-2883584
-2490366
-3014656
12255233
15138817
1572865
-12255232
-4063231
-2424830
-1638397
-1638397
-1900541
-1966078
-1966079
-1245184
-720893
-720895
-65536
196609
655360
1114114
1507331
1966082
851971
-262141
-1703935
-2293757
-2883581
-3407869
-3407872
-3211262
-983040
-393216
-393213
131072
-262142
-327680
-983038
-1245182
-1507325
-1507328
-1245183
-1703936
-1966078
-1769470
-1507325
-2293760
-2424829
-2424831
-2031614
-1769469
-786431
1048577
1966082
2555904
1572865
-2293759
-3473408
-3080189
-3145725
-2228222
-1179648
17039360
8192003
-14090240
-6619135
-3932160
-3211263
-2883584
-2686973
-2752512
-1966080
-1966080
-1769472
-1572861
-393214
458754
851971
1572867
1769474
1703936
1769473
1245185
-65536