0
0.0150057506545143
0.0300115013090286
0.0450172519635429
0.0600230026180572
0.0750287532725715
0.0900345039270858
0.105040254581600
0.120046005236114
0.135051755890629
0.150057506545143
0.165063257199657
0.180069007854172
0.195074758508686
0.210080509163200
0.225086259817715
0.240092010472229
0.255097761126743
0.270103511781258
0.285109262435772
0.300115013090286
0.315120763744800
0.330126514399315
0.345132265053829
0.360138015708343
0.375143766362858
0.390149517017372
0.405155267671886
0.420161018326401
0.435166768980915
0.450172519635429
0.465178270289943
0.480184020944458
0.495189771598972
0.510195522253486
0.525201272908001
0.540207023562515
0.555212774217029
0.570218524871544
0.585224275526058
0.600230026180572
0.615235776835087
0.630241527489601
0.645247278144115
0.660253028798630
0.675258779453144
0.690264530107658
0.705270280762172
0.720276031416687
0.735281782071201
0.750287532725715
0.765293283380230
0.780299034034744
0.795304784689258
0.810310535343773
0.825316285998287
0.840322036652801
0.855327787307316
0.870333537961830
0.885339288616344
0.900345039270858
0.915350789925373
0.930356540579887
0.945362291234401
0.960368041888916
0.975373792543430
0.990379543197944
1.00538529385246
1.02039104450697
1.03539679516149
1.05040254581600
1.06540829647052
1.08041404712503
1.09541979777954
1.11042554843406
1.12543129908857
1.14043704974309
1.15544280039760
1.17044855105212
1.18545430170663
1.20046005236114
1.21546580301566
1.23047155367017
1.24547730432469
1.26048305497920
1.27548880563372
1.29049455628823
1.30550030694274
1.32050605759726
1.33551180825177
1.35051755890629
1.36552330956080
1.38052906021532
1.39553481086983
1.41054056152434
1.42554631217886
1.44055206283337
1.45555781348789
1.47056356414240
1.48556931479692
1.50057506545143
1.51558081610594
1.53058656676046
1.54559231741497
1.56059806806949
1.57560381872400
1.59060956937852
1.60561532003303
1.62062107068755
1.63562682134206
1.65063257199657
1.66563832265109
1.68064407330560
1.69564982396012
1.71065557461463
1.72566132526915
1.74066707592366
1.75567282657817
1.77067857723269
1.78568432788720
1.80069007854172
1.81569582919623
1.83070157985075
1.84570733050526
1.86071308115977
1.87571883181429
1.89072458246880
1.90573033312332
1.92073608377783
1.93574183443235
1.95074758508686
1.96575333574137
1.98075908639589
1.99576483705040
2.01077058770492
2.02577633835943
2.04078208901395
2.05578783966846
2.07079359032297
2.08579934097749
2.10080509163200
2.11581084228652
2.13081659294103
2.14582234359555
2.16082809425006
2.17583384490457
2.19083959555909
2.20584534621360
2.22085109686812
2.23585684752263
2.25086259817715
2.26586834883166
2.28087409948617
2.29587985014069
2.31088560079520
2.32589135144972
2.34089710210423
2.35590285275875
2.37090860341326
2.38591435406777
2.40092010472229
2.41592585537680
2.43093160603132
2.44593735668583
2.46094310734035
2.47594885799486
2.49095460864938
2.50596035930389
2.52096610995840
2.53597186061292
2.55097761126743
2.56598336192195
2.58098911257646
2.59599486323098
2.61100061388549
2.62600636454000
2.64101211519452
2.65601786584903
2.67102361650355
2.68602936715806
2.70103511781258
2.71604086846709
2.73104661912160
2.74605236977612
2.76105812043063
2.77606387108515
2.79106962173966
2.80607537239418
2.82108112304869
2.83608687370320
2.85109262435772
2.86609837501223
2.88110412566675
2.89610987632126
2.91111562697578
2.92612137763029
2.94112712828480
2.95613287893932
2.97113862959383
2.98614438024835
3.00115013090286
3.01615588155738
3.03116163221189
3.04616738286640
3.06117313352092
3.07617888417543
3.09118463482995
3.10619038548446
3.12119613613898
3.13620188679349
3.15120763744800
3.16621338810252
3.18121913875703
3.19622488941155
3.21123064006606
3.22623639072058
3.24124214137509
3.25624789202960
3.27125364268412
3.28625939333863
3.30126514399315
3.31627089464766
3.33127664530218
3.34628239595669
3.36128814661120
3.37629389726572
3.39129964792023
3.40630539857475
3.42131114922926
3.43631689988378
3.45132265053829
3.46632840119280
3.48133415184732
3.49633990250183
3.51134565315635
3.52635140381086
3.54135715446538
3.55636290511989
3.57136865577441
3.58637440642892
3.60138015708343
3.61638590773795
3.63139165839246
3.64639740904698
3.66140315970149
3.67640891035600
3.69141466101052
3.70642041166503
3.72142616231955
3.73643191297406
3.75143766362858
3.76644341428309
3.78144916493760
3.79645491559212
3.81146066624663
3.82646641690115
3.84147216755566
3.85647791821018
3.87148366886469
3.88648941951921
3.90149517017372
3.91650092082823
3.93150667148275
3.94651242213726
3.96151817279178
3.97652392344629
3.99152967410081
4.00653542475532
4.02154117540983
4.03654692606435
4.05155267671886
4.06655842737338
4.08156417802789
4.09656992868241
4.11157567933692
4.12658142999143
4.14158718064595
4.15659293130046
4.17159868195498
4.18660443260949
4.20161018326401
4.21661593391852
4.23162168457303
4.24662743522755
4.26163318588206
4.27663893653658
4.29164468719109
4.30665043784561
4.32165618850012
4.33666193915463
4.35166768980915
4.36667344046366
4.38167919111818
4.39668494177269
4.41169069242721
4.42669644308172
4.44170219373623
4.45670794439075
4.47171369504526
4.48671944569978
4.50172519635429
4.51673094700881
4.53173669766332
4.54674244831783
4.56174819897235
4.57675394962686
4.59175970028138
4.60676545093589
4.62177120159041
4.63677695224492
4.65178270289943
4.66678845355395
4.68179420420846
4.69679995486298
4.71180570551749
4.72681145617201
4.74181720682652
4.75682295748104
4.77182870813555
4.78683445879006
4.80184020944458
4.81684596009909
4.83185171075361
4.84685746140812
4.86186321206264
4.87686896271715
4.89187471337166
4.90688046402618
4.92188621468069
4.93689196533521
4.95189771598972
4.96690346664424
4.98190921729875
4.99691496795326
5.01192071860778
5.02692646926229
5.04193221991681
5.05693797057132
5.07194372122584
5.08694947188035
5.10195522253486
5.11696097318938
5.13196672384389
5.14697247449841
5.16197822515292
5.17698397580744
5.19198972646195
5.20699547711646
5.22200122777098
5.23700697842549
5.25201272908001
5.26701847973452
5.28202423038904
5.29702998104355
5.31203573169807
5.32704148235258
5.34204723300709
5.35705298366161
5.37205873431612
5.38706448497064
5.40207023562515
5.41707598627966
5.43208173693418
5.44708748758869
5.46209323824321
5.47709898889772
5.49210473955224
5.50711049020675
5.52211624086127
5.53712199151578
5.55212774217029
5.56713349282481
5.58213924347932
5.59714499413384
5.61215074478835
5.62715649544287
5.64216224609738
5.65716799675189
5.67217374740641
5.68717949806092
5.70218524871544
5.71719099936995
5.73219675002447
5.74720250067898
5.76220825133349
5.77721400198801
5.79221975264252
5.80722550329704
5.82223125395155
5.83723700460607
5.85224275526058
5.86724850591509
5.88225425656961
5.89726000722412
5.91226575787864
5.92727150853315
5.94227725918767
5.95728300984218
5.97228876049669
5.98729451115121
6.00230026180572
6.01730601246024
6.03231176311475
6.04731751376927
6.06232326442378
6.07732901507829
6.09233476573281
6.10734051638732
6.12234626704184
6.13735201769635
6.15235776835087
6.16736351900538
6.18236926965989
6.19737502031441
6.21238077096892
6.22738652162344
6.24239227227795
6.25739802293247
6.27240377358698
6.28740952424149
6.30241527489601
6.31742102555052
6.33242677620504
6.34743252685955
6.36243827751407
6.37744402816858
6.39244977882309
6.40745552947761
6.42246128013212
6.43746703078664
6.45247278144115
6.46747853209567
6.48248428275018
6.49749003340470
6.51249578405921
6.52750153471372
6.54250728536824
6.55751303602275
6.57251878667727
6.58752453733178
6.60253028798629
6.61753603864081
6.63254178929532
6.64754753994984
6.66255329060435
6.67755904125887
6.69256479191338
6.70757054256789
6.72257629322241
6.73758204387692
6.75258779453144
6.76759354518595
6.78259929584047
6.79760504649498
6.81261079714950
6.82761654780401
6.84262229845852
6.85762804911304
6.87263379976755
6.88763955042207
6.90264530107658
6.91765105173109
6.93265680238561
6.94766255304012
6.96266830369464
6.97767405434915
6.99267980500367
7.00768555565818
7.02269130631270
7.03769705696721
7.05270280762172
7.06770855827624
7.08271430893075
7.09772005958527
7.11272581023978
7.12773156089430
7.14273731154881
7.15774306220332
7.17274881285784
7.18775456351235
7.20276031416687
7.21776606482138
7.23277181547589
7.24777756613041
7.26278331678492
7.27778906743944
7.29279481809395
7.30780056874847
7.32280631940298
7.33781207005750
7.35281782071201
7.36782357136652
7.38282932202104
7.39783507267555
7.41284082333007
7.42784657398458
7.44285232463910
7.45785807529361
7.47286382594812
7.48786957660264
7.50287532725715
7.51788107791167
7.53288682856618
7.54789257922070
7.56289832987521
7.57790408052972
7.59290983118424
7.60791558183875
7.62292133249327
7.63792708314778
7.65293283380230
7.66793858445681
7.68294433511132
7.69795008576584
7.71295583642035
7.72796158707487
7.74296733772938
7.75797308838390
7.77297883903841
7.78798458969293
7.80299034034744
7.81799609100195
7.83300184165647
7.84800759231098
7.86301334296550
7.87801909362001
7.89302484427452
7.90803059492904
7.92303634558355
7.93804209623807
7.95304784689258
7.96805359754710
7.98305934820161
7.99806509885613
8.01307084951064
8.02807660016515
8.04308235081967
8.05808810147418
8.07309385212870
8.08809960278321
8.10310535343773
8.11811110409224
8.13311685474675
8.14812260540127
8.16312835605578
8.17813410671030
8.19313985736481
8.20814560801932
8.22315135867384
8.23815710932835
8.25316285998287
8.26816861063738
8.28317436129190
8.29818011194641
8.31318586260093
8.32819161325544
8.34319736390996
8.35820311456447
8.37320886521898
8.38821461587350
8.40322036652801
8.41822611718253
8.43323186783704
8.44823761849155
8.46324336914607
8.47824911980058
8.49325487045510
8.50826062110961
8.52326637176413
8.53827212241864
8.55327787307315
8.56828362372767
8.58328937438218
8.59829512503670
8.61330087569121
8.62830662634573
8.64331237700024
8.65831812765475
8.67332387830927
8.68832962896378
8.70333537961830
8.71834113027281
8.73334688092733
8.74835263158184
8.76335838223636
8.77836413289087
8.79336988354538
8.80837563419990
8.82338138485441
8.83838713550893
8.85339288616344
8.86839863681795
8.88340438747247
8.89841013812698
8.91341588878150
8.92842163943601
8.94342739009053
8.95843314074504
8.97343889139956
8.98844464205407
9.00345039270858
9.01845614336310
9.03346189401761
9.04846764467213
9.06347339532664
9.07847914598116
9.09348489663567
9.10849064729018
9.12349639794470
9.13850214859921
9.15350789925373
9.16851364990824
9.18351940056276
9.19852515121727
9.21353090187178
9.22853665252630
9.24354240318081
9.25854815383533
9.27355390448984
9.28855965514436
9.30356540579887
9.31857115645338
9.33357690710790
9.34858265776241
9.36358840841693
9.37859415907144
9.39359990972596
9.40860566038047
9.42361141103499
9.43861716168950
9.45362291234401
9.46862866299853
9.48363441365304
9.49864016430755
9.51364591496207
9.52865166561658
9.54365741627110
9.55866316692561
9.57366891758013
9.58867466823464
9.60368041888916
9.61868616954367
9.63369192019819
9.64869767085270
9.66370342150721
9.67870917216173
9.69371492281624
9.70872067347076
9.72372642412527
9.73873217477978
9.75373792543430
9.76874367608881
9.78374942674333
9.79875517739784
9.81376092805236
9.82876667870687
9.84377242936138
9.85877818001590
9.87378393067041
9.88878968132493
9.90379543197944
9.91880118263396
9.93380693328847
9.94881268394298
9.96381843459750
9.97882418525201
9.99382993590653
10.0088356865610
10.0238414372156
10.0388471878701
10.0538529385246
10.0688586891791
10.0838644398336
10.0988701904881
10.1138759411426
10.1288816917972
10.1438874424517
10.1588931931062
10.1738989437607
10.1889046944152
10.2039104450697
10.2189161957242
10.2339219463788
10.2489276970333
10.2639334476878
10.2789391983423
10.2939449489968
10.3089506996513
10.3239564503058
10.3389622009604
10.3539679516149
10.3689737022694
10.3839794529239
10.3989852035784
10.4139909542329
10.4289967048874
10.4440024555420
10.4590082061965
10.4740139568510
10.4890197075055
10.5040254581600
10.5190312088145
10.5340369594690
10.5490427101236
10.5640484607781
10.5790542114326
10.5940599620871
10.6090657127416
10.6240714633961
10.6390772140506
10.6540829647052
10.6690887153597
10.6840944660142
10.6991002166687
10.7141059673232
10.7291117179777
10.7441174686322
10.7591232192868
10.7741289699413
10.7891347205958
10.8041404712503
10.8191462219048
10.8341519725593
10.8491577232138
10.8641634738684
10.8791692245229
10.8941749751774
10.9091807258319
10.9241864764864
10.9391922271409
10.9541979777954
10.9692037284500
10.9842094791045
10.9992152297590
11.0142209804135
11.0292267310680
11.0442324817225
11.0592382323770
11.0742439830316
11.0892497336861
11.1042554843406
11.1192612349951
11.1342669856496
11.1492727363041
11.1642784869586
11.1792842376132
11.1942899882677
11.2092957389222
11.2243014895767
11.2393072402312
11.2543129908857
11.2693187415402
11.2843244921948
11.2993302428493
11.3143359935038
11.3293417441583
11.3443474948128
11.3593532454673
11.3743589961218
11.3893647467764
11.4043704974309
11.4193762480854
11.4343819987399
11.4493877493944
11.4643935000489
11.4793992507034
11.4944050013580
11.5094107520125
11.5244165026670
11.5394222533215
11.5544280039760
11.5694337546305
11.5844395052850
11.5994452559396
11.6144510065941
11.6294567572486
11.6444625079031
11.6594682585576
11.6744740092121
11.6894797598666
11.7044855105212
11.7194912611757
11.7344970118302
11.7495027624847
11.7645085131392
11.7795142637937
11.7945200144482
11.8095257651028
11.8245315157573
11.8395372664118
11.8545430170663
11.8695487677208
11.8845545183753
11.8995602690298
11.9145660196844
11.9295717703389
11.9445775209934
11.9595832716479
11.9745890223024
11.9895947729569
12.0046005236114
12.0196062742660
12.0346120249205
12.0496177755750
12.0646235262295
12.0796292768840
12.0946350275385
12.1096407781930
12.1246465288476
12.1396522795021
12.1546580301566
12.1696637808111
12.1846695314656
12.1996752821201
12.2146810327746
12.2296867834292
12.2446925340837
12.2596982847382
12.2747040353927
12.2897097860472
12.3047155367017
12.3197212873562
12.3347270380108
12.3497327886653
12.3647385393198
12.3797442899743
12.3947500406288
12.4097557912833
12.4247615419378
12.4397672925924
12.4547730432469
12.4697787939014
12.4847845445559
12.4997902952104
12.5147960458649
12.5298017965194
12.5448075471740
12.5598132978285
12.5748190484830
12.5898247991375
12.6048305497920
12.6198363004465
12.6348420511010
12.6498478017556
12.6648535524101
12.6798593030646
12.6948650537191
12.7098708043736
12.7248765550281
12.7398823056826
12.7548880563372
12.7698938069917
12.7848995576462
12.7999053083007
12.8149110589552
12.8299168096097
12.8449225602642
12.8599283109188
12.8749340615733
12.8899398122278
12.9049455628823
12.9199513135368
12.9349570641913
12.9499628148458
12.9649685655004
12.9799743161549
12.9949800668094
13.0099858174639
13.0249915681184
13.0399973187729
13.0550030694274
13.0700088200820
13.0850145707365
13.1000203213910
13.1150260720455
13.1300318227000
13.1450375733545
13.1600433240090
13.1750490746636
13.1900548253181
13.2050605759726
13.2200663266271
13.2350720772816
13.2500778279361
13.2650835785906
13.2800893292452
13.2950950798997
13.3101008305542
13.3251065812087
13.3401123318632
13.3551180825177
13.3701238331722
13.3851295838268
13.4001353344813
13.4151410851358
13.4301468357903
13.4451525864448
13.4601583370993
13.4751640877538
13.4901698384084
13.5051755890629
13.5201813397174
13.5351870903719
13.5501928410264
13.5651985916809
13.5802043423354
13.5952100929900
13.6102158436445
13.6252215942990
13.6402273449535
13.6552330956080
13.6702388462625
13.6852445969170
13.7002503475716
13.7152560982261
13.7302618488806
13.7452675995351
13.7602733501896
13.7752791008441
13.7902848514986
13.8052906021532
13.8202963528077
13.8353021034622
13.8503078541167
13.8653136047712
13.8803193554257
13.8953251060802
13.9103308567348
13.9253366073893
13.9403423580438
13.9553481086983
13.9703538593528
13.9853596100073
14.0003653606618
14.0153711113164
14.0303768619709
14.0453826126254
14.0603883632799
14.0753941139344
14.0903998645889
14.1054056152434
14.1204113658980
14.1354171165525
14.1504228672070
14.1654286178615
14.1804343685160
14.1954401191705
14.2104458698250
14.2254516204796
14.2404573711341
14.2554631217886
14.2704688724431
14.2854746230976
14.3004803737521
14.3154861244066
14.3304918750612
14.3454976257157
14.3605033763702
14.3755091270247
14.3905148776792
14.4055206283337
14.4205263789882
14.4355321296428
14.4505378802973
14.4655436309518
14.4805493816063
14.4955551322608
14.5105608829153
14.5255666335698
14.5405723842244
14.5555781348789
14.5705838855334
14.5855896361879
14.6005953868424
14.6156011374969
14.6306068881515
14.6456126388060
14.6606183894605
14.6756241401150
14.6906298907695
14.7056356414240
14.7206413920785
14.7356471427330
14.7506528933876
14.7656586440421
14.7806643946966
14.7956701453511
14.8106758960056
14.8256816466601
14.8406873973146
14.8556931479692
14.8706988986237
14.8857046492782
14.9007103999327
14.9157161505872
14.9307219012417
14.9457276518962
14.9607334025508
14.9757391532053
14.9907449038598
15.0057506545143
15.0207564051688
15.0357621558233
15.0507679064778
15.0657736571324
15.0807794077869
15.0957851584414
15.1107909090959
15.1257966597504
15.1408024104049
15.1558081610594
15.1708139117140
15.1858196623685
15.2008254130230
15.2158311636775
15.2308369143320
15.2458426649865
15.2608484156411
15.2758541662956
15.2908599169501
15.3058656676046
15.3208714182591
15.3358771689136
15.3508829195681
15.3658886702226
15.3808944208772
15.3959001715317
15.4109059221862
15.4259116728407
15.4409174234952
15.4559231741497
15.4709289248042
15.4859346754588
15.5009404261133
15.5159461767678
15.5309519274223
15.5459576780768
15.5609634287313
15.5759691793859
15.5909749300404
15.6059806806949
15.6209864313494
15.6359921820039
15.6509979326584
15.6660036833129
15.6810094339675
15.6960151846220
15.7110209352765
15.7260266859310
15.7410324365855
15.7560381872400
15.7710439378945
15.7860496885490
15.8010554392036
15.8160611898581
15.8310669405126
15.8460726911671
15.8610784418216
15.8760841924761
15.8910899431307
15.9060956937852
15.9211014444397
15.9361071950942
15.9511129457487
15.9661186964032
15.9811244470577
15.9961301977123
16.0111359483668
16.0261416990213
16.0411474496758
16.0561532003303
16.0711589509848
16.0861647016393
16.1011704522939
16.1161762029484
16.1311819536029
16.1461877042574
16.1611934549119
16.1761992055664
16.1912049562209
16.2062107068755
16.2212164575300
16.2362222081845
16.2512279588390
16.2662337094935
16.2812394601480
16.2962452108025
16.3112509614571
16.3262567121116
16.3412624627661
16.3562682134206
16.3712739640751
16.3862797147296
16.4012854653841
16.4162912160386
16.4312969666932
16.4463027173477
16.4613084680022
16.4763142186567
16.4913199693112
16.5063257199657
16.5213314706203
16.5363372212748
16.5513429719293
16.5663487225838
16.5813544732383
16.5963602238928
16.6113659745473
16.6263717252019
16.6413774758564
16.6563832265109
16.6713889771654
16.6863947278199
16.7014004784744
16.7164062291289
16.7314119797835
16.7464177304380
16.7614234810925
16.7764292317470
16.7914349824015
16.8064407330560
16.8214464837105
16.8364522343651
16.8514579850196
16.8664637356741
16.8814694863286
16.8964752369831
16.9114809876376
16.9264867382921
16.9414924889467
16.9564982396012
16.9715039902557
16.9865097409102
17.0015154915647
17.0165212422192
17.0315269928737
17.0465327435283
17.0615384941828
17.0765442448373
17.0915499954918
17.1065557461463
17.1215614968008
17.1365672474553
17.1515729981099
17.1665787487644
17.1815844994189
17.1965902500734
17.2115960007279
17.2266017513824
17.2416075020369
17.2566132526915
17.2716190033460
17.2866247540005
17.3016305046550
17.3166362553095
17.3316420059640
17.3466477566185
17.3616535072731
17.3766592579276
17.3916650085821
17.4066707592366
17.4216765098911
17.4366822605456
17.4516880112001
17.4666937618547
17.4816995125092
17.4967052631637
17.5117110138182
17.5267167644727
17.5417225151272
17.5567282657817
17.5717340164363
17.5867397670908
17.6017455177453
17.6167512683998
17.6317570190543
17.6467627697088
17.6617685203633
17.6767742710179
17.6917800216724
17.7067857723269
17.7217915229814
17.7367972736359
17.7518030242904
17.7668087749449
17.7818145255995
17.7968202762540
17.8118260269085
17.8268317775630
17.8418375282175
17.8568432788720
17.8718490295265
17.8868547801811
17.9018605308356
17.9168662814901
17.9318720321446
17.9468777827991
17.9618835334536
17.9768892841081
17.9918950347627
18.0069007854172
18.0219065360717
18.0369122867262
18.0519180373807
18.0669237880352
18.0819295386897
18.0969352893443
18.1119410399988
18.1269467906533
18.1419525413078
18.1569582919623
18.1719640426168
18.1869697932713
18.2019755439259
18.2169812945804
18.2319870452349
18.2469927958894
18.2619985465439
18.2770042971984
18.2920100478529
18.3070157985075
18.3220215491620
18.3370272998165
18.3520330504710
18.3670388011255
18.3820445517800
18.3970503024345
18.4120560530891
18.4270618037436
18.4420675543981
18.4570733050526
18.4720790557071
18.4870848063616
18.5020905570161
18.5170963076707
18.5321020583252
18.5471078089797
18.5621135596342
18.5771193102887
18.5921250609432
18.6071308115977
18.6221365622523
18.6371423129068
18.6521480635613
18.6671538142158
18.6821595648703
18.6971653155248
18.7121710661793
18.7271768168339
18.7421825674884
18.7571883181429
18.7721940687974
18.7871998194519
18.8022055701064
18.8172113207609
18.8322170714155
18.8472228220700
18.8622285727245
18.8772343233790
18.8922400740335
18.9072458246880
18.9222515753425
18.9372573259971
18.9522630766516
18.9672688273061
18.9822745779606
18.9972803286151
19.0122860792696
19.0272918299241
19.0422975805787
19.0573033312332
19.0723090818877
19.0873148325422
19.1023205831967
19.1173263338512
19.1323320845057
19.1473378351603
19.1623435858148
19.1773493364693
19.1923550871238
19.2073608377783
19.2223665884328
19.2373723390873
19.2523780897419
19.2673838403964
19.2823895910509
19.2973953417054
19.3124010923599
19.3274068430144
19.3424125936689
19.3574183443235
19.3724240949780
19.3874298456325
19.4024355962870
19.4174413469415
19.4324470975960
19.4474528482505
19.4624585989051
19.4774643495596
19.4924701002141
19.5074758508686
19.5224816015231
19.5374873521776
19.5524931028321
19.5674988534867
19.5825046041412
19.5975103547957
19.6125161054502
19.6275218561047
19.6425276067592
19.6575333574137
19.6725391080683
19.6875448587228
19.7025506093773
19.7175563600318
19.7325621106863
19.7475678613408
19.7625736119953
19.7775793626499
19.7925851133044
19.8075908639589
19.8225966146134
19.8376023652679
19.8526081159224
19.8676138665769
19.8826196172315
19.8976253678860
19.9126311185405
19.9276368691950
19.9426426198495
19.9576483705040
19.9726541211585
19.9876598718131
20.0026656224676
20.0176713731221
20.0326771237766
20.0476828744311
20.0626886250856
20.0776943757401
20.0927001263947
20.1077058770492
20.1227116277037
20.1377173783582
20.1527231290127
20.1677288796672
20.1827346303217
20.1977403809763
20.2127461316308
20.2277518822853
20.2427576329398
20.2577633835943
20.2727691342488
20.2877748849033
20.3027806355579
20.3177863862124
20.3327921368669
20.3477978875214
20.3628036381759
20.3778093888304
20.3928151394849
20.4078208901395
20.4228266407940
20.4378323914485
20.4528381421030
20.4678438927575
20.4828496434120
20.4978553940665
20.5128611447211
20.5278668953756
20.5428726460301
20.5578783966846
20.5728841473391
20.5878898979936
20.6028956486481
20.6179013993027
20.6329071499572
20.6479129006117
20.6629186512662
20.6779244019207
20.6929301525752
20.7079359032297
20.7229416538843
20.7379474045388
20.7529531551933
20.7679589058478
20.7829646565023
20.7979704071568
20.8129761578113
20.8279819084659
20.8429876591204
20.8579934097749
20.8729991604294
20.8880049110839
20.9030106617384
20.9180164123929
20.9330221630475
20.9480279137020
20.9630336643565
20.9780394150110
20.9930451656655
21.0080509163200
21.0230566669745
21.0380624176291
21.0530681682836
21.0680739189381
21.0830796695926
21.0980854202471
21.1130911709016
21.1280969215561
21.1431026722107
21.1581084228652
21.1731141735197
21.1881199241742
21.2031256748287
21.2181314254832
21.2331371761377
21.2481429267923
21.2631486774468
21.2781544281013
21.2931601787558
21.3081659294103
21.3231716800648
21.3381774307193
21.3531831813739
21.3681889320284
21.3831946826829
21.3982004333374
21.4132061839919
21.4282119346464
21.4432176853009
21.4582234359555
21.4732291866100
21.4882349372645
21.5032406879190
21.5182464385735
21.5332521892280
21.5482579398825
21.5632636905371
21.5782694411916
21.5932751918461
21.6082809425006
21.6232866931551
21.6382924438096
21.6532981944641
21.6683039451187
21.6833096957732
21.6983154464277
21.7133211970822
21.7283269477367
21.7433326983912
21.7583384490457
21.7733441997003
21.7883499503548
21.8033557010093
21.8183614516638
21.8333672023183
21.8483729529728
21.8633787036273
21.8783844542819
21.8933902049364
21.9083959555909
21.9234017062454
21.9384074568999
21.9534132075544
21.9684189582089
21.9834247088635
21.9984304595180
22.0134362101725
22.0284419608270
22.0434477114815
22.0584534621360
22.0734592127905
22.0884649634451
22.1034707140996
22.1184764647541
22.1334822154086
22.1484879660631
22.1634937167176
22.1784994673721
22.1935052180267
22.2085109686812
22.2235167193357
22.2385224699902
22.2535282206447
22.2685339712992
22.2835397219537
22.2985454726083
22.3135512232628
22.3285569739173
22.3435627245718
22.3585684752263
22.3735742258808
22.3885799765353
22.4035857271899
22.4185914778444
22.4335972284989
22.4486029791534
22.4636087298079
22.4786144804624
22.4936202311169
22.5086259817715
22.5236317324260
22.5386374830805
22.5536432337350
22.5686489843895
22.5836547350440
22.5986604856985
22.6136662363531
22.6286719870076
22.6436777376621
22.6586834883166
22.6736892389711
22.6886949896256
22.7037007402801
22.7187064909347
22.7337122415892
22.7487179922437
22.7637237428982
22.7787294935527
22.7937352442072
22.8087409948617
22.8237467455163
22.8387524961708
22.8537582468253
22.8687639974798
22.8837697481343
22.8987754987888
22.9137812494433
22.9287870000979
22.9437927507524
22.9587985014069
22.9738042520614
22.9888100027159
23.0038157533704
23.0188215040249
23.0338272546795
23.0488330053340
23.0638387559885
23.0788445066430
23.0938502572975
23.1088560079520
23.1238617586065
23.1388675092611
23.1538732599156
23.1688790105701
23.1838847612246
23.1988905118791
23.2138962625336
23.2289020131881
23.2439077638427
23.2589135144972
23.2739192651517
23.2889250158062
23.3039307664607
23.3189365171152
23.3339422677697
23.3489480184243
23.3639537690788
23.3789595197333
23.3939652703878
23.4089710210423
23.4239767716968
23.4389825223513
23.4539882730059
23.4689940236604
23.4839997743149
23.4990055249694
23.5140112756239
23.5290170262784
23.5440227769329
23.5590285275875
23.5740342782420
23.5890400288965
23.6040457795510
23.6190515302055
23.6340572808600
23.6490630315145
23.6640687821691
23.6790745328236
23.6940802834781
23.7090860341326
23.7240917847871
23.7390975354416
23.7541032860961
23.7691090367507
23.7841147874052
23.7991205380597
23.8141262887142
23.8291320393687
23.8441377900232
23.8591435406777
23.8741492913323
23.8891550419868
23.9041607926413
23.9191665432958
23.9341722939503
23.9491780446048
23.9641837952593
23.9791895459139
23.9941952965684
24.0092010472229
24.0242067978774
24.0392125485319
24.0542182991864
24.0692240498409
24.0842298004955
24.0992355511500
24.1142413018045
24.1292470524590
24.1442528031135
24.1592585537680
24.1742643044225
24.1892700550771
24.2042758057316
24.2192815563861
24.2342873070406
24.2492930576951
24.2642988083496
24.2793045590041
24.2943103096587
24.3093160603132
24.3243218109677
24.3393275616222
24.3543333122767
24.3693390629312
24.3843448135857
24.3993505642403
24.4143563148948
24.4293620655493
24.4443678162038
24.4593735668583
24.4743793175128
24.4893850681673
24.5043908188219
24.5193965694764
24.5344023201309
24.5494080707854
24.5644138214399
24.5794195720944
24.5944253227489
24.6094310734035
24.6244368240580
24.6394425747125
24.6544483253670
24.6694540760215
24.6844598266760
24.6994655773305
24.7144713279851
24.7294770786396
24.7444828292941
24.7594885799486
24.7744943306031
24.7895000812576
24.8045058319122
24.8195115825667
24.8345173332212
24.8495230838757
24.8645288345302
24.8795345851847
24.8945403358392
24.9095460864937
24.9245518371483
24.9395575878028
24.9545633384573
24.9695690891118
24.9845748397663
24.9995805904208
25.0145863410753
25.0295920917299
25.0445978423844
25.0596035930389
25.0746093436934
25.0896150943479
25.1046208450024
25.1196265956569
25.1346323463115
25.1496380969660
25.1646438476205
25.1796495982750
25.1946553489295
25.2096610995840
25.2246668502385
25.2396726008931
25.2546783515476
25.2696841022021
25.2846898528566
25.2996956035111
25.3147013541656
25.3297071048201
25.3447128554747
25.3597186061292
25.3747243567837
25.3897301074382
25.4047358580927
25.4197416087472
25.4347473594017
25.4497531100563
25.4647588607108
25.4797646113653
25.4947703620198
25.5097761126743
25.5247818633288
25.5397876139834
25.5547933646379
25.5697991152924
25.5848048659469
25.5998106166014
25.6148163672559
25.6298221179104
25.6448278685650
25.6598336192195
25.6748393698740
25.6898451205285
25.7048508711830
25.7198566218375
25.7348623724920
25.7498681231466
25.7648738738011
25.7798796244556
25.7948853751101
25.8098911257646
25.8248968764191
25.8399026270736
25.8549083777281
25.8699141283827
25.8849198790372
25.8999256296917
25.9149313803462
25.9299371310007
25.9449428816552
25.9599486323097
25.9749543829643
25.9899601336188
26.0049658842733
26.0199716349278
26.0349773855823
26.0499831362368
26.0649888868913
26.0799946375459
26.0950003882004
26.1100061388549
26.1250118895094
26.1400176401639
26.1550233908184
26.1700291414730
26.1850348921275
26.2000406427820
26.2150463934365
26.2300521440910
26.2450578947455
26.2600636454000
26.2750693960546
26.2900751467091
26.3050808973636
26.3200866480181
26.3350923986726
26.3500981493271
26.3651038999816
26.3801096506362
26.3951154012907
26.4101211519452
26.4251269025997
26.4401326532542
26.4551384039087
26.4701441545632
26.4851499052178
26.5001556558723
26.5151614065268
26.5301671571813
26.5451729078358
26.5601786584903
26.5751844091448
26.5901901597994
26.6051959104539
26.6202016611084
26.6352074117629
26.6502131624174
26.6652189130719
26.6802246637264
26.6952304143809
26.7102361650355
26.7252419156900
26.7402476663445
26.7552534169990
26.7702591676535
26.7852649183080
26.8002706689626
26.8152764196171
26.8302821702716
26.8452879209261
26.8602936715806
26.8752994222351
26.8903051728896
26.9053109235442
26.9203166741987
26.9353224248532
26.9503281755077
26.9653339261622
26.9803396768167
26.9953454274712
27.0103511781258
27.0253569287803
27.0403626794348
27.0553684300893
27.0703741807438
27.0853799313983
27.1003856820528
27.1153914327073
27.1303971833619
27.1454029340164
27.1604086846709
27.1754144353254
27.1904201859799
27.2054259366344
27.2204316872889
27.2354374379435
27.2504431885980
27.2654489392525
27.2804546899070
27.2954604405615
27.3104661912160
27.3254719418705
27.3404776925251
27.3554834431796
27.3704891938341
27.3854949444886
27.4005006951431
27.4155064457976
27.4305121964522
27.4455179471067
27.4605236977612
27.4755294484157
27.4905351990702
27.5055409497247
27.5205467003792
27.5355524510338
27.5505582016883
27.5655639523428
27.5805697029973
27.5955754536518
27.6105812043063
27.6255869549608
27.6405927056154
27.6555984562699
27.6706042069244
27.6856099575789
27.7006157082334
27.7156214588879
27.7306272095424
27.7456329601970
27.7606387108515
27.7756444615060
27.7906502121605
27.8056559628150
27.8206617134695
27.8356674641240
27.8506732147786
27.8656789654331
27.8806847160876
27.8956904667421
27.9106962173966
27.9257019680511
27.9407077187056
27.9557134693602
27.9707192200147
27.9857249706692
28.0007307213237
28.0157364719782
28.0307422226327
28.0457479732872
28.0607537239418
28.0757594745963
28.0907652252508
28.1057709759053
28.1207767265598
28.1357824772143
28.1507882278688
28.1657939785234
28.1807997291779
28.1958054798324
28.2108112304869
28.2258169811414
28.2408227317959
28.2558284824504
28.2708342331050
28.2858399837595
28.3008457344140
28.3158514850685
28.3308572357230
28.3458629863775
28.3608687370320
28.3758744876866
28.3908802383411
28.4058859889956
28.4208917396501
28.4358974903046
28.4509032409591
28.4659089916136
28.4809147422682
28.4959204929227
28.5109262435772
28.5259319942317
28.5409377448862
28.5559434955407
28.5709492461952
28.5859549968498
28.6009607475043
28.6159664981588
28.6309722488133
28.6459779994678
28.6609837501223
28.6759895007768
28.6909952514314
28.7060010020859
28.7210067527404
28.7360125033949
28.7510182540494
28.7660240047039
28.7810297553584
28.7960355060130
28.8110412566675
28.8260470073220
28.8410527579765
28.8560585086310
28.8710642592855
28.8860700099400
28.9010757605946
28.9160815112491
28.9310872619036
28.9460930125581
28.9610987632126
28.9761045138671
28.9911102645216
29.0061160151762
29.0211217658307
29.0361275164852
29.0511332671397
29.0661390177942
29.0811447684487
29.0961505191032
29.1111562697578
29.1261620204123
29.1411677710668
29.1561735217213
29.1711792723758
29.1861850230303
29.2011907736848
29.2161965243394
29.2312022749939
29.2462080256484
29.2612137763029
29.2762195269574
29.2912252776119
29.3062310282664
29.3212367789210
29.3362425295755
29.3512482802300
29.3662540308845
29.3812597815390
29.3962655321935
29.4112712828480
29.4262770335026
29.4412827841571
29.4562885348116
29.4712942854661
29.4863000361206
29.5013057867751
29.5163115374296
29.5313172880842
29.5463230387387
29.5613287893932
29.5763345400477
29.5913402907022
29.6063460413567
29.6213517920112
29.6363575426658
29.6513632933203
29.6663690439748
29.6813747946293
29.6963805452838
29.7113862959383
29.7263920465928
29.7413977972474
29.7564035479019
29.7714092985564
29.7864150492109
29.8014207998654
29.8164265505199
29.8314323011744
29.8464380518290
29.8614438024835
29.8764495531380
29.8914553037925
29.9064610544470
29.9214668051015
29.9364725557560
29.9514783064106
29.9664840570651
29.9814898077196
29.9964955583741
30.0115013090286
30.0265070596831
30.0415128103376
30.0565185609922
30.0715243116467
30.0865300623012
30.1015358129557
30.1165415636102
30.1315473142647
30.1465530649192
30.1615588155738
30.1765645662283
30.1915703168828
30.2065760675373
30.2215818181918
30.2365875688463
30.2515933195008
30.2665990701554
30.2816048208099
30.2966105714644
30.3116163221189
30.3266220727734
30.3416278234279
30.3566335740824
30.3716393247370
30.3866450753915
30.4016508260460
30.4166565767005
30.4316623273550
30.4466680780095
30.4616738286640
30.4766795793186
30.4916853299731
30.5066910806276
30.5216968312821
30.5367025819366
30.5517083325911
30.5667140832456
30.5817198339002
30.5967255845547
30.6117313352092
30.6267370858637
30.6417428365182
30.6567485871727
30.6717543378272
30.6867600884818
30.7017658391363
30.7167715897908
30.7317773404453
30.7467830910998
30.7617888417543
30.7767945924088
30.7918003430634
30.8068060937179
30.8218118443724
30.8368175950269
30.8518233456814
30.8668290963359
30.8818348469904
30.8968405976450
30.9118463482995
30.9268520989540
30.9418578496085
30.9568636002630
30.9718693509175
30.9868751015720
31.0018808522266
31.0168866028811
31.0318923535356
31.0468981041901
31.0619038548446
31.0769096054991
31.0919153561536
31.1069211068082
31.1219268574627
31.1369326081172
31.1519383587717
31.1669441094262
31.1819498600807
31.1969556107352
31.2119613613898
31.2269671120443
31.2419728626988
31.2569786133533
31.2719843640078
31.2869901146623
31.3019958653168
31.3170016159714
31.3320073666259
31.3470131172804
31.3620188679349
31.3770246185894
31.3920303692439
31.4070361198984
31.4220418705530
31.4370476212075
31.4520533718620
31.4670591225165
31.4820648731710
31.4970706238255
31.5120763744800
31.5270821251346
31.5420878757891
31.5570936264436
31.5720993770981
31.5871051277526
31.6021108784071
31.6171166290616
31.6321223797162
31.6471281303707
31.6621338810252
31.6771396316797
31.6921453823342
31.7071511329887
31.7221568836432
31.7371626342978
31.7521683849523
31.7671741356068
31.7821798862613
31.7971856369158
31.8121913875703
31.8271971382248
31.8422028888794
31.8572086395339
31.8722143901884
31.8872201408429
31.9022258914974
31.9172316421519
31.9322373928064
31.9472431434610
31.9622488941155
31.9772546447700
31.9922603954245
32.0072661460790
32.0222718967335
32.0372776473880
32.0522833980426
32.0672891486971
32.0822948993516
32.0973006500061
32.1123064006606
32.1273121513151
32.1423179019696
32.1573236526242
32.1723294032787
32.1873351539332
32.2023409045877
32.2173466552422
32.2323524058967
32.2473581565512
32.2623639072058
32.2773696578603
32.2923754085148
32.3073811591693
32.3223869098238
32.3373926604783
32.3523984111328
32.3674041617874
32.3824099124419
32.3974156630964
32.4124214137509
32.4274271644054
32.4424329150599
32.4574386657144
32.4724444163690
32.4874501670235
32.5024559176780
32.5174616683325
32.5324674189870
32.5474731696415
32.5624789202960
32.5774846709506
32.5924904216051
32.6074961722596
32.6225019229141
32.6375076735686
32.6525134242231
32.6675191748776
32.6825249255322
32.6975306761867
32.7125364268412
32.7275421774957
32.7425479281502
32.7575536788047
32.7725594294592
32.7875651801138
32.8025709307683
32.8175766814228
32.8325824320773
32.8475881827318
32.8625939333863
32.8775996840408
32.8926054346954
32.9076111853499
32.9226169360044
32.9376226866589
32.9526284373134
32.9676341879679
32.9826399386225
32.9976456892770
33.0126514399315
33.0276571905860
33.0426629412405
33.0576686918950
33.0726744425495
33.0876801932040
33.1026859438586
33.1176916945131
33.1326974451676
33.1477031958221
33.1627089464766
33.1777146971311
33.1927204477856
33.2077261984402
33.2227319490947
33.2377376997492
33.2527434504037
33.2677492010582
33.2827549517127
33.2977607023672
33.3127664530218
33.3277722036763
33.3427779543308
33.3577837049853
33.3727894556398
33.3877952062943
33.4028009569488
33.4178067076034
33.4328124582579
33.4478182089124
33.4628239595669
33.4778297102214
33.4928354608759
33.5078412115305
33.5228469621850
33.5378527128395
33.5528584634940
33.5678642141485
33.5828699648030
33.5978757154575
33.6128814661120
33.6278872167666
33.6428929674211
33.6578987180756
33.6729044687301
33.6879102193846
33.7029159700391
33.7179217206936
33.7329274713482
33.7479332220027
33.7629389726572
33.7779447233117
33.7929504739662
33.8079562246207
33.8229619752752
33.8379677259298
33.8529734765843
33.8679792272388
33.8829849778933
33.8979907285478
33.9129964792023
33.9280022298568
33.9430079805114
33.9580137311659
33.9730194818204
33.9880252324749
34.0030309831294
34.0180367337839
34.0330424844384
34.0480482350930
34.0630539857475
34.0780597364020
34.0930654870565
34.1080712377110
34.1230769883655
34.1380827390201
34.1530884896746
34.1680942403291
34.1830999909836
34.1981057416381
34.2131114922926
34.2281172429471
34.2431229936016
34.2581287442562
34.2731344949107
34.2881402455652
34.3031459962197
34.3181517468742
34.3331574975287
34.3481632481833
34.3631689988378
34.3781747494923
34.3931805001468
34.4081862508013
34.4231920014558
34.4381977521103
34.4532035027648
34.4682092534194
34.4832150040739
34.4982207547284
34.5132265053829
34.5282322560374
34.5432380066919
34.5582437573464
34.5732495080010
34.5882552586555
34.6032610093100
34.6182667599645
34.6332725106190
34.6482782612735
34.6632840119280
34.6782897625826
34.6932955132371
34.7083012638916
34.7233070145461
34.7383127652006
34.7533185158551
34.7683242665096
34.7833300171642
34.7983357678187
34.8133415184732
34.8283472691277
34.8433530197822
34.8583587704367
34.8733645210913
34.8883702717458
34.9033760224003
34.9183817730548
34.9333875237093
34.9483932743638
34.9633990250183
34.9784047756729
34.9934105263274
35.0084162769819
35.0234220276364
35.0384277782909
35.0534335289454
35.0684392795999
35.0834450302544
35.0984507809090
35.1134565315635
35.1284622822180
35.1434680328725
35.1584737835270
35.1734795341815
35.1884852848361
35.2034910354906
35.2184967861451
35.2335025367996
35.2485082874541
35.2635140381086
35.2785197887631
35.2935255394176
35.3085312900722
35.3235370407267
35.3385427913812
35.3535485420357
35.3685542926902
35.3835600433447
35.3985657939992
35.4135715446538
35.4285772953083
35.4435830459628
35.4585887966173
35.4735945472718
35.4886002979263
35.5036060485809
35.5186117992354
35.5336175498899
35.5486233005444
35.5636290511989
35.5786348018534
35.5936405525079
35.6086463031624
35.6236520538170
35.6386578044715
35.6536635551260
35.6686693057805
35.6836750564350
35.6986808070895
35.7136865577441
35.7286923083986
35.7436980590531
35.7587038097076
35.7737095603621
35.7887153110166
35.8037210616711
35.8187268123256
35.8337325629802
35.8487383136347
35.8637440642892
35.8787498149437
35.8937555655982
35.9087613162527
35.9237670669072
35.9387728175618
35.9537785682163
35.9687843188708
35.9837900695253
35.9987958201798
36.0138015708343
36.0288073214889
36.0438130721434
36.0588188227979
36.0738245734524
36.0888303241069
36.1038360747614
36.1188418254159
36.1338475760705
36.1488533267250
36.1638590773795
36.1788648280340
36.1938705786885
36.2088763293430
36.2238820799975
36.2388878306521
36.2538935813066
36.2688993319611
36.2839050826156
36.2989108332701
36.3139165839246
36.3289223345791
36.3439280852337
36.3589338358882
36.3739395865427
36.3889453371972
36.4039510878517
36.4189568385062
36.4339625891607
36.4489683398152
36.4639740904698
36.4789798411243
36.4939855917788
36.5089913424333
36.5239970930878
36.5390028437423
36.5540085943969
36.5690143450514
36.5840200957059
36.5990258463604
36.6140315970149
36.6290373476694
36.6440430983239
36.6590488489785
36.6740545996330
36.6890603502875
36.7040661009420
36.7190718515965
36.7340776022510
36.7490833529055
36.7640891035600
36.7790948542146
36.7941006048691
36.8091063555236
36.8241121061781
36.8391178568326
36.8541236074871
36.8691293581417
36.8841351087962
36.8991408594507
36.9141466101052
36.9291523607597
36.9441581114142
36.9591638620687
36.9741696127232
36.9891753633778
37.0041811140323
37.0191868646868
37.0341926153413
37.0491983659958
37.0642041166503
37.0792098673049
37.0942156179594
37.1092213686139
37.1242271192684
37.1392328699229
37.1542386205774
37.1692443712319
37.1842501218864
37.1992558725410
37.2142616231955
37.2292673738500
37.2442731245045
37.2592788751590
37.2742846258135
37.2892903764681
37.3042961271226
37.3193018777771
37.3343076284316
37.3493133790861
37.3643191297406
37.3793248803951
37.3943306310497
37.4093363817042
37.4243421323587
37.4393478830132
37.4543536336677
37.4693593843222
37.4843651349767
37.4993708856313
37.5143766362858
37.5293823869403
37.5443881375948
37.5593938882493
37.5743996389038
37.5894053895583
37.6044111402129
37.6194168908674
37.6344226415219
37.6494283921764
37.6644341428309
37.6794398934854
37.6944456441399
37.7094513947945
37.7244571454490
37.7394628961035
37.7544686467580
37.7694743974125
37.7844801480670
37.7994858987215
37.8144916493760
37.8294974000306
37.8445031506851
37.8595089013396
37.8745146519941
37.8895204026486
37.9045261533031
37.9195319039577
37.9345376546122
37.9495434052667
37.9645491559212
37.9795549065757
37.9945606572302
38.0095664078847
38.0245721585393
38.0395779091938
38.0545836598483
38.0695894105028
38.0845951611573
38.0996009118118
38.1146066624663
38.1296124131209
38.1446181637754
38.1596239144299
38.1746296650844
38.1896354157389
38.2046411663934
38.2196469170479
38.2346526677025
38.2496584183570
38.2646641690115
38.2796699196660
38.2946756703205
38.3096814209750
38.3246871716295
38.3396929222841
38.3546986729386
38.3697044235931
38.3847101742476
38.3997159249021
38.4147216755566
38.4297274262111
38.4447331768657
38.4597389275202
38.4747446781747
38.4897504288292
38.5047561794837
38.5197619301382
38.5347676807927
38.5497734314473
38.5647791821018
38.5797849327563
38.5947906834108
38.6097964340653
38.6248021847198
38.6398079353743
38.6548136860289
38.6698194366834
38.6848251873379
38.6998309379924
38.7148366886469
38.7298424393014
38.7448481899559
38.7598539406105
38.7748596912650
38.7898654419195
38.8048711925740
38.8198769432285
38.8348826938830
38.8498884445375
38.8648941951921
38.8798999458466
38.8949056965011
38.9099114471556
38.9249171978101
38.9399229484646
38.9549286991191
38.9699344497736
38.9849402004282
38.9999459510827
39.0149517017372
39.0299574523917
39.0449632030462
39.0599689537007
39.0749747043553
39.0899804550098