-100.247584716768
-93.8043587518430
-93.5767750518034
-103.137888295632
-123.344931751861
-148.688355073472
-177.962055324188
-210.923087587006
-244.567876801192
-277.252550810641
-305.175019928567
-321.851006659777
-326.543468662078
-323.088747211991
-313.890701846466
-304.013479805500
-295.512705355064
-285.086178128718
-274.700708910729
-267.836829835509
-264.502686212114
-265.166680799979
-268.654671673495
-270.699352710264
-271.758156592214
-276.203479744418
-285.253225353055
-300.738939152558
-322.354073631359
-344.841716766284
-365.405684089074
-381.341870221341
-388.257675066573
-382.985526149446
-359.916342845305
-311.118375698990
-236.842090688366
-144.627419147425
-41.2422755931551
61.7766736151755
157.100417996365
244.858423582559
316.125537793369
358.796965302847
372.290584588521
362.051515507857
335.711968224916
309.648981232664
289.679374532168
269.350029542272
255.168392261913
255.838896506976
271.080985717688
300.560245447103
338.434604362342
369.723619934910
392.448184266744
415.721821851233
438.331984238217
459.709381085245
480.303694463878
493.683400791879
500.280580970206
505.437405570445
505.879914617127
494.956270803073
468.027318600135
417.192410772818
342.149597629183
252.490498280076
153.377616783849
51.9852514824451
-44.6526891014772
-135.223208282756
-211.193892250877
-259.870651588317
-280.432567694815
-279.624749471660
-264.321665894908
-248.954344791850
-239.179400574797
-228.850967677638
-224.124239815741
-233.843901817301
-257.669167230266
-294.663317195660
-339.218920606808
-377.066027800168
-403.478532621383
-421.602430083306
-423.865030040716
-400.722287766745
-359.028796535473
-316.519563135993
-285.887326201403
-283.143048791053
-316.480253750239
-378.172499935084
-368.289668920285
-232.185976994315
-143.656429748810
-252.519566769909
-441.281213014366
-518.990150207133
-448.907456551393
-392.956971017871
-353.703005445591
-316.121439581290
-253.198245095995
-154.680244451336
-0.556366243775207
122.943732629574
222.520483808095
322.983860295801
401.829251835834
440.630039742283
443.340708236178
415.849013737934
367.766126913437
321.282036926163
284.175027240576
248.846450963431
224.107152777562
221.090587449143
239.402459689856
278.225984546361
329.271653366901
372.164792166593
403.427478796147
434.058431188464
461.164026100043
482.387965231651
498.383825196345
502.491540598215
496.962887484016
491.559036623434
483.753626934722
464.851362159263
430.909617454569
374.451624070937
294.988450943427
203.289525602400
103.764032193354
1.20043900518046
-97.2070262260495
-188.665480197554
-264.329721578784
-310.574829255365
-326.138427930376
-318.699509747419
-294.721460723641
-267.651988207903
-243.227017482804
-215.427046127184
-190.577940590358
-178.269942393607
-178.263681476665
-189.108844769792
-205.296580976156
-212.685598415841
-209.298412071878
-204.350142557767
-196.804953893080
-185.907536272030
-173.921993251605
-158.336209804031
-143.246518339211
-138.718799401608
-146.184400267827
-162.768921681232
-189.744838427907
-226.386274858924
-270.785901675077
-322.549657787606
-376.646630060853
-424.183238736541
-460.238254912777
-481.640086522799
-481.574709012835
-453.024341851837
-395.772999647718
-315.199056331377
-218.543987030041
-118.904687503107
-23.3829151081804
68.6669039046294
148.179427704950
203.374362339862
233.152059548327
241.256428743831
234.383496110260
228.031517657537
226.000024470741
219.364946803926
211.753285540812
208.139631684215
208.134488857703
215.235883335716
226.721078614507
232.651222536212
234.711009231091
242.413452532963
259.176592694711
290.870875008408
338.092854662842
390.705432023569
444.754852990414
496.739967507620
539.827893028005
570.445639429709
580.029644029325
555.360604613415
496.026766278679
411.883274862977
311.159656321116
209.139083381414
113.926387007939
21.7085933770629
-58.2523946944547
-112.724217792245
-141.294495282475
-147.635303856876
-139.244419254824
-134.069547117032
-136.406825938318
-136.610037450290
-138.824555418228
-148.257933219553
-163.643478728611
-187.222533349857
-214.029571094358
-230.542314451124
-235.933573962948
-238.081610357617
-237.068603081044
-234.941434406738
-233.613026862753
-228.926709897725
-223.514060221026
-224.241441565184
-231.626464235304
-244.708193807895
-264.190807049075
-288.537450318344
-316.783506747052
-349.338522981462
-383.339017990713
-413.962820092287
-438.356267431219
-453.992464427922
-456.671907421495
-442.133045897506
-409.685310458367
-361.918870505438
-302.249687875476
-237.142404588644
-169.670792331400
-98.3670908047406
-27.0846075269080
38.8986651398619
98.3027814293735
150.330207445469
195.833021663130
239.272732366624
279.205931770551
308.628064792248
324.937461885910
325.042940820649
308.696203054879
282.547481720346
250.084541909494
214.778149389040
182.637772450877
158.240963533320
149.742910160377
168.771370480320
215.687820048046
280.799777266858
355.823480823760
426.094152686218
483.247360100038
529.865060492000
556.159283168828
548.301552111391
506.523211117838
437.121694938707
349.817578388594
265.379525605774
190.872314776695
118.396692012396
55.5198513931732
11.8332734595269
-13.2455399385983
-19.7259218502749
-14.8899192180840
-17.0278248097550
-29.2686688139618
-42.3866864372008
-59.2429392753612
-82.0087858462446
-109.101208129197
-143.888054503631
-181.770682453370
-210.699933947129
-229.683900728884
-243.981947550395
-252.946023304686
-258.117213752295
-260.901757324503
-258.356357727085
-253.362808250875
-252.556126570751
-257.234334007838
-267.139223999405
-284.117656429198
-308.571558068628
-339.689527332907
-376.391582239609
-414.859180687029
-448.513507707169
-473.718961101110
-489.008717701289
-489.502213035065
-469.752524650233
-429.402829587465
-371.591543080521
-300.898065490080
-226.255234656872
-151.582902243408
-74.7899400846775
-0.623617788566616
64.6937970669930
120.059581343573
164.964861919637
201.423716996389
236.333657034915
269.204045450153
292.764376600045
305.639941073075
306.096260425594
293.955034971362
275.536087168544
253.274241862924
228.274894532514
205.901752460546
191.733898267676
193.204514855557
221.083057018109
275.676361858524
346.832764413088
426.693036877202
502.090578593474
564.444380395187
614.873714191714
643.145559133746
634.696892413460
589.413198389002
514.495116091846
419.632923026840
325.233938327988
238.708459551666
152.365879671358
74.2594644091025
14.9944271465897
-25.6289879252771
-47.6915052239644
-58.1426120947972
-75.0591521837363
-100.995895821418
-125.466011555111
-150.434470880062
-177.189344258026
-203.879549928893
-234.711006916285
-265.689434327859
-285.675784207113
-294.524687019480
-297.724152506843
-295.812773781161
-292.064676354020
-288.271529613641
-281.057451184845
-272.899130455339
-269.175006815882
-271.214334808977
-280.436317057415
-298.957858212198
-327.297201236534
-364.586580109972
-408.297432303804
-453.860296064445
-494.218267399621
-524.267890333142
-540.912651570729
-537.209001913056
-504.861160731969
-443.505843479532
-359.204603728494
-258.922250226317
-155.491566035579
-55.4661383584351
43.2797656057128
132.814198167122
202.481372039445
250.875538979714
279.330799149724
292.373605901528
302.464603968184
311.072371755077
308.651813810954
296.100620298253
274.793340491469
244.495306872999
211.412588468308
176.070983149096
134.551901341800
94.8264276376871
72.4027203394685
82.2041195528517
145.851254598178
256.798386154839
375.189063780764
485.142231217370
574.916417539728
618.239846275064
598.566297171526
646.741282676896
806.889435053116
792.587431800553
493.145460912731
193.556344386226
57.7393547365251
-3.51355796512537
-121.996386309220
-307.134197537511
-371.278082862544
-364.461911961818
-338.037038675839
-287.587974800119
-259.037050093360
-251.885712949800
-198.380636104119
-130.080943829312
-137.656316717350
-60.6226954401476
97.8591345923151
34.8683810034657
-177.747208221709
-245.295196907929
-182.903262898269
-71.3928709181649
-33.9454700731912
-144.523779031060
-205.852744701255
-254.451013640762
-298.106480449677
-317.168313272585
-372.708366510976
-451.378816495973
-479.441302818378
-468.292626423975
-455.431095049670
-432.754002933904
-399.142297538936
-361.654130777773
-311.009475115115
-246.717215805626
-174.205552652677
-93.7947139378140
-9.65450085221510
75.8362371406137
163.920265692443
249.296789778288
322.729259219115
376.412610416749
399.886195964205
391.743651190848
362.213323251877
318.147084824979
270.336561987034
227.009387343258
187.804126975006
162.889370423646
167.335152592100
201.636561465531
258.198270851651
328.036775153742
392.059948974300
443.798983657120
492.232841824481
530.855641289284
550.600505515812
551.756306949710
532.798072717051
498.993321218360
465.659671582145
433.518174046416
391.878422055681
340.325277036887
276.932601200129
201.023386446096
121.251454580387
38.6225015794259
-49.8141460750326
-139.138918794591
-223.078867339825
-295.077562175558
-344.363467307317
-369.240290884005
-377.761676354070
-373.881385851729
-364.672309253633
-354.854909582096
-341.395097083775
-329.688733235533
-328.847129878720
-339.077444847996
-357.499011550497
-379.963879653434
-396.070507775659
-403.878468254636
-410.658814497362
-415.171572063754
-415.569399324130
-414.119376349105
-410.774356473116
-410.118885517075
-422.101131773438
-444.613845368999
-465.686845439334
-477.367954710040
-467.070594159617
-439.871061743450
-425.149418639036
-440.092561342998
-504.040800492428
-598.812172728526
-649.996988709565
-558.625004271312
-253.088629143727
125.396128771910
248.080210901991
95.5377962100222
-64.4456195692175
9.21001074579472
225.249174579480
393.914294090165
435.293759679399
374.942833775546
361.452015924730
418.790829863981
410.913911479150
381.143427724108
343.619293230820
295.837248779906
291.583853952263
331.769299638800
373.770111071371
415.427658675147
452.177454771859
474.953679620488
499.321404590855
526.251532205495
549.114776610675
569.226042687665
580.544929729937
583.019411756908
584.481930920045
582.024984045856
567.957235464324
538.352525553001
485.893467745895
410.107945452909
320.538754367582
221.819346817432
119.907510206225
21.5864619430703
-71.2827116681572
-150.411244653799
-203.331490645833
-228.827497852824
-233.169167172401
-222.240711668612
-208.761707647090
-197.519287684663
-182.195146636671
-167.941246406003
-162.547640134524
-165.535799143800
-176.269475243330
-189.918354668052
-193.908178017015
-186.786375688144
-176.776534715932
-163.383909723847
-146.755301502165
-129.155321951550
-108.290818538042
-87.9376482961012
-76.9590835226166
-76.9959083680909
-86.5104955411755
-107.242371309505
-139.158222118631
-181.000884761282
-232.244738953823
-288.532670933124
-342.105069330667
-388.595111819250
-425.421624858848
-446.441949502081
-445.062514898511
-420.460019950938
-376.231688871994
-317.474936392657
-254.200104234389
-190.810597740089
-124.706866849704
-61.3395689172477
-8.06469523653328
34.1696803669161
65.5281375039813
88.9726341599454
113.343442734340
138.596173571545
156.280816074871
165.232622761809
163.955734926799
152.075555082464
136.404454832372
118.981335306329
99.7090054802981
83.8504712597852
77.3716324129326
87.5795963711507
125.382634746398
190.931559395899
273.278158357150
364.299498440720
450.738157775937
523.515743700651
583.287204074647
619.262042788290
616.066037851647
573.543262970273
499.612142124389
404.509284332388
309.563994299242
222.929833020789
137.120200296470
61.1876692973268
7.11966981350866
-25.2113757552863
-36.7095999041286
-35.2047547453704
-40.5330725915627
-55.9709133530376
-70.3617967326194
-86.4639006184802
-106.685618406261
-129.376165446774
-159.057514799967
-191.518967105048
-214.499854551790
-228.167637493795
-239.522803184836
-249.656210522642
-262.576716539209
-279.565082590672
-294.568781676898
-308.095104917302
-323.170112153953
-338.354588035237
-353.019791242631
-365.713250708216
-372.258443876235
-372.552930645596
-369.854207660656
-365.253320567677
-360.822151696573
-357.815338868386
-354.621474383553
-352.233999013835
-352.697853726067
-354.971563899036
-356.882381976439
-355.640765699801
-346.240062268444
-325.827593569210
-293.882223552999
-246.959997404333
-181.001103974443
-97.3235638780306
-1.13543222028245
101.148199033985
198.858896684286
285.058212484841
357.704786582410
408.002693175500
425.045988969259
408.763639184994
366.404357714012
307.114385147138
248.313400649313
198.517041189233
154.957127646334
128.026712257177
131.335213928377
164.871637512580
223.264934064286
296.555429727909
363.130611642761
416.263796171864
464.742003889819
501.402042536620
517.355478982800
513.170990008738
487.699836425033
447.662855608206
410.729551571347
378.916343324872
342.051575679992
301.417682500569
256.963702142984
207.671054537045
160.161939630595
112.814986096958
58.1832802658262
-1.41956639027039
-59.9323803019972
-114.004935175607
-156.875340654057
-186.915975346147
-210.038999268405
-227.046394293650
-238.655212232736
-246.934663618727
-250.468578320493
-251.502250015433
-255.083957914938
-261.704391932217
-270.022877693767
-279.374050787079
-286.855402787244
-294.003205075407
-307.809272899515
-332.037344055411
-371.045226040750
-422.140463017126
-471.533589326898
-508.052069974246
-517.326570686892
-500.074882794925
-479.046869726600
-467.332954795671
-481.289094458281
-505.915912556609
-478.919718067956
-337.669729644760
-39.5060759243823
301.166414660847
397.558194406186
230.871315227141
28.5705515360261
76.3563360005782
252.342929580688
342.833750058587
283.379920720003
124.384752535704
38.4074171190391
73.3563220728267
138.020964930433
256.945753594540
381.479484348126
440.226349955447
384.522009623944
311.376076105281
452.760161045230
687.462265215660
721.417488914117
575.129784403022
476.995010667325
542.915699452209
582.071025927586
472.055481459237
418.584520911614
426.348558443065
370.668647429617
312.206278325709
267.124012803582
215.297325123126
157.266464523192
94.5750416436663
32.0465105501171
-27.2991875086855
-77.3940040876105
-116.789395902349
-150.351756726495
-178.671208603199
-202.431972980176
-223.325657031553
-240.019744634202
-254.408489775021
-270.767623565674
-289.333392002020
-308.659152164730
-327.834709380794
-343.917250237974
-357.012510602912
-371.101693247970
-387.131635872644
-405.890894216656
-427.841098142472
-450.386770262258
-472.658531393544
-494.493826964202
-514.036402411590
-529.655256935123
-538.819911256689
-537.573821325155
-524.914256007802
-502.449213549231
-470.845603852574
-432.056509933671
-386.297485292788
-330.632765135085
-264.928142005981
-189.771608869871
-106.246810176277
-18.3844553501547
70.6709317962988
157.878629697206
238.317805018763
306.731839637039
356.448444893382
378.939219267004
373.694784062684
348.431807812973
309.842958950104
269.260128710242
234.211285307391
204.648124966756
190.039927054177
203.545247049414
245.385001978845
308.490591028097
383.856326223392
452.968261502083
508.869826472572
558.494589962882
594.298218956820
606.177063057117
594.448129728260
559.795402158244
509.060352745766
459.514840858628
413.969389532644
362.804978231525
308.285373066119
252.195066346656
193.808175910250
138.730236825526
84.9485232880740
24.0854539622531
-41.9181096318908
-106.075513001097
-165.359150669032
-213.765847276235
-249.403873534384
-277.837264246759
-299.202221911339
-312.749309499133
-320.172271785828
-320.676670064694
-316.225005629091
-311.621060597175
-307.724850739362
-303.525144512084
-299.306778288173
-293.890811495104
-288.738881524885
-289.119897754779
-297.814113030109
-317.576117523078
-348.403157088170
-384.776491550692
-422.671176363684
-456.985302810775
-482.225416655763
-495.368576725208
-489.199018236351
-453.774289921028
-388.823738817761
-301.840845561360
-200.106033898127
-97.0252122170950
0.482638363772197
95.2741211293349
179.302345779395
241.442538809159
280.906035900098
300.026455228182
304.559469773143
308.957444207756
316.007227647794
316.758772296534
313.655476726520
309.815521402693
304.770292646432
302.954188437142
302.685077310039
296.257243220364
286.046548146770
280.339600270784
283.162176520497
301.259417595434
335.276393626907
375.682855594851
418.271133931855
458.247447446622
489.083511957965
508.562836862953
508.610664845089
476.810806046961
412.983304953036
325.910062032555
223.569423824212
121.138344379210
26.0734782671943
-65.8064934233096
-146.109322932853
-203.047607220617
-236.262760371822
-248.330360070023
-245.940807783313
-245.542403958160
-250.683976628148
-252.294444493653
-253.734430850509
-259.019774021367
-266.967555891349
-280.224265888915
-294.653606246043
-298.615704271520
-291.812067718314
-281.322814453222
-267.756584732097
-253.764015845121
-241.445156576335
-227.379188912879
-214.236270928577
-208.224565125804
-210.367217611309
-220.901949726652
-241.217233117744
-270.756779582997
-308.437440346587
-352.928716574116
-400.192139051028
-443.873162533622
-479.432503017665
-503.362052863158
-509.266530799858
-489.885538237250
-444.446633103273
-377.844466879175
-295.709924742409
-208.549630243616
-121.651568234863
-32.9196134041033
51.1320115711075
121.561992941429
177.107742313297
218.585810767423
249.419055141722
279.585566156046
309.602440760097
330.562448137157
342.106763265993
344.011615720265
335.737872132153
323.271453680020
307.569936334398
286.373491974926
266.088350918935
257.485369638567
269.574986984649
314.248526005108
393.345548982209
495.384377699499
594.367960954669
639.850289122586
684.690566109146
787.479449306964
830.471128720800
768.908700287839
655.194306472119
516.348815715824
396.120434334906
271.279522688622
125.723182684823
-25.8705758141586
-144.231033365737
-226.537802284807
-250.380263895907
-257.211430109855
-250.959160200840
-239.874676551095
-235.467660838983
-229.935672083701
-224.963691422447
-225.129905394230
-229.888712131973
-244.156629544688
-261.417247096856
-263.595295263981
-250.733076231358
-234.328949569462
-215.973831879199
-200.788815875961
-191.562957132341
-180.980632321927
-171.448537516952
-170.098819925696
-176.406976769567
-189.736906711353
-209.622062509850
-231.820469014284
-255.467903701187
-282.808811592283
-312.181908749296
-341.235647836703
-368.008768408456
-388.391439694912
-398.819675680275
-396.124634067256
-379.065216018020
-349.743804033019
-310.130981533298
-263.675311921859
-212.250574918849
-154.602723876944
-93.1520663407452
-31.7078848414249
28.4798092275157
86.1838917060941
140.912592792230
194.253511577024
243.645231209351
282.597350842721
307.027388318120
312.070115552866
297.421323626350
270.181417372956
235.130163426338
198.692702112134
167.525794298942
144.612395708944
138.691072980924
162.066874606235
214.837724338602
287.704963505509
371.529822601516
449.415812157811
512.813596673816
565.456525554226
597.507251174563
595.439861806587
559.414955209707
494.349967305886
409.661147442523
326.264172486346
250.456888098595
173.570512927760
102.261248441148
44.6630254244154
0.520979707788788
-28.0273626779268
-46.5174746646063
-70.6217220565442
-101.303911705844
-128.495619097224
-152.350588220669
-171.463273609891
-184.249522298501
-196.702909977789
-207.097774422784
-208.719856480216
-203.422188008241
-195.827689181349
-188.774351978301
-188.449043565363
-195.949748467634
-205.592101454847
-216.214543522665
-226.409115275709
-234.212112155653
-241.432705853879
-246.229071632049
-244.383218439213
-236.584571656066
-225.674135183601
-214.405895812450
-208.371688664849
-209.781606642097
-216.637291464243
-231.018193276555
-255.614467829023
-289.071905496920
-328.817084033793
-370.298881795110
-405.203591838203
-429.032590642194
-440.855018783847
-434.993984916871
-404.908452374948
-350.685492524193
-276.542005202995
-188.608143678916
-98.5878915643289
-12.2115290569392
71.8244106357289
146.334640300646
202.155449342308
238.355659594814
256.991391391577
263.056636871216
268.734714693923
276.490802711692
278.821951069948
277.985540613202
276.975076600888
275.520474096146
277.346791676620
281.073656752783
280.112862771884
276.742215979332
278.672120502604
289.801549280476
316.397059325397
358.932042276475
408.324731078118
460.220128795156
509.476268835516
549.580891770667
578.245970225717
587.395874313330
564.836500988210
510.337038489361
432.429039463305
339.023648532051
245.198307519000
158.344415734404
74.3879915040505
1.71035884170486
-47.9575861885420
-74.5535251887385
-81.3325917713618
-75.6566108440290
-74.8107876491894
-83.1503854524858
-92.2161965556312
-106.364157313499
-130.819571218963
-164.207773368983
-207.685450801877
-255.571278432062
-293.728127145450
-320.079831029885
-341.161136953590
-355.306551346952
-362.233945553754
-363.493507960890
-356.549844811451
-345.281086199792
-338.857263459807
-339.078355030740
-344.284944865264
-356.722739422042
-377.193273181301
-404.787976887077
-439.176540394768
-476.225625780630
-508.076542909458
-531.285848749030
-545.322829664548
-545.594865465525
-527.315377393344
-490.021052085973
-435.442093372601
-367.470410697596
-294.326838374519
-218.827025312475
-138.159847839793
-55.6890801513807
24.3378402965657
100.677600393641
170.831602111164
234.996609824992
297.010349733305
354.372802631971
399.666774036278
429.043475871447
437.458276143304
424.518644784507
398.050514500645
362.525708268906
323.406351138719
287.644574894356
259.116030000632
247.057317983507
264.683194413798
312.429899008708
380.382186186859
459.495370887477
533.063065652796
592.472997659234
641.782047792368
671.086200307651
666.433717665634
628.116491174874
561.436615173545
476.060251885360
393.386070588159
319.818949550545
246.277045835764
179.367417510712
127.181270083972
88.9178364968591
65.9661491562521
51.7530198753026
29.0848664892597
-4.26126773478379
-39.2511366589115
-77.6722532904175
-119.978960534557
-164.352404359932
-214.561515053405
-266.505778063286
-309.611289609751
-342.993536400605
-370.430241983689
-391.207373517711
-406.917436174351
-418.647070239154
-423.893076387417
-425.225061916213
-428.295923688835
-434.539352921465
-444.362284327523
-459.942657547212
-482.400249897348
-510.941418293626
-543.466329843316
-575.736737066776
-600.686389123928
-614.151519213559
-614.735317995903
-597.020775214710
-554.654350048978
-487.704686664728
-400.674302131397
-299.565626072482
-195.598091274098
-94.2553696507020
6.06088923005216
98.7075368752150
175.112617931382
234.007700659690
276.141280949291
305.169740228029
331.292555071927
355.582021879592
370.141837272415
375.583113818397
372.814352984373
361.716468367197
347.712162126306
331.486780620532
310.195897673810
288.207650888118
273.166940970089
271.573807144063
293.023803431719
338.141656292363
396.399933351123
461.155755477888
522.389278201616
571.853573959295
609.038827904478
623.879276603869
601.581388367085
542.035711267986
454.058567631445
347.474926187963
242.032823770212
145.907847429248
52.4213767284567
-29.4526209723678
-87.5180883575750
-121.838712977986
-133.974456551751
-131.658399300957
-134.211547001033
-145.272370756848
-154.387495102986
-164.861788547398
-180.006273946394
-198.312504469490
-223.463686553355
-250.889604339682
-267.790743695112
-273.812390241934
-276.017505388891
-274.850559849416
-273.262349058605
-273.076291546690
-269.988283461865
-266.297677977378
-267.858663335865
-275.113098171712
-287.893523806643
-306.957068354696
-330.877016645656
-358.504212155209
-389.141282562999
-419.290374847476
-443.579597688949
-458.192513409140
-459.776082225936
-442.927672256308
-401.746468093856
-336.177143043108
-251.687554037554
-154.446041980683
-55.0607845399909
40.1415676197407
131.221584619869
210.241208568909
266.705303954150
299.502464463811
312.093294418674
310.088349005828
306.521918907980
304.783258844456
297.451723827262
287.911002624169
280.926161461483
276.390935025900
277.233119844498
281.306614455835
280.272932569143
275.867900116939
276.866337715486
286.639739825099
310.617509191209
349.296299371035
393.304158961965
438.629399002353
481.388358216879
514.879273102758
535.533777987180
534.850376963702
499.956598499758
430.548090177345
336.452559436188
226.104073651277
115.021185508709
11.4977290800804
-88.0155705623330
-173.996796984500
-232.973056616243
-264.479182208047
-272.376721276948
-264.380237319140
-258.810180690813
-260.203015334237
-258.925201431540
-259.443808232470
-267.404096347836
-281.445575205350
-303.348684684414
-327.609951398059
-339.773995886435
-338.505612243875
-331.724920787804
-318.921203305834
-301.392118706970
-281.422094351678
-255.988869553853
-229.120297543078
-209.966859982435
-200.517522577158
-200.251753756750
-211.687956241395
-235.500180394044
-270.530446115808
-315.297325571855
-364.593352706800
-409.397447412464
-444.482761906367
-467.315576757407
-470.725787127540
-446.659590983299
-394.507269447718
-319.098126500471
-227.027720561291
-131.045063367417
-36.8960955506915
58.3951902002226
147.855449711563
222.211316988215
280.164362178236
321.837487376919
350.889055944076
378.323212515408
404.282354733621
418.659304565929
420.456591213565
408.404661065537
382.155691318113
349.718383609435
313.343737437024
272.413712700538
233.261238793677
203.695252494700
192.618321932075
213.219429221741
266.170245417380
338.797657745834
422.148416723338
501.547662005441
566.864911224260
619.314247200889
646.818810050116
631.816158576532
574.157791239709
482.735466610107
368.942801858778
256.740946421097
154.868024059304
54.0480800389566
-36.3241983053778
-103.740120186717
-148.303466709562
-169.692380306043
-175.641593399424
-186.866872955549
-205.853571590676
-219.893560504156
-230.638656681416
-238.784252289005
-242.582541386472
-248.598422335827
-253.814254238403
-247.665525896581
-231.913446014587
-213.875399980290
-196.604295954494
-186.984619083120
-186.819478545303
-189.221850481370
-193.826843925717
-201.279197374244
-209.700813805695
-220.506594690135
-231.886947817806
-238.902260047635
-241.798516352234
-243.484800966208
-245.732261015187
-252.596493983836
-265.176074049303
-280.220427929089
-298.165305882108
-320.015070053366
-344.014365233019
-368.550094805357
-390.166720272328
-402.645358623328
-402.552230430352
-388.446133231192
-356.046525131360
-300.819095074838
-223.638429252245
-129.562512505164
-25.1195745792175
78.6450701733586
174.564328864457
260.567442049598
327.306777675619
363.066527433250
367.057218045190
345.621733248041
306.929518070930
267.458530339363
234.047322292576
201.537027227170
177.945330881555
174.116621924142
190.116685334811
224.051338907247
269.018415931568
308.105503259036
338.357665863001
369.844317852565
400.323209968794
427.528613660257
451.913994881858
467.323680384769
475.021650654727
482.575701674123
486.950400347931
479.842739356732
456.639497915596
409.415397503211
337.575623750411
251.473398275678
155.948214828695
57.0271477674941
-38.0933556817117
-127.453064415825
-202.236271406815
-249.004774149365
-266.658780999497
-262.418077771041
-242.939111603255
-222.273202071636
-205.994396464959
-187.632315015854
-173.218557535058
-171.745418968515
-182.589902852109
-204.281662183253
-230.841787441017
-247.499702445709
-251.732920896530
-251.986750820487
-246.473938663284
-233.733917211233
-215.967634046681
-191.426409105593
-165.006244459165
-148.051194892013
-142.997377227149
-147.365290360117
-163.812027763905
-193.454373234250
-234.886156312101
-287.388852047259
-345.538718587740
-399.127096657729
-443.256562603920
-476.449986583053
-492.082259388672
-483.132880248200
-448.823933252317
-392.111339460068
-318.470223633494
-239.233452104297
-158.686664800968
-73.3108513841635
11.6461121320078
89.3488268542158
158.416046773056
217.015034182947
266.805687671812
315.164572185380
360.261557835644
392.422367477454
408.326825454178
403.620695372593
377.626680006837
339.009413164663
291.558899623978
238.515183505536
189.786562686290
156.636311340106
154.992932858448
207.510117283187
309.877275312048
430.091792634426
545.865040997111
625.837930375815
658.358409728083
668.415321565260
707.036761913657
843.760245249242
895.206192315476
692.925394937408
382.876724001238
192.206160364155
142.907684978834
44.2280911654497
-64.4266400554914
-159.822492010102
-241.990472193139
-293.030248907110
-300.517884951589
-320.736370243025
-350.399518447557
-377.465319099433
-408.485313686768
-434.578526895138
-454.174183722078
-479.472453845409
-503.074208925452
-508.133918287142
-496.243101540587
-476.159158796291
-449.738626059005
-423.547503640515
-400.017104282272
-372.200508000320
-341.898382761300
-314.015433952918
-288.525723425182
-267.334238681301
-251.157772579311
-237.579093461962
-227.410561835723
-223.184827372286
-225.167086674254
-233.822598029416
-249.344290082251
-270.299361483039
-295.982172773073
-325.870503911352
-357.987151694056
-389.737829415188
-418.008408535487
-438.594498629253
-447.023948090494
-438.515259960515
-406.988737412787
-345.420979459153
-253.675659393801
-138.825708022866
-7.66342225581746
128.604980216164
261.986953364056
390.803677027554
504.591712426480
589.282235942162
643.031459256721
671.328083510040
681.027861739411
687.756606598545
695.930095766069
696.150621239725
692.826502269590
692.703030032354
695.086324895650
701.940315032154
709.260279377074
704.727592627387
689.051344717384
672.750997719158
658.437459305616
650.853850253749
651.122911257463
649.947834756579
645.083356553615
636.291866599785
618.375014107955
587.972008263980
538.568202493471
459.242403739312
350.388995010213
222.246151781156
82.6732030830693
-54.8889097587204
-182.144481298424
-300.753903089134
-401.255753417146
-470.336802530420
-507.336725343016
-516.993173202787
-506.883185528282
-494.327355128865
-484.758286588704
-470.559272630201
-457.764232845253
-454.319986979537
-459.593449256955
-473.833373297415
-491.149443421171
-496.379922538388
-487.721123744483
-474.215818290836
-454.890967550728
-429.773427809098
-401.358240118846
-367.108675382710
-331.693165277060
-305.870140050140
-291.681625114081
-287.062367153564
-294.156357886704
-313.118560280048
-342.397668654664
-381.310959678746
-424.508506036915
-462.366805879940
-489.655800140059
-503.585557543179
-496.884259270018
-461.788697596533
-398.343789711640
-312.675701265045
-212.986617994994
-114.113398819759
-23.5701899944499
60.3614580043330
128.586081314231
169.374516917411
182.425371878062
172.096828959577
146.665626799036
124.277235564834
112.020845266163
105.499613633050
112.815074157536
143.333311419935
191.569058024317
244.715537748201
302.074811361023
369.595321381658
459.549337342954
601.900194475046
619.322730191050
522.912315773333
516.586774151562
584.857797384327
644.623226045430
670.785575950558
622.313450449378
582.742383514279
548.330470114834
513.487738911044
487.512848267211
433.056993083552
354.034120033012
284.966590036760
221.103703490460
152.125961166432
90.0586738628106
46.2750168080372
19.2964320098469
3.13736510688038
-5.36506461211172
-13.2144104958617
-24.3657323165878
-36.0959668533654
-52.8971257174422
-81.9511605539286
-122.790547662958
-172.177056182798
-225.278976480747
-271.528670542449
-307.823355053930
-339.063719042655
-362.375651734941
-374.190743159864
-375.648685858782
-366.987256981270
-352.538967030979
-342.136371204211
-338.449325187595
-338.834754089888
-346.282533376963
-363.420745826771
-388.993544710004
-421.481840896884
-455.580002753158
-481.008217743606
-493.313029709260
-492.666397424597
-473.449346736651
-429.572576352917
-361.743906048404
-274.246805283019
-174.368718258066
-75.8191139495594
14.9028667392431
98.9786026290794
168.415980093348
213.479858398728
233.674520573790
232.136651097008
215.697787188119
199.551741994949
188.260216611125
175.505617857624
166.377386409790
167.227194920685
177.850518331818
199.405195406237
227.519059147157
250.151886468781
266.663319843475
285.338419164387
306.465501812116
331.516979960501
361.118086239162
388.728757058857
413.852473782602
439.219901487421
461.243906578656
475.081332169881
475.862191151024
455.439441379752
412.995703406566
355.743046105242
287.592258326428
214.978394916075
142.588745007605
68.9359954007540
-0.592979502034048
-57.4959169661051
-101.071151734983
-133.783334376179
-159.054545825402
-185.728308615766
-215.443832914651
-241.718606873383
-265.711639566526
-289.327580854499
-311.828756996296
-335.671559488766
-359.469015893212
-377.884414609713
-392.020265827816
-406.718567560418
-424.094434037012
-448.004035714415
-478.625471784280
-509.903096713386
-539.169860780431
-563.519492427110
-578.964823345959
-584.190509099508
-574.433372323126
-542.356412964380
-487.732605070484
-415.439408667383
-329.907460723460
-239.742866873585
-149.132900212839
-55.6317950494172
35.9886025683896
119.001906916705
192.111063464382
254.492355434602
307.558781714646
357.516470714086
403.411593876719
437.731317658619
458.629950268633
463.887050208585
453.218135527277
433.070560565818
406.209356543993
374.461611968668
343.531927691455
318.937567522677
308.605570430585
323.934219805024
365.593693006870
423.870780857803
491.195905318224
554.416288731497
605.584993923475
647.002804409600
669.309558054991
658.955172504248
615.946180417392
546.302158623120
458.855107915755
372.754711628635
294.175380043227
214.862840257907
141.173980623830
81.3454139804831
34.9031945224788
3.03668617684132
-19.9851096346398
-49.6986078108834
-87.7345580858682
-124.963711316895
-162.400022365983
-199.858074705814
-236.040268180659
-276.107574810888
-317.935391389337
-354.090724063697
-385.797960595176
-417.747644573808
-451.909443867106
-493.089302254067
-541.568349442311
-590.786395666571
-638.641394127192
-683.085239875628
-720.542362185143
-750.228475321902
-768.054466053906
-767.238973918436
-747.095200325110
-710.903857709754
-661.230253973919
-603.919446749898
-541.128291555135
-469.504189253346
-391.296606004572
-310.122999092245
-227.128223383541
-145.136578949799
-65.1511268844229
14.4172888166501
90.2779466568160
155.607146166031
205.647062699040
234.303975670073
241.013305911511
233.278749233594
216.060310548317
196.409612771289
181.184112370700
172.818263367364
180.294464829461
216.401690044644
281.549444069711
367.171767172440
464.689106751847
557.567842355674
638.267968665530
711.945468273025
770.164007599138
801.127443792382
804.641874242389
782.841334078653
742.657820480836
701.328814752694
662.096171728337
614.962176578543
562.661057176343
508.175184886873
450.783253881777
395.537900854511
340.096152240205
275.191377117592
202.692787441030
130.621589971914
62.1667884213398
3.41816395692538
-43.8846856196593
-86.4958852550009
-125.291948855174
-160.185336888214
-193.980556138776
-226.843060589819
-262.167432917939
-306.707848468939
-360.617056208045
-419.564905809076
-480.665890057540
-537.941570831898
-589.183900516676
-638.240929575366
-683.336569766531
-721.392048051935
-751.915595318754
-772.600666046117
-783.225799254899
-786.332033086664
-779.941399676560
-759.098563478746
-720.909324404700
-661.330937681720
-580.666576134932
-485.739083957332
-381.117613030147
-272.814649275435
-167.096871319282
-67.0132376279822
19.4568512018848
81.2810519182757
117.278725977424
133.635180552200
136.376140838057
137.760394227518
143.220886686140
148.278605440414
159.290393276501
185.486920633783
226.679754083696
280.570674844149
341.325405951283
394.963708237319
438.831839358196
481.223312746312
520.198270891118
553.669587920692
582.308185429203
601.759448881752
613.756923564070
625.508902367508
635.496966123033
637.710843992062
629.658314826597
606.408338713701
567.096435614576
517.964902207511
460.698520778423
396.654542527718
329.082374028495
258.626875319346
189.125574920583
127.233915036585
74.0235314539677
27.0682150737470
-15.1149467347981
-56.8232430213074
-98.7673145193278
-136.354499613300
-169.865294965640
-200.558647432294
-228.140798565268
-254.646965213024
-280.202260081915
-302.919349558447
-324.739325236672
-349.761772426872
-381.107131524488
-423.336133169344
-476.201224450390
-533.158920494021
-589.688686521049
-639.381587387510
-676.688456879263
-700.237165719757
-703.278715617148
-676.330557088436
-619.271717295084
-538.276698394463
-440.071247924399
-337.694870327902
-237.312439846090
-135.838956558345
-40.4708890169843
39.0842787498448
101.655093740328
147.757543123268
181.426808529187
214.323765082625
247.410451287829
271.488247008785
286.867195522966
293.928740871652
292.155365006114
287.506612363776
280.384061439052
267.245441480446
252.424620670760
243.518975895420
247.009854280968
272.829766250203
321.620385990131
382.602012465003
449.221555206344
511.591403652191
561.648431692176
599.342208779797
614.996501968116
594.207182289385
536.929295951235
451.537063891514
347.485716966655
243.955975534351
148.742264741103
55.2192677383588
-28.1016559008764
-89.6995497420384
-129.587768359679
-148.872166790116
-154.722046110324
-165.363513918957
-183.989656731518
-200.478965822475
-217.670494111204
-238.278680913080
-260.586137779211
-287.879971220028
-315.536994419299
-331.162001555936
-334.065127052630
-330.433872309371
-320.261110378099
-305.913631880678
-289.460148958462
-268.099320182076
-245.290821778973
-228.378497429517
-219.429990836551
-219.407867190059
-231.197055358189
-256.166682898130
-293.544794513198
-340.987158469799
-393.452223133470
-442.514663036649
-482.864908561023
-512.092784742673
-522.973390115026
-506.951131961009
-463.243356704420
-396.634111606382
-313.337497160203
-225.672887625473
-138.826630505266
-48.9745785904409
37.7770559172469
113.119051499691
175.916616754952
225.465234741354
264.709309384844
303.452433474884
341.064167084403
367.556601838161
380.958123198714
378.594757360509
359.908245527071
333.198969805416
301.217912823034
264.739518395440
230.205443603421
204.112161460757
195.321837564381
217.062521542840
269.868729819213
341.779501141609
423.854643864969
500.911014098173
563.319347346799
613.202430988717
639.259332941569
625.154398341094
570.838957277826
483.922230481135
375.061779366205
267.099968583900
167.903791174474
68.3367348428466
-23.2099202389860
-95.7729568626814
-149.214818943047
-181.909059960429
-200.108669737580
-221.815220133900
-248.133166758035
-266.670511828508
-277.495027494446
-279.288963575782
-270.366672840706
-258.226323281413
-241.507752065651
-213.088129082951
-176.096886136918
-137.046791473822
-100.637306973400
-75.7831946886506
-64.4074682730680
-59.4223528912979
-59.2169314759822
-61.2970156557788
-63.2535970811339
-68.3540699182582
-161.919273966954
-159.556776495818
-162.264557108303
-172.247879997581
-190.046946186886
-214.429727126957
-244.683977916807
-279.341476826881
-317.624977543624
-360.365253162192
-406.610675390604
-454.714683873273
-500.573516449473
-536.017977001845
-552.874733073319
-541.321444187511
-500.334031973863
-440.233506713988
-368.397815580752
-296.274632878194
-227.446241643033
-151.295738315236
-67.7015165366969
21.8743327539144
114.958719224175
197.932257886079
263.674457995252
308.169303126940
328.470089296585
330.656353752191
318.840516266470
297.599257146129
273.162571031001
248.623946357959
233.342830521756
241.500540856474
274.649176421544
324.695429042588
384.996803977348
441.680029490264
491.552210937549
546.756522598211
606.261101729754
666.999397930305
726.409590941642
771.148700012936
794.164762278694
792.223824503731
763.285460036672
714.319689732575
651.723100767694
583.523325210713
513.341637680146
435.638823120672
352.081584186176
265.957852822231
179.536124693363
100.774759509643
33.2488688460794
-22.8646000617776
-64.7074888953397
-91.1926534174103
-102.284629484709
-97.6982063661057
-81.0436836558219
-59.5084379740702
-41.7681443808728
-39.9215705578117
-55.5084372035492
-77.8386525411979
-100.282151611360
-111.722997311014
-109.079215431511
-104.232593969137
-97.3327142373892
-86.0773182057284
-73.1028470197787
-55.5370401470108
-36.5774493108625
-25.8781618139905
-24.7764460522759
-31.0714868007753
-46.3321051093240
-70.0628699579629
-102.094047997469
-144.855228533945
-196.817112882462
-254.005765698876
-312.852108216462
-367.556387469012
-410.452253754363
-432.510264317867
-431.642677545913
-413.703998603861
-382.776705439529
-346.550078631787
-309.079928650609
-266.739566000667
-224.696980104870
-191.601140194465