-2293757
-2228223
-2424832
-2883581
-2883582
-3080190
-3735549
-3932157
-3670015
-3538943
-3473407
-3604479
-3735552
-3473408
-3407872
-3670014
-4194303
-3735552
-3407871
-3407870
-3604478
-3670015
-3735550
-3735549
-3735552
-3997694
-4325373
-4128767
-3473408
-3145726
-2293758
-3342336
-4849664
-4063229
-4521983
-4390910
-3735549
-3145727
-7798782
65538
16842755
-8323071
-7864320
-3276798
-4128767
-4456445
-4063231
-4456445
-3538942
-3276800
-3080189
-2621438
-1441791
-1769471
-2162687
-1703936
-1572864
-1376253
-1572864
-2818048
-3670014
-4521984
-5373951
-5701630
-5832701
-4980735
-4915198
-4718592
-4325374
-3801085
-3997695
-3538943
-3276797
-3538943
-3932158
-5242880
-5439485
-4849663
-4587520
-4194302
-3997695
-6225920
-6553598
-6225919
-6225919
-5832702
-5570560
-5046270
-4653054
-4521981
-4194303
-4063231
-4063229
-4390911
-3997694
-3473407
-2621440
-2424830
-1900544
-1703934
-1703936
-1507326
-524288
-131069
524290
1245186
1966083
131073
-65534
196609
655363
196610
917507
1376258
1114113
1114114
851968
1048578
851971
1114112
917507
-65535
-65533
-262142
-393214
-393214
720897
-1835006
1507331
-2555902
-5308414
131072
-851968
-1376254
-589824
-458750
-524286
-196605
0
393219
786432
655363
524288
393219
327683
655361
1048577
393218
-786431
-2097152
-3145728
-2883582
-2818047
-2818048
-1310717
-1507326
-1376254
-1310720
262146
2621441
2097154
2097154
1245185
720896
786434
589826
1
-131070
-458751
-786430
-589823
-589822
-589824
-458749
-393214
-327679
-262143
-458749
-131069
262147
-65535
-65534
-327678
196611
458752
720899
851971
983042
1048577
1179648
1769472
1572866
393219
458753
720897
1245185
917506
1572867
-3211261
14155777
13434880
-327677
-3932158
917506
-131072
-65533
-131071
-262141
-131070
196611
393219
-851967
-917503
-1114109
-2031613
-1245181
-1114112
-720895
-262142
-1376256
-3670014
-5308414
-4325374
-3276798
-2490368
-2686976
-3014653
-3080192
-2818045
-3211263
-2752510
-1966079
-1769469
-2228223
-2621438
-2949119
-2818047
-2424831
-2228224
-2162687
-1572861
-1048574
-917503
-1048575
-524288
-786431
-524288
-786429
-393215
131072
393216
393216
524288
262147
851970
1310721
1572865
2031618
589827
-262142
-131070
131075
327682
196610
1048579
-4325374
11796480
16187393
-9633790
-2818045
-2162686
-1376256
-589822
-458751
-327678
-917504
-1048576
-917501
-720895
-655357
65537
262146
458755
1245187
1376257
524291
-983037
-1114112
-1507325
-2162688
-2031615
-2097149
-2424829
-1900542
-1638397
-851966
-983040
-1507327
-1507327
-2097152
-2359296
-1703935
-1441791
-1769469
-2162688
-2949119
-2752511
-2752509
-3276797
-3342335
-3211262
-2162686
-1966079
-2359296
-2883582
-2949119
-2752509
-2883582
-2490365
-2097149
-1835007
-2424830
-3997694
-4063231
-4390912
-4915198
-4980734
-3538941
-5898240
-1572862
17891328
-6553599
-9371647
-3670013
-4325373
-3670015
-3670014
-3407870
-3276797
-3670016
-3145727
-3211261
-3407869
-2883583
-2424832
-1769470
-1507327
-1376253
-1245182
-1769470
-2359293
-3276800
-4259837
-4849663
-4390911
-4521982
-4784128
-4063229
-3604479
-3145727
-3145726
-2490368
-2228222
-2621437
-3014655
-3080190
-3211264
-3473406
-3014656
-3014653
-3342333
-3538943
-3604477
-3670015
-3866624
-3735551
-3932159
-3866624
-3342336
-3145726
-2883582
-2490366
-2293760
-2490366
-2162687
-1441789
-1376253
-1114112
-983038
-851967
-983037
-2555901
-2752510
-2883582
-3211261
-3670014
-2883583
-7340031
3473409
14286851
1048579
-12189696
-2883584
-4521982
-4259837
-3997693
-3670016
-3014656
-2490365
-2097152
-1572862
-1638397
-1835007
-2031616
-2097152
-1900543
-1507326
-917504
-851966
-1835006
-2162685
-2686973
-3014655
-2686973
-3080189
-3080192
-2424829
-1900541
-1638399
-1572864
-1507328
-720894
-983039
-655358
-196607
-524285
-262143
-131072
-655360
-524287
-65534
65537
524289
1245185
1703937
1441793
1114113
1835010
1572864
1310720
1507330
1572867
1638400
1638400
1507330
1310723
1835011
1769473
1376258
1245184
1572866
2621442
2883585
2162690
589825
131075
589827
-65533
2
2
-3342335
2818049
17956865
-6553597
-5308415
-786431
-2293757
-1310717
-1048575
-1507327
-1048576
-851967
-1245183
-524287
-131071
262147
-327679
-655358
-262141
327682
786434
1179648
393219
-1048573
-1507326
-1769470
-1835008
-1310717
-1310718
-1703933
-1507327
-1441789
-1114112
-786431
-1245183
-786431
-393216
-1441792
-1703934
-1572862
-1114109
-1048574
-1245183
-1703933
-2228224
-2228224
-2162687
-2031616
-1769471
-1441791
-1441789
-786432
-917502
-1310720
-1048575
-983038
-1376254
-1179648
-1114112
-65536
-65536
-262142
-1507325
-2424831
-2097151
-2621437
-2949117
-2490368
-851968
-5636096
7340034
14352387
-9043968
-2883584
-1703936
-1507328
-1310719
-917502
-1376255
-1310719
-655360
-262143
65539
196609
-131070
262147
524289
720899
1114115
1048579
786432
393216
-917502
-1769469
-1835007
-2162688
-2031615
-2883581
-2621437
-2686973
-2621438
-2228222
-2097150
-2359296
-2818048
-3080190
-2752509
-3014653
-2621437
-2097151
-2031613
-1966078
-1441792
-1441790
-786431
-65533
262145
327682
720899
851971
851969
983043
786435
917507
1310720
1376257
1507330
1179648
1638402
2097153
2228226
2555906
2490368
1114114
1310720
786432
1310722
1114113
1507331
-2883582
13303810
14745600
851970
-5046269
1114113
3
-196605
655360
1638403
1703939
1638401
1638400
1769473
2162691
2228226
1572866
851969
1441793
2424834
2162691
1572865
720898
196611
-393216
-1114110
-1572861
-1441790
-1245183
-1245183
-524286
262147
327683
-131070
-589822
-589823
-983038
-786432
-196606
720897
655362
655363
589824
458754
327680
196611
327680
327681
393218
-131069
-327677
-458749
-458752
-458751
-589822
-589823
-655357
-655358
-327679
-131069
-1441790
-1769472
-1769472
-2228221
-2031614
-1703933
-1310717
-5505023
15532034
7340033
-11010048
-1441791
-2686974
-2293757
-1966077
-1966080
-2228222
-1638400
-1572863
-1703936
-1900544
-1376254
-1245181
-393215
786432
1310720
1900547
1835010
-65536
-786431
-983037
-1376254
-1376256
-1966078
-1703935
-1638399
-2031616
-1638398
-1114111
-1114109
-1114110
-1507328
-1703933
-1638398
-2031613
-2686976
-2424832
-2097149
-2228223
-2424832
-2424830
-2490366
-2883582
-2883582
-3211261
-3211262
-3080189
-3407871
-3080192
-3014656
-3473408
-2686973
-2555901
-2424830
-1114110
-1441790
-917503
-2883584
-4063230
-3997694
-4259839
-4390911
-4063229
-3473407
-8650749
6160384
12517377
-12582910
-4849663
-4259838
-4784125
-4390910
-3407869
-3014653
-3342335
-2883581
-2949119
-3211263
-2424832
-2359296
-1966078
-2359296
-2555903
-2424830
-2097152
-2097150
-3342334
-4587519
-5767165
-5767165
-5701632
-4915200
-3866622
-3670015
-3604478
-3801086
-4718591
-4456447
-4849664
-4521983
-3604480
-3670013
-3932157
-3342336
-3604477
-3801088
-3211263
-2883584
-1048573
1
-262143
-524285
-458749
-917502
-1245184
-917504
-983037
-720896
-655357
-720893
-720896
-1179646
-1769470
-1703933
-1835005
-1245184
-1441792
-1179645
-262142
-196606
-589821
-786430
-1179647
-2293759
-2228223
-1572864
-2162686
-4980733
16646144
3801090
-10420223
-983037
-2686973
-2293757
-2162686
-2162686
-1900544
-1835005
-1769469
-1376256
-655359
-393216
-393214
-65535
65537
-65533
-65535
131075
-393214
-1572861
-2555903
-2359295
-2031614
-1048573
-1048576
-1376254
-851965
-393216
-327679
131072
720899
65536
65539
262146
393217
262144
-327680
-851967
-1048575
-1441790
-1245184
-1310717
-917503
131074
-262143
-786430
-786429
-655358
-262141
-983037
-1179646
-1179647
-1376254
-1245183
-1114109
-786430
-786430
-262142
-458752
-917502
-131071
196609
1179650
1048578
-393216
-1769472
-3670014
-4128766
-4259838
-3670014
-3866624
-5636093
15990784
262147
-11927552
-3801087
-4980735
-4718589
-3538943
-3342334
-3080190
-2490366
-1835005
-1441791
-1245183
-458751
65539
393219
524291
786435
1114114
1048579
1114112
-196607
-1441790
-2031614
-3342335
-2621438
-1900541
-1900543
-1376253
-262143
131075
327682
655361
1114113
655361
327682
-131071
-196607
393217
589824
851970
1310723
720899
851970
1048579
786432
983043
1245185
1048577
262147
-196607
-1179646
-1376254
-327677
196610
-262143
-327678
-327678
-196606
-1638399
-1966077
-1638398
-1310717
-1376253
-2097151
-2818047
-1900543
-2228224
-2555904
-2621438
-2424831
-5505021
15335427
2490369
-10420221
-2162688
-3735551
-3080192
-1966079
-1179645
-1179645
-1310720
-1179648
-1179648
-2162688
-2490365
-1441791
-1310717
-786431
-720895
-1245183
-1179645
-1966080
-3080192
-3538941
-3473408
-3801085
-3866623
-3670016
-3932160
-3342334
-2031613
-1835008
-2031615
-1703935
-1310720
-1572864
-1441791
-1507327
-2031615
-2555901
-2490366
-2162687
-2031614
-2031616
-1900542
-1966078
-1245184
-262144
196608
65536
-131070
327680
589824
131073
65539
-196606
-65534
3
393219
786433
393217
393218
327683
196611
1114113
2031617
2293760
1376257
524288
655360
1114113
851971
720899
1376259
-2490368
7405568
20250624
-4194303
-1048576
1245187
786435
1048578
1507329
851969
196609
524288
1310720
2621442
3604480
3866627
3735555
3997698
4325379
4128768
3866627
4259842
4128768
1703938
393217
393216
327683
1638402
1835011
1507329
1376256
2097155
2359297
2097153
1900546
1769472
1114115
917504
327681
-131070
262145
-65533
-458751
-393216
-786430
-1048575
-917501
-851968
-196606
-262143
-983038
-393216
-131071
-786430
-1048573
-786431
-1310717
-1835006
-1638398
-1376254
-1835007
-1572864
-1703936
-2752511
-3735552
-4128765
-4784125
-4849661
-3866623
-3080191
-6946816
2818051
16777219
-8519679
-6488063
-3473408
-3866622
-3670013
-3276799
-2424829
-2293758
-2424830
-2097151
-1900544
-1835008
-1966079
-1572864
-262143
0
-262144
327683
-786432
-1638397
-1966078
-2228224
-2818046
-2490367
-1835005
-1835006
-1900542
-1507325
-2293757
-1835008
-1835007
-1703935
-1441792
-1703933
-1507328
-1835005
-1769472
-1441791
-1638398
-2031614
-2097152
-2621437
-2555903
-2818045
-2293758
-2228221
-2359295
-1966080
-2097151
-2359296
-2293758
-2621437
-2752509
-2359293
-2555903
-2490368
-1703935
-1179646
-720895
-786431
-2686975
-2686974
-3670014
-4653055
-4128768
-4128767
-9240575
8060929
10878978
-4194302
-10944509
-3342336
-3997693
-3801087
-4128765
-3604478
-3407871
-3276797
-3407869
-2555901
-2424830
-2621438
-2555904
-2949117
-2883582
-2359295
-2752509
-3014656
-3997694
-4128768
-4653053
-4587517
-3997694
-4194301
-4063229
-4653055
-3801087
-3342336
-3866622
-3735552
-2949120
-2621437
-2555904
-3866623
-4194302
-3801087
-3604479
-3473408
-2686973
-2621437
-2686976
-2424830
-2359294
-2621439
-2228221
-2293759
-2162685
-1835007
-2031616
-2490368
-2686973
-2228222
-2162686
-1900544
-1966080
-2097149
-1572862
-1310720
-786431
-131069
65537
327680
327681
-524286
-786429
-1048575
-1048574
-1245182
-655357
-4784126
5570560
-7798781
-9240573
65539
-1376255
-917501
-327678
-196605
131073
524290
655360
983040
1310722
983041
524291
-65534
-196605
-1507326
-1966078
-655359
-1310720
-2490368
-3145726
-3735551
-3538941
-3080191
-2949117
-2293758
-1638400
-1245181
-786431
262146
851970
655360
262144
-589822
-851966
-983040
-1048573
-1376255
-917503
-655360
-720896
-655360
393216
1703937
1703937
1441792
1376256
1048579
851968
917505
786435
720898
720899
458753
458754
655362
393219
131075
327681
786433
917505
720898
-131070
65539
-327678
-589821
-458750
524288
-4784127
11665411
13828098
-8191999
-327677
655360
-458752
-393216
131072
589827
655360
262146
458754
917506
655360
196608
-393215
-458751
-131071
196609
262146
393218
-393216
-1507326
-2097150
-2162688
-1900541
-1835005
-2359293
-2293759
-2097151
-1638399
-1310720
-1572861
-1048574
-720896
-589823
-720896
-524287
-720896
-524285
-524287
-786429
-1245182
-1507327
-1703934
-1507326
-1376256
-1245183
-1245181
-1245184
-1048576
-983038
-983040
-1179646
-1376255
-1572861
-1572864
-393216
-65535
-131071
-196605
3
1048576
655360
655363
327683
-262143
-1114112
-1245181
-1310720
-1507326
-655360
-2424832
1376256
19070976
-3211264
-5701632
-786430
-1245182
-786430
-655357
-393215
-393215
-327677
2
-786431
-589821
-393215
-524286
-589824
-1048575
-917501
-524287
-327677
-851966
-2424830
-2883584
-3342335
-3014656
-2555903
-2424832
-2293759
-2883584
-2883581
-2752510
-2359295
-2031616
-1769471
-1310718
-1441790
-1376254
-1310719
-1114110
-655357
-524288
-196605
-65534
0
131075
524289
655362
917505
1245186
1572866
1703938
1769475
2097155
2097152
1966083
2228224
2359298
2293763
2490371
2293763
2293762
2686978
3801090
4390913
4325379
2359298
2424832
2031617
1638400
1441792
2031618
-3801086
14221312
13107203
-7471104
589826
1
196608
327680
1048579
524289
65539
851968
65538
-65533
589825
1245185
1441794
1900545
2359298
2359299
2162691
1703937
983040
-786430
-1048575
-1114111
-1572864
-1638399
-1179645
-1507326
-1376253
-1179645
-1179645
-1048574
-1245182
-1638397
-1572862
-1507325
-2097150
-1703935
-2228223
-2490365
-2293760
-2359294
-2293760
-2162686
-2228222
-2228221
-2031614
-2293760
-2686976
-3080191
-2555902
-2490367
-2293760
-2490365
-2621438
-3080191
-2555902
-1966079
-3080192
-3342333
-2097150
-1310718
-786430
-1835006
-2490368
-2686974
-2686974
-2949117
-3211263
-1966078
-6160383
4194307
17563650
-8650752
-5439486
-3342336
-3342334
-3276797
-2686976
-2490366
-2490368
-2752509
-2490365
-2031614
-2555904
-2359296
-1638397
-1376256
-917503
-327678
-786431
-786431
-1310719
-1966078
-2424830
-3342336
-3145727
-3145725
-3276799
-2883582
-3080189
-2228222
-2359296
-2162685
-1900541
-2097149
-2424829
-2621438
-2555904
-2752511
-3014656
-3276799
-3145728
-3604480
-4128768
-4063230
-3997693
-4194301
-4128767
-4587519
-5111806
-5111808
-5701632
-5767165
-5308414
-5373950
-4915199
-5177341
-5111806
-4718591
-4521984
-3866622
-3735549
-3866622
-2424829
-1638399
-1376256
-2686973
-2883582
-2621440
-3080189
-2818046
-2490365
-2555904
14680065
8388608
-11534333
-1769471
-2097152
-1245184
-1310719
-1441789
-1507328
-1769471
-2228223
-1507327
-917504
-327680
-524286
-917501
-458749
1
196609
393219
-851965
-1900543
-3538944
-3604478
-3407869
-3670015
-3997693
-3604478
-3342336
-2949119
-2752510
-2686975
-2686973
-2490365
-2359296
-2293757
-2293760
-2555901
-2818046
-2818045
-2293757
-2293760
-2490366
-3080190
-2686974
-1703936
-1703936
-2293759
-2424829
-2097150
-1835005
-2162688
-2621438
-1507327
-720896
-262143
196608
327683
131074
1
-393214
-786430
-327677
-196605
-458751
-524287
-458751
262146
-983039
-2031615
-1835007
-1835006
-1835006
-1703936
-1245183
-2097150
-262141
19267584
-1703935
-6094846
-131072
-851967
-786430
-983039
-786429
-983040
-851965
-589821
-589824
-851967
-1048576
-1310718
-983040
-524287
-262144
-65536
-131072
-720895
-2228221
-3211263
-3276797
-2555904
-2883584
-3211261
-3080189
-2686974
-2097149
-2097149
-1769472
-1441792
-917503
-983038
-1179648
-1507328
-1638399
-1441792
-1310718
-983037
-1245181
-1048573
-851967
-786429
-983040
-1441790
-917504
-655360
-393215
-65533
327681
262145
196611
262145
196609
65538
589826
-65533
-393213
-196605
-327680
458752
917507
1376258
131075
-786430
-524285
-655358
-983040
-1245184
-458751
-1703936
-393215
18874370
-1638399
-6815741
-65536
-1441791
-1245184
-1572863
-1638399
-1245184
-1310718
-1310718
-1376256
-1769470
-2555901
-3014653
-2818047
-2686976
-1966078
-1703934
-1638399
-786429
-65535
-524287
-1114111
-1835005
-1572862
-1572862
-1048573
-524288
-458749
-655357
-655360
-589823
-524286
-262142
589825
458753
655361
393219
196610
-131072
-131069
-786432
-1245182
-1310717
-1769470
-2228223
-2031615
-1572864
-2162685
-1966077
-851967
-720894
-720895
-786431
196611
983040
1048577
917505
393216
131075
-196607
65538
262144
458752
2
-983039
-589821
-524285
-1179647
-1245184
-1179646
-1572863
-5439486
14942211
5767168
-9699327
-851965
-2752511
-1966078
-1835006
-1703934
-1376253
-1376254
-1310718
-196605
-655359
-983040
-589822
1
196608
-131070
1245186
2097153
1114114
524291
-458750
-983040
-1769470
-2031613
-2621437
-2031616
-1769472
-1572861
-983037
-983037
-851968
-720893
-327678
-458749
-196608
-327678
-393214
-131072
2
393219
1114115
1179650
1048579
1507331
1638402
1310722
1835010
1638400
720899
-720896
-3604477
-3342333
-2555901
-2621440
-1966080
-983037
-851965
-720896
-1245184
-786429
131073
917507
983042
3
0
589825
524289
589827
1638402
-2555904
14352386
14483459
-6029310
1376259
1048577
1048577
1769473
1507329
1179648
851970
851969
1310720
983042
1245185
1441792
1245184
1048577
1572865
2097153
2162689
1966080
851968
393216
327681
-262141
131075
131073
393216
851969
2031618
1703938
1376259
1638401
1245186
1507328
1638400
1179648
983040
983040
786432
2
65538
655360
524291
-1048576
-1310718
-1179645
-1507325
-1114109
-1638398
-1310717
-983037
-1572862
-2031614
-1769472
-1703935
-1114111
-655358
-720895
-851965
-1638400
-1966078
-2162688
-2490368
-1835005
-6094848
3932162
16646146
-9109503
-5832702
-2359296
-3604477
-2621439
-2424830
-2359294
-1966077
-2162685
-3080190
-2752512
-2621439
-2293759
-1966080
-1900543
-1310717
-851968
-327678
262145
-524287
-2359294
-3014656
-3342336
-3407872
-3211262
-3080191
-2293757
-2162686
-2686973
-3211264
-3801085
-3407869
-3211261
-2949120
-3997696
-4259837
-3866622
-4849664
-4718589
-4063230
-3735549
-3670014
-3342334
-2883582
-2424829
-3014655
-3014656
-3276800
-3342333
-3014653
-2818047
-3014653
-2686975
-2293757
-1310719
-1114110
-1638398
-2883583
-2555902
-2162687
-2424830
-1703936
-1310717
-3211264
-1572864
19398656
-2490366
-9240574
-1507325
-2686974
-2490366
-1769472
-1441792
-2228222
-2490366
-2490368
-2424829
-2031616
-2097151
-983037
-589823
131075
327683
-917501
-2228223
-2686974
-3145727
-4128765
-4653055
-4456447
-4325373
-3735552
-4325373
-4128768
-3866621
-3604479
-3735549
-3145725
-2424829
-2818048
-3538943
-3145727
-3276797
-3342333
-2818046
-2293758
-2097152
-2818046
-3145728
-3604477
-3538942
-3342335
-3342333
-4521984
-4259838
-4521983
-4194301
-3604479
-3997696
-3670016
-3211263
-4718590
-3735550
-3080191
-2949119
-3080190
-2555901
-1769470
-786430
-458750
-1507327
-2097151
-2818046
-2883582
-3014654
-2883583
-1835007
-5898240
14352384
7798786
-10289149
-655358
-1900543
-1900543
-1966079
-1376256
-1114109
-1245182
-1441789
-1048575
-262142
-393215
-131072
131075
655361
327681
-65535
-458749
-1441792
-2162688
-2359296
-2818045
-2752511
-2621438
-2097151
-1572864
-1900541
-1835005
-1245183
-1310720
-1507325
-1376253
-983037
-851968
-851968
-1245181
-1048573
-983040
-1048576
-1048576
-917504
-786431
-1114110
-1114110
-983037
-786431
-917501
-262141
720899
393217
720897
589826
327680
-720895
-1114109
-786432
-393214
-524288
-786432
-262142
524289
786435
1703939
2424834
1572865
589825
131074
-65536
262145
-65535
131073
1966081
-1441790
6094851
19791872
-5111808
-2883583
65536
65539
131073
458754
458754
-720893
-1179648
-917502
-655360
-524287
-65535
-262144
2
-131069
0
262147
-196608
-1245183
-2097150
-3014653
-3670015
-2949118
-2883581
-2621437
-2424831
-1769470
-1376256
-1441790
-1507325
-1703934
-1310719
-1376253
-1769471
-1769469
-851968
-589823
-983039
-786431
-720895
-589821
2
-131072
-262141
-327679
-524285
-524287
-917501
-786429
-2621437
-1310719
-1376256
-1900541