-3014653
-3211261
-2949118
-2686975
-2686976
-2686973
-2293760
-2424829
-1966080
-1900543
-1769470
-1310719
-1507327
-1835006
-1703935
-1507328
-1769471
-1638399
-1376256
-1769469
-1572862
-1376256
-1376254
-1310720
-1441789
-1245182
-1441791
-1507328
-1441792
-1114112
-1179647
-458752
-458750
-655360
-1114110
-1245181
-1441789
-1245181
-1638397
-327680
7012353
14680066
-7864319
-6815744
-851966
-1638399
-1376255
-1245182
-786431
-720895
-589823
-655358
-196608
65536
131075
393218
1441793
2097153
1638401
720897
-1179647
-2621440
-2883584
-2621439
-2686973
-2490366
-2228221
-2162685
-1900542
-1769469
-1900543
-1572862
-1245182
-1376255
-1572863
-1245183
-1245183
-1441789
-1507325
-1507326
-1507326
-1376254
-1114109
-1376254
-1179648
-1179645
-1114110
-1048575
-1048576
-1310717
-1245181
-917504
-524285
-655359
-983038
-1245182
-1507328
-1048573
-1114112
-2424832
6225920
15663107
-7340029
-12255232
-2031613
-1638398
-1703933
-1179648
-1310718
-1310717
-1245182
-851965
-851965
-720894
65537
327682
851970
1900544
2097152
1572867
131075
-1900541
-2883584
-2883582
-2752510
-2424832
-2490365
-2359296
-2293758
-1900543
-1835005
-1441789
-1507327
-1376254
-1441789
-1507325
-1310717
-1572862
-1507328
-1507326
-1310719
-1245182
-1376254
-1310720
-1310718
-1245184
-1245184
-1245183
-1114112
-1310718
-1310720
-1179646
-1179648
-983040
-1048573
-1114109
-1048573
-1114111
-458749
-851968
-1245184
-1310717
-1507327
-1048576
-1572864
-2228224
1114112
16056323
65539
-11272192
-1507328
-1966079
-1966080
-1507326
-1376255
-1376255
-1376255
-1245181
-1048575
-655360
-655360
-65533
786434
1638402
1835009
1376257
-393216
-2097150
-3014654
-3342334
-3014656
-2621439
-2949118
-2621437
-2162687
-2228224
-2031614
-1900542
-1507325
-1769469
-1703935
-1769469
-1572864
-1572862
-1638400
-1572863
-1572862
-1507328
-1245181
-1179648
-1310717
-1179646
-1376253
-1245184
-1179646
-1245181
-1048575
-1179646
-1048574
-1441791
-786430
-589821
-589823
-851967
-1114111
-1114110
-983038
-1376253
-2097150
4259842
16318464
-4521981
-9371647
-1048574
-1966080
-1703933
-1179646
-1048576
-1310717
-851967
-851968
-983040
-393213
-196608
-65534
1114112
1835009
1703938
1245186
-786429
-2293759
-2621438
-2752512
-2818046
-2490367
-2162685
-1966077
-1835006
-1638399
-1835006
-1441789
-1507325
-1507326
-1441792
-1376256
-1572862
-1703934
-1441789
-1245183
-1441789
-1638399
-1245184
-1441791
-1310719
-1245183
-1179648
-1245184
-1245184
-1245183
-1114110
-1114111
-983037
1
-524286
-983037
-1245184
-983037
-1376256
-1441792
-2031616
-2490365
9437187
13238272
-10354686
-5832704
-1245184
-2162687
-1638400
-1376254
-1048576
-1245181
-1114111
-917501
-917503
-720894
-131071
458754
1245187
2031618
1507328
393217
-1376254
-2621440
-2949117
-2949120
-2818045
-2293760
-2293758
-1966079
-1769472
-1507328
-1638397
-1376253
-1114112
-1310719
-1507325
-1048575
-1048576
-1114110
-1048574
-1179647
-1376254
-1310718
-1441791
-1245184
-1245184
-1179646
-1179647
-1245181
-1245181
-1310717
-1310719
-1179645
-1114110
-1245182
-1376255
-1245183
-1310719
-458749
-131071
-1114110
-1376255
-917503
-1114110
-1441791
-1572863
-2621438
6553601
14745601
-7929855
-7602175
-1048575
-2162686
-1638399
-1769472
-1572863
-1245184
-1310720
-1114110
-1179645
-917503
-524288
458752
1114113
1638402
1507330
655361
-1048576
-2162685
-3211262
-3014655
-3080192
-2818045
-2686974
-2293757
-2031613
-1703933
-1572862
-1441792
-1376256
-1572863
-1572861
-1572864
-1507327
-1638397
-1769471
-1703934
-1376256
-1638397
-1245184
-917504
-1507327
-524285
-983039
-2555901
-393216
-1572861
-524287
-393216
-655360
-1179647
-1048575
-1114111
-720896
-1179648
-1900543
2621443
17235968
-1310719
-10354687
-917503
-1638398
-917501
-851967
-851965
-524285
-458752
-458749
-262143
-131069
131072
589826
1441793
2293760
2162689
1638400
-393216
-2228221
-2621440
-2752509
-2752511
-2424829
-2031613
-1966078
-1835007
-1966078
-1638399
-1900543
-1572864
-1572863
-1507327
-1572864
-1703935
-1835006
-1703936
-1769471
-1835007
-1769470
-1572861
-1507325
-1507326
-1376253
-1245183
-1507325
-1376254
-1245181
-1376256
-1310719
-1245184
-1310720
-1441790
-917504
-1966080
262144
-1048576
-917503
0
-1572862
-1114111
-1310718
-1310717
-1769470
-589822
14680066
5570561
-12255232
-2490365
-1572862
-1835007
-1703933
-1376255
-1310719
-1376256
-1310717
-917503
-720896
-655359
-262141
655361
1310720
1835010
1703937
786433
-1048575
-2686976
-2949119
-3145728
-3145728
-2359296
-2293758
-2162688
-2228223
-2162685
-1966078
-1900542
-1703934
-1572864
-1900541
-1769470
-1376253
-1703933
-1441791
-1507325
-1507328
-1179646
-1376253
-1245182
-1245183
-1376255
-1310718
-983039
-1114112
-983037
-1179645
-1179645
-1114110
-1441792
-1245184
-1114112
-1114110
-983038
-917501
-1048575
-458749
-327678
-655357
-1114110
-1114112
-1441790
-983039
-1703936
-2555903
5242881
15597570
-6094848
-8519678
-917502
-1835007
-1638400
-1179645
-1179648
-1114111
-983040
-1048574
-851967
-524287
-393216
393218
1114114
1638403
1376257
851971
-655358
-2555902
-3276799
-3014654
-2949120
-2818046
-2555902
-2424829
-2228221
-2031614
-1835006
-1638398
-1572863
-1572861
-1376253
-1507328
-1376256
-1310717
-1310720
-1441791
-1572862
-1376254
-1245183
-1441792
-1376254
-1179645
-1179648
-1114109
-1048573
-917503
-851967
-851967
-851966
-196608
-393216
-851966
-1179646
-1179648
-1048576
-983037
-2228224
7340034
15663105
5177344
-11468799
-1966080
-1441790
-1376254
-1245184
-851968
-983038
-983037
-851968
-524288
-458750
-393216
131074
589825
1769473
1835010
1572864
-65533
-1900544
-3014653
-3145725
-2686975
-2359293
-2359293
-2162685
-2031613
-1966080
-1835005
-1376256
-1310717
-1245181
-1310719
-1572861
-1376255
-1310717
-1507326
-1507326
-1179647
-1507327
-1441792
-1179646
-1376253
-1441791
-1310719
-1376255
-1179647
-1179646
-1114111
-1114110
-1048573
-1179645
-786430
-131071
-458750
-1245182
-1048576
-1179647
-851967
-1179645
-1835006
3211264
16777218
-2818046
-10092543
-851965
-1900543
-1507325
-1245182
-1179645
-1245182
-1114109
-851968
-786431
-589822
-65535
131074
983040
1638402
1769475
1310720
-524288
-2293757
-2818047
-3014655
-2686974
-2555903
-2424832
-2228221
-1966078
-1900541
-1769469
-1638400
-1441792
-1441792
-1441790
-1310718
-1441791
-1507327
-1441792
-1376255
-1376255
-1376254
-1245184
-1507328
-1114112
-1114112
-1376253
-1179646
-1179646
-1376253
-1179646
-917502
-1179645
-1048573
-1179645
-1114109
-1179645
-1179647
-1179645
-786431
-393215
-589822
-1310717
-1441790
-1441789
-1703936
-1638398
-2621437
2162688
15990786
-1769472
-10682366
-1179647
-1966078
-2031614
-1835007
-1441792
-1572861
-1441791
-1310720
-1179647
-851967
-458750
2
1179650
1638401
1703937
1310722
458753
-1703934
-2949117
-3407872
-3211261
-3145725
-2621437
-2621439
-2228224
-1900542
-1769469
-1835008
-1835007
-1769472
-1703936
-1572863
-1441792
-1507328
-1638398
-1638400
-1703933
-1441792
-1245184
-1245181
-1245183
-1376253
-1310718
-1179646
-1245182
-1441791
-1114110
-1114110
-655358
-262144
-589821
-983039
-1245182
-1048575
-1769469
-524286
-1835007
-720894
16711682
1703936
-11665405
-1441792
-1900544
-1572863
-1310718
-1376254
-1179647
-1245182
-983039
-655358
-983037
-393215
131075
1179651
1835011
2031616
1572865
720896
-1310720
-2555903
-2883581
-3014653
-2686976
-2555904
-2359295
-2097150
-2162688
-1835006
-1638397
-1572862
-1507328
-1572862
-1703933
-1507328
-1310720
-1376253
-1376254
-1310720
-1376256
-1638398
-1114109
-1507327
-1638398
-1179647
-1245181
-1179647
-1507326
-1245182
-1179646
-1114109
-917504
-1179645
-1048573
-1179646
-917504
-524286
-131069
-589824
-983040
-1048574
-1114112
-786432
-1638398
-327677
15073283
4718592
-11993087
-7340029
-851965
-1769471
-1048576
-917501
-1114112
-983040
-851968
-720895
-524285
0
-65533
917507
1507329
1966080
1966080
1048577
-983039
-2752510
-3276800
-3407870
-3080190
-3014653
-2818046
-2424830
-2424829
-2621437
-2228224
-2162686
-2031615
-2031614
-1703936
-1966078
-1966080
-2162685
-2097151
-1966078
-1638399
-1703933
-2031614
-1900541
-2031614
-2097152
-1703935
-1638399
-1703936
-1638397
-1507327
-1507327
-1507325
-1376253
-1245184
-1441791
-1114109
-1048574
-1572863
-1048575
-1048575
-655360
-262143
-655359
-1376256
-1245182
-1376256
-1441791
-1310719
-2490368
7864321
14221315
-8978431
-6750208
-786430
-2097150
-1638399
-1245183
-1310718
-1245183
-983038
-1114109
-655358
-524288
-327679
327683
1310720
1835009
1835009
1245184
-917503
-1769472
-2686975
-2686975
-2818047
-2752510
-2293757
-1966080
-2162685
-2162685
-1769471
-1441790
-1310720
-1441792
-1376255
-1245181
-1376253
-1376256
-1114109
-983040
-1179646
-983040
-1114109
-917502
-983039
-1048575
-851968
-917501
-786430
-1048576
-917502
-655359
-851965
-589821
-655357
-851968
-65534
262147
65538
-393216
-786429
-786431
-851965
-655360
-2162688
5767170
16187394
-5767167
-8126462
-786430
-1769471
-1638400
-1179646
-1048575
-1048576
-786432
-786432
-393215
-131070
3
393218
1376256
2162691
2293762
1638402
196608
-1376256
-2359294
-2949119
-2752510
-2293758
-2293757
-2097150
-2031616
-1835006
-1703934
-1638398
-1507325
-1376253
-1310720
-1179648
-1441791
-1572861
-1376255
-1441790
-1245184
-1441789
-1376256
-1310717
-1441792
-1441790
-1114110
-1310719
-1179647
-1114112
-1179647
-1048574
-1179647
-1179645
-917503
-1048573
-851965
-851967
-720894
-524285
-786430
-983037
-851967
-1114112
-983039
-1441792
-1507325
13434881
16187395
-4980733
-8847359
-589824
-1638398
-1179645
-1179647
-983039
-983037
-851967
-589823
-327677
65538
196608
655363
1441793
2162688
1966082
1376259
-524287
-2490367
-3080192
-3014654
-2686976
-2752511
-2621437
-2293758
-1966079
-2097149
-2031614
-2031614
-1835005
-1769469
-1638397
-1441790
-1572861
-1638400
-1507326
-1507326
-1572863
-1900542
-1638398
-1310717
-1638400
-1441792
-1179646
-1376256
-1441790
-1376255
-1245184
-1245182
-1376254
-1114111
-1114110
-1245183
-1310719
-1048574
-589822
-262143
-917504
-1376255
-1245184
-1245182
-917504
-1376255
-2162685
10158080
12648450
-10420224
-5177342
-851965
-2097151
-1703936
-1441789
-1310718
-1245184
-1114111
-1048576
-851968
-720893
-65536
589824
1376258
1900547
1966081
983040
-1310719
-2752509
-2883584
-3014656
-2883584
-2818048
-2424830
-2555902
-2621438
-2097149
-1966078
-2162685
-1966079
-1900544
-1835007
-1703935
-1769471
-1769469
-1507327
-1572862
-1638400
-1638400
-1572864
-1507326
-1507328
-1441792
-1310719
-1310717
-1572862
-1441792
-917504
-1245184
-1048574
-983039
-589823
-196608
-983040
-1376254
-1245182
-1376255
-1114111
-1310719
-2555904
6750210
14614529
-7798784
-7274495
-917504
-2097152
-1572861
-1507326
-1376256
-1310718
-1441789
-917504
-786431
-720894
-196605
524288
1245184
1572866
1703938
786433
-917502
-2490365
-2818047
-2752509
-2555902
-2293760
-2097149
-1703933
-1900544
-1703933
-1638397
-1441792
-1114112
-1310720
-1507325
-1310719
-1376255
-1114110
-1179647
-1441791
-1376254
-1376253
-1441789
-1245182
-1245181
-1048573
-1245184
-1048575
-458752
-327679
-524286
-1114110
-1245184
-1572862
-1114111
-1769471
-1769469
13762560
8323072
-4915200
-8912895
-917503
-1966079
-1703935
-1441792
-1245182
-1048576
-983038
-917501
-720896
-524288
-65533
262146
983043
1835011
1900547
917505
-720894
-2752509
-3014655
-2555903
-2555903
-2293759
-2293758
-2162687
-1966078
-1703933
-1703933
-1507326
-1376255
-1441792
-1441790
-1441789
-1245182
-1507326
-1310718
-1507327
-1376255
-1114112
-1376255
-1048574
-786430
-1048573
-917503
-917504
-983038
-983037
-1048573
-983037
-720896
-786430
-786429
-851966
-786430
-458752
-720896
-262141
131075
-589824
-851966
-917503
-1245182
-983038
-1179648
-2555904
5570563
15990787
-6160383
-7929855
-720893
-2162686
-1638398
-1376254
-1245182
-1376256
-1310717
-1114112
-917504
-786430
-327677
131074
1114115
1769472
1900546
1179648
-851968
-2555904
-2949120
-3211264
-3014656
-2686974
-2752512
-2490367
-2359294
-2490365
-1900543
-1900543
-1769469
-1572864
-1572864
-1835005
-1835006
-1835008
-1835007
-1835005
-1900542
-1703936
-1769470
-1703935
-1703935
-1703936
-1638400
-1572864
-1769472
-1441791
-1310719
-1507326
-1245184
-1507328
-1179646
-1114110
-1114109
-1376254
-1245181
-983038
-655358
-524288
-851968
-1376253
-1507325
-1114111
-1769471
-393215
14876675
4456448
-12124157
-6684669
-786431
-3276797
-720894
-1835006
-1114112
-1179648
-1048576
-851966
-524288
-196605
0
327682
1572865
2228225
1966081
917504
-983038
-2424831
-2883581
-2883582
-2424829
-2359296
-2097150
-1900542
-1835008
-1441792
-1376253
-1376254
-1376253
-1376253
-1179647
-1114110
-1048574
-1048576
-1114110
-1245183
-1179645
-983040
-1048575
-1114109
-1114109
-917502
-720895
-917501
-1048574
-851966
-720895
-983038
-786430
-720894
-983039
-655360
-65534
-262144
-786431
-1179646
-917503
-1179645
-1179646
-2162685
3670019
12713986
9830402
-11534335
-3604477
-1376254
-1835005
-1310717
-1114112
-1114112
-1310717
-983040
-917502
-589824
-458752
-196607
524289
1507330
2162689
1638401
262147
-1638399
-2949117
-3080191
-3080191
-2621440
-2555901
-2293760
-2490368
-2162688
-1900541
-1638398
-1507326
-1441792
-1441789
-1507328
-1638397
-1507327
-1441789
-1441790
-1245184
-1376253
-1245184
-1376253
-1179648
-1179647
-1179646
-1376253
-1376256
-1376254
-1245183
-1376253
-1376254
-983040
-1048574
-1048574
-1048574
-1048573
-917502
-851967
-786432
-720895
-65534
-327680
-720894
-1114111
-1114111
-1048576
-917502
-1245182
-1966078
11272194
10747906
-11206653
-4194301
-1114109
-1835005
-1507325
-1310720
-1441789
-1376255
-1179648
-1048573
-1114112
-786429
-589821
262144
1048579
1638401
1703936
720897
-851965
-2883581
-3670013
-3473406
-3538943
-3080189
-2883581
-2359296
-2162688
-2293759
-2293757
-2097151
-1835008
-1638399
-1769472
-1572863
-1769471
-1835005
-1703933
-1769471
-1507325
-1441791
-1310719
-1310719
-1507325
-1441790
-1245181
-1376254
-1638399
-1441791
-1376256
-1310718
-1114111
-1114112
-1179647
-1310720
-1310717
-983038
-1114109
-196605
1
-786432
-1048573
-655360
-851965
-851966
-1245184
65538
7536643
15663107
-7274496
-6946816
-655358
-1769469
-1114112
-1179647
-983037
-1048575
-1310718
-720896
-655359
-393215
-65535
458752
1441794
1835008
2097155
1179648
-655357
-2293757
-2883582
-2752512
-2359293
-2293760
-2424830
-1835007
-1703935
-1703935
-1572863
-1507327
-1507328
-1376255
-1310718
-1507326
-1441789
-1376256
-1441791
-1572861
-1441790
-1048576
-1048574
-1048573
-983038
-1114112
-983038
-1048573
-1114111
-1048576
-1048575
-1048575
-983039
-1048574
-720895
-786431
-262144
-196605
-917502
-1310718
-1114111
-1507326
-1376255
-1572862
-2424831
5701635
16318465
-6356989
-8323070
-786430
-1966078
-1638398
-1376255
-1376255
-1114111
-917504
-655360
-851965
-589822
-327679
262147
1179651
2097153
2162688
1048578
-851967
-2752511
-3211264
-3211263
-3080190
-2621438
-2293760
-2359294
-2424829
-2228221
-1638399
-1507327
-1376253
-1507328
-1572862
-1441792
-1376254
-1376255
-1572861
-1441790
-1441792
-1572864
-1114109
-1310719
-1245181
-1048575
-917504
-983039
-917503
-1048575
-917501
-786431
-786432
-851965
-720895
-786430
-720896
-720896
-786429
-589823
-720896
-1048574
-655359
-65536
-393214
-1179645
-1048576
-1245184
-1179648
-1507325
-2097150
12320770
16580608
-3866624
-10027006
-1245182
-2293757
-1900541
-1441789
-1376254
-1245182
-1310718
-1245181
-917501
-786432
-524287
-131070
655363
1638401
1966080
851971
-655360
-2686975
-3538942
-3538944
-3407872
-3014654
-2949118
-2621440
-2555901
-2293758
-1900543
-2228221
-1966080
-1703933
-1900541
-1769472
-1572861
-1703936
-1703935
-1966077
-1703936
-1835006
-1900541
-1638400
-1507326
-1245184
-1376256
-1310720
-1310720
-1245183
-983037
-1048576
-1376253
-1048573
-983040
-1048573
-524288
-393216
-524285
-1048575
-917501
-1114110
-851968
-1245183
-2162688
7012355
16121856
-6815742
-7208957
-393213
-1507326
-983039
-1048574
-786429
-720894
-786432
-786431
-524286
-65533
0
458755
1310721
1966080
1900545
1048579
-851967
-2883581
-2949120
-2949118
-3014656
-2621439
-2490365
-2621437
-2228222
-2162688
-2228221
-1900543
-1900542
-1638399
-1638399
-1572861
-1572863
-1703935
-1703935
-1900542
-1572864
-1507327
-1507326
-1703933
-1507326
-1245184
-1179645
-1048576
-1310717
-1245183
-1245183
-1245184
-1114112
-1245181
-851968
-327680
-720893
-917502
-1048576
-1376254
-983040
-1376256
-2097151
2162689
16842753
-720896
-10485759
-655360
-1441792
-1310718
-1114111
-1048575
-917501
-851967
-917503
-589824
-589823
-131069
524288
917505
1835011
2097154
1376259
-524286
-2424830
-3342334
-3211263
-3145726
-3080191
-2686973
-2424830
-2490368
-2162687
-2097150
-2031613
-1572864
-1638399
-1572863
-1507326
-1441792
-1638400
-1572863
-1441790
-1310718
-1310719
-1507328
-1441791
-1441792
-1310719
-1376255
-1441792
-1572863
-1376256
-1376254
-1376253
-1179646
-1114111
-786431
-393214
-786430
-1310718
-1572861
-1376256
-1245184
-1376254
-2228221
2490370
16449536
-1835007
-10289151
-851965
-1769469
-1310720
-1310718
-1114112
-1048576
-1048576
-851967
-655360
-655358
-458751
196609
589824
1703937
1310721
720896
-851968
-2490367
-3145728
-3145726
-2949117
-2818045
-2359293
-2424831
-2031616
-2031616
-2228222
-1769472
-1703936
-1572861
-1638399
-1572864
-1310719
-1507328
-1441789
-1376254
-1245182
-1114112
-1507325
-1310718
-1376254
-1441789
-1114111
-917503
-1048576
-851968
131073
-131071
-851965
-1048573
-983039
-1310720
-983040
-1572862
-1114112
14680067
7405568
-6029312
-8519680
-851966
-2031616
-1441792
-983038
-1114109
-1179645
-589821
-655357
-589822
-65535
-65536
327682
1179651
2097153
2031616
1048577
-1048576
-2949117
-3080189
-2686973
-2686976
-2424832
-2424832
-2359295
-2359295
-2293757
-2097149
-1835005
-1703933
-1376255
-1310718
-1310718
-1441789
-1441792
-1441789
-1441791
-1245183
-1310719
-1048575
-1179648
-1310718
-1179648
-1048576
-1376253
-1114111
-1310720
-1507328
-1245184
-1114109
-1048576
-917504
-983039
-262144
-131072
-655358
-1310720
-1114109
-1441791
-1245181
-1966077
-2752512
6094849
15269890
-7405565
-7667710
-720895
-2031614
-1310718
-1376255
-1245184
-1179646
-1114111
-1245181
-1114110
-524288
-131072
262144
1441792
1703936
1638403
1048579
-983037
-2621439
-3145728
-2949119
-2752509
-2621440
-2555904
-2162688
-2097151
-1966077
-1703934
-1835005
-1507326
-1572862
-1441790
-1376256
-1376253
-1376256
-1572862
-1572864
-1376255
-1310719
-1310720
-1376254
-1376256
-1507326
-1441791
-1376255
-1245181
-1179646
-1245183
-1310717
-1376253
-1245181
-917501
-1179647
-1179648
-720893
-196605
-524286
-1179645
-1245184
-1114109
-1376253
-1441791
-1769470
720899
15925249
1114115
-11468800
-1310720
-2031615
-1900542
-1572863
-1638397
-1441790
-1245184
-1114109
-983040
-983040
-786431
-65535
720896
1507330
1900546
1245186
-262143
-1376256
-2883584
-3145726
-3014654
-2818048
-2555904
-2424829
-2424832
-2228221
-1900541
-2031613
-1638399
-1507328
-1507326
-1572864
-1507326
-1638398
-1441789
-1245184
-1376256
-1572863
-1376254
-1376255
-1245181
-1114111
-983038
-917501
-1048573
-983037
-983040
-851968
-1114109
-262143
-65536
-327678
-1048575
-1048576
-983038
-1048575
-1310717
-2162687
4587522
16646144
-4390910
-9109501
-786429
-1900544
-1507326
-1376255
-1245181
-1179647
-1179648
-983040
-983040
-262144
-131071
65538
1114115
1835008
1703938
1048576
-655359
-1638397
-2883581
-3276800
-3342333
-3014655
-2818046
-2490368
-2424829
-2228222
-1966079
-1900543
-1835008
-1769472
-1703936
-1900542
-1507327
-1441791
-1441790
-1310719
-1376255
-1441790
-1310718
-1507328
-1310718
-1310718
-1245183
-1048575
-1245183
-1048573
-1048574
-1114109
-983037
-917501
-917503
-851968
-786430
-655357
-720893
-524285
-65536
-393214
-720896
-851967
-786432
-786430
-1441789
-1900541
11141121
11468801
-10813439
-10354686
-786431
-1769471
-1245184
-1245182
-983039
-917503
-655360
-917504
-524285
3
196611
720896
1179648
1966081
2097155
1441792
-131072
-2228224
-3211264
-3014654
-2686975
-2686975
-2621439
-2359294
-2490368
-1245182
-1572864
-2949118
-983040
-2097152
-1572861
-1966080
-1638398
-1769469
-1769471
-1769470
-1835005
-1769469
-1703933
-1703934
-1310720
-1703933
-1638398
-1507325
-1441789
-1048575
-1507326
-1507325
-1179647
-1179647
-1114111
-1048576
-589822
-393213
-1114111
-1441789
-1245182
-1769469
-1245184
-1966079
1179649
9830401
12517377
-10027008
-5242880
-1245182
-2031616
-1310719
-1245184
-1441790
-1179647
-851967
-720893
-720895
-589821
-262144
327682
1245184
2097154
1507330
589824
-1245181
-2883581
-3014656
-2949119
-2621438
-2490366
-2490367
-2424829
-2228222
-1966078
-1769472
-1376256
-1441791
-1310717
-1310717
-1376256
-1376253
-1179648
-1245182
-1310718
-1179647
-1310718
-1245183
-1179648
-1114112
-1048575
-1114109
-1179648
-1114112
-655358
-196608
-131071
-917501
-1245184
-1048576
-1376254
-1376254
-2293757
2621443
17170434
-2228222
-10420224
-4325374
-1638399
-1835007
-1245181
-1179645
-1048575
-851966
-917504
-720893
-458749
-131071
393219
1114112
1441792
2097152
1966083
458754
-1572864
-2883584
-3276797
-3014653
-2424830
-2031616
-2162687
-2031613
-1835007
-1703935
-1835007
-1572861
-1441791
-1441789
-1638397
-1507327
-1376253
-1572862
-1245182
-1507327
-1507327
-1441789
-1179646
-1048573
-1179647
-1245181
-1179648
-1376256
-1179648
-1179646
-1376253
-983038
-1048574
-1179648
-917504
-327679
-589824
-1048575
-1114111
-1310717
-1179645
-1441792
-2490367
8192000
14286851
-8978431
-11796477
-1245184
-1638398
-2097152
-1507325
-1376254
-1245183
-1048573
-1114109
-917503
-327677
-65535
65538
1048577
1703936
2097154
1507331
262145
-1900541
-3211263
-3276799
-3014656
-2555904
-2555901
-2228222
-2293759
-2293759
-2162687
-1966077
-1703936
-1769470
-1441791
-1572863
-1769472
-1900543
-1900543
-1703936
-1703933
-1769472
-1769472
-1638397
-1441790
-1376254
-1507327
-1507326
-1441789
-1507328
-1572864
-1310717
-1245182
-1376253
-786430
-262144
-1048574
-1310720
-1703933
-1638400
-1245184
-1769470
-1048573
14483458
5177345
-7340031
-7798782
-917503
-1966077
-1703933
-1245184
-1179647
-1114109
-1048576
-786430
-720896
-262142
393217
458753
917506
1966083
1703939
720897
-1114110
-2228223
-2818045
-2555903
-2293758
-2293758
-2031613
-1835006
-1638400
-1572861
-1572861
-1441790
-1179645
-1376256
-1048576
-1048575
-1245182
-1114112
-1245181
-1441791
-1245184
-917502
-983040
-1179646
-1048576
-1048574
-1114109
-917502
-655360
-65533
-196608
-1179647
-1179645
-1048575
-1703933
-1179646
-1900543
-983037
14876675
6160384
-12386303
-2162688
-1769469
-1703935
-1507325
-1638397
-1376256
-1310719
-1114111
-655358
-786432
-458751
196608
786433
1310723
1703939
1441795
851970
-917503
-2490365
-3145727
-3342335
-3014656
-2686974
-2555902
-2162686
-2162686
-1966077
-1507325
-1441792
-1507328
-1572861
-1310717
-1245183
-1507328
-1310720
-1507325
-1441791
-1376253
-1179645
-1048575
-1114112
-917504
-917503
-1048575
-1179645
-1048574
-983039
-1114111
-1114110
-917504
-1179648
-1638397
-1179648
-1179645
-1179648
-1179645
-393216
-458752
-1048574
-1245183
-1310719
-1376256
-1048576
-1638399
-262144
15400960
4718592
-8060928
-7405568
-851965
-2031614
-1376253
-1376254
-1441791
-1179645
-1179647
-524288
-655358
-589823
-262142
393217
1441792
2031617
1900544
786433
-1048574
-2686976
-3211263
-3473408
-3145725
-2490365
-2752511
-2752512
-2424829
-2293758
-1769472
-1703936
-1835007
-1638400
-1638397
-1703933
-1769470
-1638399
-1769470
-1572862
-1310720
-1703935
-1376255
-1376253
-1507325
-1048576
-1376253
-1310719
-1114110
-1310717
-983037
-1114111
-1376254
-1114110
-1114110
-720896
-393213
-458752
-786430
-1114112
-1048573
-1114111
-983039
-1900543
-1835005
12124161
10616833
-11206656
-3932158
-983038
-1703934
-1048575
-983039
-1114110
-1048573
-786431
-851968
-655358
-262142
65537
720896
1507329
2097155
1638400
655362
-1507325
-2752510
-2883583
-2818046
-2686974
-2162687
-2162686
-2031616
-1835007
-1769471
-1572861
-1441790
-1245181
-1572861
-1245183
-1310719
-1507326
-1507325
-1572864
-1310720
-1441791
-1310720
-1376254
-1179645
-1179648
-1179645
-1179646
-983040
-1114112
-1245182
-1114109
-1114110
-1048575
-1114109
-1114110
-458750
-524288
-1048576
-983037
-851967
-983038
-983038
-1245184
-1966079
8519682
14417923
-9371646
-6160382
-786432
-1966078
-1310718
-1245182
-1048573
-1179648
-1179647
-720896
-524285
-524287
-262142
393217
1638403
2031616
1703939
786433
-1310717
-2949117
-3604480
-3538942
-2752511
-2818045
-2621437
-2359295
-1900544
-2097149
-1835008
-1638397
-1441792
-1572863
-1703936
-1507326
-1441791
-1703936
-1835005
-1441789
-1376255
-1441790
-1507325
-1703934
-1245181
-1441790
-1310718
-1441791
-1572861
-1638399
-1179648
-1179645
-1376254
-1179648
-983038
-393213
-786430
-1179645
-1441792
-1179648
-1507327
-1179645
-1703935
-1703933
13631491
6946819
-12124157
-2621440
-1703936
-2097151
-1179648
-1376256
-1114109
-983037
-1310719
-1245182
-720895
-589822
-393216
196611
1179649
1572864
1245187
131073
-1769472
-2555901
-3211261
-3145726
-2883582
-2555901
-2424829
-2490365
-2424831
-2031614
-1769470
-1703935
-1441792
-1507325
-1572863
-1507327
-1376253
-1376253
-1507327
-1310717
-1179646
-1245183
-1114109
-1179647
-1114112
-983038
-1048575
-1376253
-262142
-327678
-786432
-1245181
-917502
-1310717
-1310718
-2293757
-65533
16187392
3145730
-9240576
-6750208
-1048573
-1966077
-1572861
-1441790
-1310720
-1114111
-983039
-983039
-393216
-65534
1
524289
1638401
1769474
2031617
851969
-1245183
-2686973
-2883584
-2621439
-2621439
-2097152
-1900544
-1966080
-1769471
-2031614
-1572863
-1376254
-1376255
-1245184
-1507326
-1310718
-1507326
-1507326
-1310718
-1376254
-1245181
-1179648
-1441791
-1179645
-1376253
-1310717
-1376255
-1310720
-1114109
-917502
-1114110
-720894
-196608
-393213
-1048573
-1441790
-1114111
-1572862
-1048573
-2097149
327681
15663104
1900546
-11862013
-6291455
-1048574
-2162685
-1572862
-1179646
-1245182
-1048574
-1114112
-1048576
-851966
-524288
-65534
655360
1114115
1835009
1441795
327683
-1441790
-2949119
-3276797
-2883582
-2818046
-2686973
-2686974
-2490366
-2490366
-2424832
-1900544
-1966077
-1966080
-1900541
-1835006
-1703936
-1769472
-2031613
-1507328
-1638400
-1638397
-1507328
-1703936
-1441789
-1507325
-1310720
-1376253
-1245182
-1245181
-1441791
-720894
-458751
-983037
-1245183
-1638397
-1441789
-1507327
-1441791
-2097149
2097153
16384001
-1376256
-10223613
-983039
-1703933
-1638397
-1310718
-983040
-917503
-1048573
-851966
-524286
-196607
3
524290
1179648
1900544
2162688
1769473
327683
-1703933
-2621438
-2752509
-2686973
-2424832
-2031615
-2031614
-2031615
-1638399
-1507327
-1441792
-1572861
-1179647
-917502
-1376256
-1179645
-1048576
-1376255
-1310717
-1310717
-1310719
-1114110
-1114112
-1114111
-1114110
-1245182
-1310720
-1245184
-1245182
-1114112
-851965
-262144
-589821
-917504
-1310719
-1048574
-1376256
-1245181
-1310720
-2424829
11075585
12058624
-11337727
-4653056
-1114110
-1835007
-1507327
-1441790
-1310719
-1310719
-1179648
-1179646
-720896
-720896
-131070
524288
1376256
2097152
1572867
589824
-1835007
-2686973
-3014656
-3407869
-3080190
-2555903
-2621438
-2555904
-2359293
-2293759
-1966077
-1966080
-1769470
-1769470
-1441790
-1507327
-1835005
-1572864
-1835005
-1703934
-1376253
-1441792
-1572864
-1441790
-1441792
-1376253
-1441792
-1638400
-1376254
-1245184
-1114109
-1245182
-1179647
-917504
-458752
-131069
-1048574
-1376255
-1376254
-1441792
-1114112
-1507326
-2228224
11862018
10813440
-11337727
-4128767
-1441789
-1703933
-1310717
-1179645
-1114111
-1179648
-917501
-720894
-458749
-393215
-131071
589827
1572866
1900545
1572867
524288
-720894
-2686975
-2621439
-2752510
-2883581
-2293757
-2293759
-1966078
-1441792
-1769469
-1703933
-1376254
-1179647
-1376256
-1310720
-1310718
-1245183
-1310718
-1179648
-1114111
-1114110
-1310719
-1179646
-1048574
-1048573
-917504
-917503
-983038
-720894
-720896
-917503
-131070
-720896
-1245182
-1441791
-1245183
-1245184
-1376253
-1769471
-1572861
14286851
7929856
-12713983
-2883582
-1703935
-1900541
-1441790
-1048576
-1376253
-1441792
-1179645
-720893
-786431
-458751
-131069
917504
1769473
2031616
1638402
131074
-2031614
-3342333
-2949120
-2883581
-2621440
-2359295
-2359295
-1966080
-1966078
-1638400
-1835006
-1441790
-1572863
-1638397
-1441790
-1441790
-1441791
-1441791
-1245183
-1179647
-1507328
-1507328
-1245183
-1114112
-1048574
-1179646
-917503
-1048576
-1179645
-1179646
-1179645
-1179647
-1179646
-1310718
-1048575
-983040
-1179645
-1048574
-1048573
-262144
-65533
-327678
-720894
-983039
-786430
-786431
-1245181
-2424829
8323074
14614529
-8978432
-6553598
-983037
-1638400
-1507328
-1179648
-1245181
-1114110
-786432
-851968
-851968
-524286
-196605
65539
1310723
1703937
1966080
1376259
-196605
-2293757
-3407869
-3145726
-3211262
-2621439
-2555903
-2490365
-2293757
-2097149
-1966080
-2097151
-1966077
-1703933
-1638399
-1572864
-1769471
-1835006
-1769469
-1835007
-1572864
-1703933
-1638398
-1507326
-1376256
-1441790
-1376253
-1703936
-1703933
-1638398
-1507325
-1638398
-1441789
-1245181
-655360
-524286
-917503
-1572862
-1572861
-1638399
-1310718
-1703935
-2293759
9437186
12976130
-9895934
-5505021
-1376256
-1900544
-1638400
-1179645
-1310719
-1245181
-1179648
-983040
-589823
-393213
-196605
393217
1179650
1441795
1703937
1245185
-589822
-2228223
-2949117
-3014655
-2686975
-2490366
-2031616
-1900544
-1900542
-1572864
-1572862
-1572862
-1179646
-1048574
-1310720
-1048573
-1376253
-1376255
-1310718
-1376253
-1245182
-1441790
-1245183
-1114109
-1048574
-1048573
-1179646
-1048574
-1179645
-1048574
-720894
-393215
-786429
-851967
-917503
-1114112
-1572861
-1048573
-1966078
196608
16318465
3080193
-12124160
-1769469
-1900543
-1769472
-1441792
-1310717
-1376256
-1245184
-1245183
-917504
-655359
-655358
-196607
589826
1245187
1572867
1048579
327683
-1703936
-2949120
-3473407
-3080191
-2883582
-2686973
-2162686
-2228223
-2097150
-1900543
-1572863
-1441791
-1310718
-1376254
-1441792
-1310719
-1376253
-1572862
-1310717
-1507325
-1441791
-1376254
-1179648
-1376256
-1507327
-1179645
-1048574
-983040
-1179646
-917503
-851968
-1048576
-720894
-1179646
-983037
-917501
-720896
-655360
-786432
-196607
2
-393215
-851968
-917504
-1048576
-786430
-1441790
-196606
15335426
15466499
-7405568
-6946813
-589823
-2031613
-1376256
-1179647
-1310720
-1048576
-1114110
-917504
-851966
-589823
-327680
196608
851968
1441794
1703936
917505
-1245184
-2883584
-3407870
-3276800
-3080192
-3145726
-2883584
-2621437
-2293759
-2424829
-2424830
-1966077
-1966079
-1572864
-1703935
-1703934
-1703933
-1900542
-1900544
-1966079
-1900544
-1638400
-1507327
-1507327
-1310720
-1441789
-1310720
-1376253
-1310717
-1114112
-1441789
-1441791
-1179645
-851965
-720896
-393215
-589822
-1310718
-1114111
-1179645
-917504
-851965
-2228221
10027010
16449538
-10878974
-1245183
-1507328
-1376253
-1114111
-983038
-1507327
327681
-1638397
-1245183
131074
-458751
524290
1048577
1900547
2097154
1310720
-196608
-2031613
-2883584
-2818047
-2621437
-2424831
-2293758
-1900542
-1835005
-1703933
-1638397
-1441790
-1114112
-1376254
-1179647
-1245182
-1310718
-1179646
-1114109
-983040
-983040
-983039
-917501
-851966
-851967
-1179647
-1114109
-917501
-917504
-1114110
-917501
-524287
-65536
-851965
-1179648
-1114111
-1376254
-1310717
-1441791
-1966079
11534338
11403266
-11403262
-10551293
-1048574
-2097149
-1769470
-1572863
-1441791
-1114112
-917503
-983039
-720896
-589823
-65533
458753
786433
1835009
2424833
1179651
-786432
-2555904
-3276797
-3276798
-3014653
-2752511
-2293759
-2293757
-2097151
-1769471
-1638398
-1835007
-1638399
-1638399
-1703936
-1572863
-1638400
-1376254
-1310720
-1245182
-1376256
-1507326
-1245184
-1376253
-1245184
-1245183
-1376255
-1114111
-1114111
-1179648
-1310717
-1376253
-1048575
-1048573
-1048574
-983037
-393215
0
-720893
-1048573
-1048576
-1114109
-1114109
-2097149
2490368
16646144
11141122
-11206653
-4325375
-1310718
-1769472
-1769470
-1376254
-1376256
-1376255
-1245183
-1114112
-1048574
-983039
-262141
393218
1048576
1769472
1441795
393218
-1376253
-2949119
-3145726
-3276797
-3145726
-2490368
-2555901
-2621439
-2228223
-2228224
-2228222
-2031614
-1769470
-1507326
-1572863
-1376256
-1572864
-1507328
-1507327
-1638397
-1376256
-1441790
-1179645
-1245181
-1441790
-1245183
-1376255
-1245183
-1245183
-1310718
-1245184
-1376254
-1310720
-1245181
-851968
-524286
-655358
-1310719
-1507326
-1507327
-1507328
-1703933
-2293759
-2031615
11862017
9961475
-11534335
-4128767
-1507327
-2162687
-1572862
-1638399
-1441792
-1310718
-1245181
-983040
-851966
-589823
-327678
655361
1376259
1769475
1441795
327680
-1703936
-3014656
-3276800
-2883581
-2883584
-2883581
-2359296
-2162688
-1966078
-1966077
-1835005
-1638400
-1769469
-1441789
-1310719
-1638397
-1441791
-1179647
-1310720
-1245183
-1245181
-1441789
-1310720
-1179645
-1114110
-1048573
-196607
-458749
-917503
-1048574
-1179648
-1310717
-1245181
-1572862
-2818047
8585218
14417923
-9633790
-6619135
-1048574
-2293759
-1638399
-1310717
-1376255
-1572861
-983039
-720894
-655357
-327677
524290
1048579
1638402
2162689
2097154
1703939
-65535
-2097149
-2686973
-2883581
-2490367
-2228223
-2359293
-2031614
-1835008
-1835005
-1441791
-1769469
-1703933
-1441791
-1638397
-1310717
-1638398
-1572864
-1245183