0
0.0150055377837376
0.0300110755674752
0.0450166133512127
0.0600221511349503
0.0750276889186879
0.0900332267024255
0.105038764486163
0.120044302269901
0.135049840053638
0.150055377837376
0.165060915621113
0.180066453404851
0.195071991188589
0.210077528972326
0.225083066756064
0.240088604539801
0.255094142323539
0.270099680107276
0.285105217891014
0.300110755674752
0.315116293458489
0.330121831242227
0.345127369025964
0.360132906809702
0.375138444593439
0.390143982377177
0.405149520160915
0.420155057944652
0.435160595728390
0.450166133512127
0.465171671295865
0.480177209079602
0.495182746863340
0.510188284647078
0.525193822430815
0.540199360214553
0.555204897998290
0.570210435782028
0.585215973565766
0.600221511349503
0.615227049133241
0.630232586916978
0.645238124700716
0.660243662484453
0.675249200268191
0.690254738051929
0.705260275835666
0.720265813619404
0.735271351403141
0.750276889186879
0.765282426970616
0.780287964754354
0.795293502538092
0.810299040321829
0.825304578105567
0.840310115889304
0.855315653673042
0.870321191456779
0.885326729240517
0.900332267024255
0.915337804807992
0.930343342591730
0.945348880375467
0.960354418159205
0.975359955942942
0.990365493726680
1.00537103151042
1.02037656929416
1.03538210707789
1.05038764486163
1.06539318264537
1.08039872042911
1.09540425821284
1.11040979599658
1.12541533378032
1.14042087156406
1.15542640934779
1.17043194713153
1.18543748491527
1.20044302269901
1.21544856048274
1.23045409826648
1.24545963605022
1.26046517383396
1.27547071161769
1.29047624940143
1.30548178718517
1.32048732496891
1.33549286275264
1.35049840053638
1.36550393832012
1.38050947610386
1.39551501388759
1.41052055167133
1.42552608945507
1.44053162723881
1.45553716502255
1.47054270280628
1.48554824059002
1.50055377837376
1.51555931615750
1.53056485394123
1.54557039172497
1.56057592950871
1.57558146729245
1.59058700507618
1.60559254285992
1.62059808064366
1.63560361842740
1.65060915621113
1.66561469399487
1.68062023177861
1.69562576956235
1.71063130734608
1.72563684512982
1.74064238291356
1.75564792069730
1.77065345848103
1.78565899626477
1.80066453404851
1.81567007183225
1.83067560961598
1.84568114739972
1.86068668518346
1.87569222296720
1.89069776075093
1.90570329853467
1.92070883631841
1.93571437410215
1.95071991188589
1.96572544966962
1.98073098745336
1.99573652523710
2.01074206302084
2.02574760080457
2.04075313858831
2.05575867637205
2.07076421415579
2.08576975193952
2.10077528972326
2.11578082750700
2.13078636529074
2.14579190307447
2.16079744085821
2.17580297864195
2.19080851642569
2.20581405420942
2.22081959199316
2.23582512977690
2.25083066756064
2.26583620534437
2.28084174312811
2.29584728091185
2.31085281869559
2.32585835647932
2.34086389426306
2.35586943204680
2.37087496983054
2.38588050761428
2.40088604539801
2.41589158318175
2.43089712096549
2.44590265874923
2.46090819653296
2.47591373431670
2.49091927210044
2.50592480988418
2.52093034766791
2.53593588545165
2.55094142323539
2.56594696101913
2.58095249880286
2.59595803658660
2.61096357437034
2.62596911215408
2.64097464993781
2.65598018772155
2.67098572550529
2.68599126328903
2.70099680107276
2.71600233885650
2.73100787664024
2.74601341442398
2.76101895220771
2.77602448999145
2.79103002777519
2.80603556555893
2.82104110334266
2.83604664112640
2.85105217891014
2.86605771669388
2.88106325447761
2.89606879226135
2.91107433004509
2.92607986782883
2.94108540561257
2.95609094339630
2.97109648118004
2.98610201896378
3.00110755674752
3.01611309453125
3.03111863231499
3.04612417009873
3.06112970788247
3.07613524566620
3.09114078344994
3.10614632123368
3.12115185901742
3.13615739680115
3.15116293458489
3.16616847236863
3.18117401015237
3.19617954793610
3.21118508571984
3.22619062350358
3.24119616128732
3.25620169907105
3.27120723685479
3.28621277463853
3.30121831242227
3.31622385020600
3.33122938798974
3.34623492577348
3.36124046355722
3.37624600134095
3.39125153912469
3.40625707690843
3.42126261469217
3.43626815247591
3.45127369025964
3.46627922804338
3.48128476582712
3.49629030361086
3.51129584139459
3.52630137917833
3.54130691696207
3.55631245474581
3.57131799252954
3.58632353031328
3.60132906809702
3.61633460588076
3.63134014366449
3.64634568144823
3.66135121923197
3.67635675701571
3.69136229479944
3.70636783258318
3.72137337036692
3.73637890815066
3.75138444593439
3.76638998371813
3.78139552150187
3.79640105928561
3.81140659706934
3.82641213485308
3.84141767263682
3.85642321042056
3.87142874820430
3.88643428598803
3.90143982377177
3.91644536155551
3.93145089933925
3.94645643712298
3.96146197490672
3.97646751269046
3.99147305047420
4.00647858825793
4.02148412604167
4.03648966382541
4.05149520160915
4.06650073939288
4.08150627717662
4.09651181496036
4.11151735274410
4.12652289052783
4.14152842831157
4.15653396609531
4.17153950387905
4.18654504166278
4.20155057944652
4.21655611723026
4.23156165501400
4.24656719279773
4.26157273058147
4.27657826836521
4.29158380614895
4.30658934393269
4.32159488171642
4.33660041950016
4.35160595728390
4.36661149506764
4.38161703285137
4.39662257063511
4.41162810841885
4.42663364620259
4.44163918398632
4.45664472177006
4.47165025955380
4.48665579733754
4.50166133512127
4.51666687290501
4.53167241068875
4.54667794847249
4.56168348625622
4.57668902403996
4.59169456182370
4.60670009960744
4.62170563739117
4.63671117517491
4.65171671295865
4.66672225074239
4.68172778852612
4.69673332630986
4.71173886409360
4.72674440187734
4.74174993966107
4.75675547744481
4.77176101522855
4.78676655301229
4.80177209079603
4.81677762857976
4.83178316636350
4.84678870414724
4.86179424193097
4.87679977971471
4.89180531749845
4.90681085528219
4.92181639306592
4.93682193084966
4.95182746863340
4.96683300641714
4.98183854420088
4.99684408198461
5.01184961976835
5.02685515755209
5.04186069533583
5.05686623311956
5.07187177090330
5.08687730868704
5.10188284647078
5.11688838425451
5.13189392203825
5.14689945982199
5.16190499760573
5.17691053538946
5.19191607317320
5.20692161095694
5.22192714874068
5.23693268652442
5.25193822430815
5.26694376209189
5.28194929987563
5.29695483765936
5.31196037544310
5.32696591322684
5.34197145101058
5.35697698879432
5.37198252657805
5.38698806436179
5.40199360214553
5.41699913992927
5.43200467771300
5.44701021549674
5.46201575328048
5.47702129106422
5.49202682884795
5.50703236663169
5.52203790441543
5.53704344219917
5.55204897998290
5.56705451776664
5.58206005555038
5.59706559333412
5.61207113111785
5.62707666890159
5.64208220668533
5.65708774446907
5.67209328225280
5.68709882003654
5.70210435782028
5.71710989560402
5.73211543338775
5.74712097117149
5.76212650895523
5.77713204673897
5.79213758452270
5.80714312230644
5.82214866009018
5.83715419787392
5.85215973565766
5.86716527344139
5.88217081122513
5.89717634900887
5.91218188679261
5.92718742457634
5.94219296236008
5.95719850014382
5.97220403792756
5.98720957571129
6.00221511349503
6.01722065127877
6.03222618906251
6.04723172684624
6.06223726462998
6.07724280241372
6.09224834019746
6.10725387798119
6.12225941576493
6.13726495354867
6.15227049133241
6.16727602911614
6.18228156689988
6.19728710468362
6.21229264246736
6.22729818025109
6.24230371803483
6.25730925581857
6.27231479360231
6.28732033138605
6.30232586916978
6.31733140695352
6.33233694473726
6.34734248252099
6.36234802030473
6.37735355808847
6.39235909587221
6.40736463365595
6.42237017143968
6.43737570922342
6.45238124700716
6.46738678479090
6.48239232257463
6.49739786035837
6.51240339814211
6.52740893592585
6.54241447370958
6.55742001149332
6.57242554927706
6.58743108706080
6.60243662484453
6.61744216262827
6.63244770041201
6.64745323819575
6.66245877597948
6.67746431376322
6.69246985154696
6.70747538933070
6.72248092711443
6.73748646489817
6.75249200268191
6.76749754046565
6.78250307824938
6.79750861603312
6.81251415381686
6.82751969160060
6.84252522938434
6.85753076716807
6.87253630495181
6.88754184273555
6.90254738051929
6.91755291830302
6.93255845608676
6.94756399387050
6.96256953165424
6.97757506943797
6.99258060722171
7.00758614500545
7.02259168278919
7.03759722057292
7.05260275835666
7.06760829614040
7.08261383392414
7.09761937170787
7.11262490949161
7.12763044727535
7.14263598505909
7.15764152284282
7.17264706062656
7.18765259841030
7.20265813619404
7.21766367397778
7.23266921176151
7.24767474954525
7.26268028732899
7.27768582511273
7.29269136289646
7.30769690068020
7.32270243846394
7.33770797624768
7.35271351403141
7.36771905181515
7.38272458959889
7.39773012738263
7.41273566516636
7.42774120295010
7.44274674073384
7.45775227851758
7.47275781630131
7.48776335408505
7.50276889186879
7.51777442965253
7.53277996743626
7.54778550522000
7.56279104300374
7.57779658078748
7.59280211857121
7.60780765635495
7.62281319413869
7.63781873192243
7.65282426970616
7.66782980748990
7.68283534527364
7.69784088305738
7.71284642084111
7.72785195862485
7.74285749640859
7.75786303419233
7.77286857197607
7.78787410975980
7.80287964754354
7.81788518532728
7.83289072311101
7.84789626089475
7.86290179867849
7.87790733646223
7.89291287424597
7.90791841202970
7.92292394981344
7.93792948759718
7.95293502538092
7.96794056316465
7.98294610094839
7.99795163873213
8.01295717651587
8.02796271429960
8.04296825208334
8.05797378986708
8.07297932765082
8.08798486543455
8.10299040321829
8.11799594100203
8.13300147878577
8.14800701656950
8.16301255435324
8.17801809213698
8.19302362992072
8.20802916770446
8.22303470548819
8.23804024327193
8.25304578105567
8.26805131883940
8.28305685662314
8.29806239440688
8.31306793219062
8.32807346997435
8.34307900775809
8.35808454554183
8.37309008332557
8.38809562110930
8.40310115889304
8.41810669667678
8.43311223446052
8.44811777224426
8.46312331002799
8.47812884781173
8.49313438559547
8.50813992337921
8.52314546116294
8.53815099894668
8.55315653673042
8.56816207451416
8.58316761229789
8.59817315008163
8.61317868786537
8.62818422564911
8.64318976343284
8.65819530121658
8.67320083900032
8.68820637678406
8.70321191456780
8.71821745235153
8.73322299013527
8.74822852791901
8.76323406570275
8.77823960348648
8.79324514127022
8.80825067905396
8.82325621683770
8.83826175462143
8.85326729240517
8.86827283018891
8.88327836797265
8.89828390575638
8.91328944354012
8.92829498132386
8.94330051910760
8.95830605689133
8.97331159467507
8.98831713245881
9.00332267024255
9.01832820802629
9.03333374581002
9.04833928359376
9.06334482137750
9.07835035916123
9.09335589694497
9.10836143472871
9.12336697251245
9.13837251029618
9.15337804807992
9.16838358586366
9.18338912364740
9.19839466143113
9.21340019921487
9.22840573699861
9.24341127478235
9.25841681256608
9.27342235034982
9.28842788813356
9.30343342591730
9.31843896370103
9.33344450148477
9.34845003926851
9.36345557705225
9.37846111483599
9.39346665261972
9.40847219040346
9.42347772818720
9.43848326597094
9.45348880375467
9.46849434153841
9.48349987932215
9.49850541710589
9.51351095488962
9.52851649267336
9.54352203045710
9.55852756824084
9.57353310602457
9.58853864380831
9.60354418159205
9.61854971937579
9.63355525715953
9.64856079494326
9.66356633272700
9.67857187051074
9.69357740829448
9.70858294607821
9.72358848386195
9.73859402164569
9.75359955942943
9.76860509721316
9.78361063499690
9.79861617278064
9.81362171056438
9.82862724834811
9.84363278613185
9.85863832391559
9.87364386169933
9.88864939948306
9.90365493726680
9.91866047505054
9.93366601283428
9.94867155061801
9.96367708840175
9.97868262618549
9.99368816396923
10.0086937017530
10.0236992395367
10.0387047773204
10.0537103151042
10.0687158528879
10.0837213906717
10.0987269284554
10.1137324662391
10.1287380040229
10.1437435418066
10.1587490795903
10.1737546173741
10.1887601551578
10.2037656929416
10.2187712307253
10.2337767685090
10.2487823062928
10.2637878440765
10.2787933818602
10.2937989196440
10.3088044574277
10.3238099952115
10.3388155329952
10.3538210707789
10.3688266085627
10.3838321463464
10.3988376841301
10.4138432219139
10.4288487596976
10.4438542974814
10.4588598352651
10.4738653730488
10.4888709108326
10.5038764486163
10.5188819864000
10.5338875241838
10.5488930619675
10.5638985997513
10.5789041375350
10.5939096753187
10.6089152131025
10.6239207508862
10.6389262886699
10.6539318264537
10.6689373642374
10.6839429020212
10.6989484398049
10.7139539775886
10.7289595153724
10.7439650531561
10.7589705909398
10.7739761287236
10.7889816665073
10.8039872042911
10.8189927420748
10.8339982798585
10.8490038176423
10.8640093554260
10.8790148932097
10.8940204309935
10.9090259687772
10.9240315065610
10.9390370443447
10.9540425821284
10.9690481199122
10.9840536576959
10.9990591954796
11.0140647332634
11.0290702710471
11.0440758088309
11.0590813466146
11.0740868843983
11.0890924221821
11.1040979599658
11.1191034977495
11.1341090355333
11.1491145733170
11.1641201111008
11.1791256488845
11.1941311866682
11.2091367244520
11.2241422622357
11.2391478000194
11.2541533378032
11.2691588755869
11.2841644133707
11.2991699511544
11.3141754889381
11.3291810267219
11.3441865645056
11.3591921022893
11.3741976400731
11.3892031778568
11.4042087156406
11.4192142534243
11.4342197912080
11.4492253289918
11.4642308667755
11.4792364045592
11.4942419423430
11.5092474801267
11.5242530179105
11.5392585556942
11.5542640934779
11.5692696312617
11.5842751690454
11.5992807068291
11.6142862446129
11.6292917823966
11.6442973201804
11.6593028579641
11.6743083957478
11.6893139335316
11.7043194713153
11.7193250090990
11.7343305468828
11.7493360846665
11.7643416224503
11.7793471602340
11.7943526980177
11.8093582358015
11.8243637735852
11.8393693113689
11.8543748491527
11.8693803869364
11.8843859247202
11.8993914625039
11.9143970002876
11.9294025380714
11.9444080758551
11.9594136136389
11.9744191514226
11.9894246892063
12.0044302269901
12.0194357647738
12.0344413025575
12.0494468403413
12.0644523781250
12.0794579159088
12.0944634536925
12.1094689914762
12.1244745292600
12.1394800670437
12.1544856048274
12.1694911426112
12.1844966803949
12.1995022181787
12.2145077559624
12.2295132937461
12.2445188315299
12.2595243693136
12.2745299070973
12.2895354448811
12.3045409826648
12.3195465204485
12.3345520582323
12.3495575960160
12.3645631337998
12.3795686715835
12.3945742093672
12.4095797471510
12.4245852849347
12.4395908227185
12.4545963605022
12.4696018982859
12.4846074360697
12.4996129738534
12.5146185116371
12.5296240494209
12.5446295872046
12.5596351249884
12.5746406627721
12.5896462005558
12.6046517383396
12.6196572761233
12.6346628139070
12.6496683516908
12.6646738894745
12.6796794272583
12.6946849650420
12.7096905028257
12.7246960406095
12.7397015783932
12.7547071161769
12.7697126539607
12.7847181917444
12.7997237295282
12.8147292673119
12.8297348050956
12.8447403428794
12.8597458806631
12.8747514184468
12.8897569562306
12.9047624940143
12.9197680317981
12.9347735695818
12.9497791073655
12.9647846451493
12.9797901829330
12.9947957207167
13.0098012585005
13.0248067962842
13.0398123340680
13.0548178718517
13.0698234096354
13.0848289474192
13.0998344852029
13.1148400229866
13.1298455607704
13.1448510985541
13.1598566363379
13.1748621741216
13.1898677119053
13.2048732496891
13.2198787874728
13.2348843252565
13.2498898630403
13.2648954008240
13.2799009386078
13.2949064763915
13.3099120141752
13.3249175519590
13.3399230897427
13.3549286275264
13.3699341653102
13.3849397030939
13.3999452408777
13.4149507786614
13.4299563164451
13.4449618542289
13.4599673920126
13.4749729297963
13.4899784675801
13.5049840053638
13.5199895431476
13.5349950809313
13.5500006187150
13.5650061564988
13.5800116942825
13.5950172320662
13.6100227698500
13.6250283076337
13.6400338454175
13.6550393832012
13.6700449209849
13.6850504587687
13.7000559965524
13.7150615343361
13.7300670721199
13.7450726099036
13.7600781476874
13.7750836854711
13.7900892232548
13.8050947610386
13.8201002988223
13.8351058366060
13.8501113743898
13.8651169121735
13.8801224499573
13.8951279877410
13.9101335255247
13.9251390633085
13.9401446010922
13.9551501388759
13.9701556766597
13.9851612144434
14.0001667522272
14.0151722900109
14.0301778277946
14.0451833655784
14.0601889033621
14.0751944411458
14.0901999789296
14.1052055167133
14.1202110544971
14.1352165922808
14.1502221300645
14.1652276678483
14.1802332056320
14.1952387434157
14.2102442811995
14.2252498189832
14.2402553567670
14.2552608945507
14.2702664323344
14.2852719701182
14.3002775079019
14.3152830456856
14.3302885834694
14.3452941212531
14.3602996590369
14.3753051968206
14.3903107346043
14.4053162723881
14.4203218101718
14.4353273479556
14.4503328857393
14.4653384235230
14.4803439613068
14.4953494990905
14.5103550368742
14.5253605746580
14.5403661124417
14.5553716502255
14.5703771880092
14.5853827257929
14.6003882635767
14.6153938013604
14.6303993391441
14.6454048769279
14.6604104147116
14.6754159524954
14.6904214902791
14.7054270280628
14.7204325658466
14.7354381036303
14.7504436414140
14.7654491791978
14.7804547169815
14.7954602547653
14.8104657925490
14.8254713303327
14.8404768681165
14.8554824059002
14.8704879436839
14.8854934814677
14.9004990192514
14.9155045570352
14.9305100948189
14.9455156326026
14.9605211703864
14.9755267081701
14.9905322459538
15.0055377837376
15.0205433215213
15.0355488593051
15.0505543970888
15.0655599348725
15.0805654726563
15.0955710104400
15.1105765482237
15.1255820860075
15.1405876237912
15.1555931615750
15.1705986993587
15.1856042371424
15.2006097749262
15.2156153127099
15.2306208504936
15.2456263882774
15.2606319260611
15.2756374638449
15.2906430016286
15.3056485394123
15.3206540771961
15.3356596149798
15.3506651527635
15.3656706905473
15.3806762283310
15.3956817661148
15.4106873038985
15.4256928416822
15.4406983794660
15.4557039172497
15.4707094550334
15.4857149928172
15.5007205306009
15.5157260683847
15.5307316061684
15.5457371439521
15.5607426817359
15.5757482195196
15.5907537573033
15.6057592950871
15.6207648328708
15.6357703706546
15.6507759084383
15.6657814462220
15.6807869840058
15.6957925217895
15.7107980595732
15.7258035973570
15.7408091351407
15.7558146729245
15.7708202107082
15.7858257484919
15.8008312862757
15.8158368240594
15.8308423618431
15.8458478996269
15.8608534374106
15.8758589751944
15.8908645129781
15.9058700507618
15.9208755885456
15.9358811263293
15.9508866641130
15.9658922018968
15.9808977396805
15.9959032774643
16.0109088152480
16.0259143530317
16.0409198908155
16.0559254285992
16.0709309663829
16.0859365041667
16.1009420419504
16.1159475797342
16.1309531175179
16.1459586553016
16.1609641930854
16.1759697308691
16.1909752686528
16.2059808064366
16.2209863442203
16.2359918820041
16.2509974197878
16.2660029575715
16.2810084953553
16.2960140331390
16.3110195709227
16.3260251087065
16.3410306464902
16.3560361842740
16.3710417220577
16.3860472598414
16.4010527976252
16.4160583354089
16.4310638731926
16.4460694109764
16.4610749487601
16.4760804865439
16.4910860243276
16.5060915621113
16.5210970998951
16.5361026376788
16.5511081754626
16.5661137132463
16.5811192510300
16.5961247888138
16.6111303265975
16.6261358643812
16.6411414021650
16.6561469399487
16.6711524777324
16.6861580155162
16.7011635532999
16.7161690910837
16.7311746288674
16.7461801666511
16.7611857044349
16.7761912422186
16.7911967800024
16.8062023177861
16.8212078555698
16.8362133933536
16.8512189311373
16.8662244689210
16.8812300067048
16.8962355444885
16.9112410822722
16.9262466200560
16.9412521578397
16.9562576956235
16.9712632334072
16.9862687711909
17.0012743089747
17.0162798467584
17.0312853845422
17.0462909223259
17.0612964601096
17.0763019978934
17.0913075356771
17.1063130734608
17.1213186112446
17.1363241490283
17.1513296868120
17.1663352245958
17.1813407623795
17.1963463001633
17.2113518379470
17.2263573757307
17.2413629135145
17.2563684512982
17.2713739890820
17.2863795268657
17.3013850646494
17.3163906024332
17.3313961402169
17.3464016780006
17.3614072157844
17.3764127535681
17.3914182913519
17.4064238291356
17.4214293669193
17.4364349047031
17.4514404424868
17.4664459802705
17.4814515180543
17.4964570558380
17.5114625936218
17.5264681314055
17.5414736691892
17.5564792069730
17.5714847447567
17.5864902825404
17.6014958203242
17.6165013581079
17.6315068958917
17.6465124336754
17.6615179714591
17.6765235092429
17.6915290470266
17.7065345848103
17.7215401225941
17.7365456603778
17.7515511981616
17.7665567359453
17.7815622737290
17.7965678115128
17.8115733492965
17.8265788870802
17.8415844248640
17.8565899626477
17.8715955004315
17.8866010382152
17.9016065759989
17.9166121137827
17.9316176515664
17.9466231893501
17.9616287271339
17.9766342649176
17.9916398027014
18.0066453404851
18.0216508782688
18.0366564160526
18.0516619538363
18.0666674916200
18.0816730294038
18.0966785671875
18.1116841049713
18.1266896427550
18.1416951805387
18.1567007183225
18.1717062561062
18.1867117938899
18.2017173316737
18.2167228694574
18.2317284072412
18.2467339450249
18.2617394828086
18.2767450205924
18.2917505583761
18.3067560961598
18.3217616339436
18.3367671717273
18.3517727095111
18.3667782472948
18.3817837850785
18.3967893228623
18.4117948606460
18.4268003984297
18.4418059362135
18.4568114739972
18.4718170117810
18.4868225495647
18.5018280873484
18.5168336251322
18.5318391629159
18.5468447006996
18.5618502384834
18.5768557762671
18.5918613140509
18.6068668518346
18.6218723896183
18.6368779274021
18.6518834651858
18.6668890029695
18.6818945407533
18.6969000785370
18.7119056163208
18.7269111541045
18.7419166918882
18.7569222296720
18.7719277674557
18.7869333052394
18.8019388430232
18.8169443808069
18.8319499185907
18.8469554563744
18.8619609941581
18.8769665319419
18.8919720697256
18.9069776075093
18.9219831452931
18.9369886830768
18.9519942208606
18.9669997586443
18.9820052964280
18.9970108342118
19.0120163719955
19.0270219097792
19.0420274475630
19.0570329853467
19.0720385231305
19.0870440609142
19.1020495986979
19.1170551364817
19.1320606742654
19.1470662120491
19.1620717498329
19.1770772876166
19.1920828254004
19.2070883631841
19.2220939009678
19.2370994387516
19.2521049765353
19.2671105143191
19.2821160521028
19.2971215898865
19.3121271276703
19.3271326654540
19.3421382032377
19.3571437410215
19.3721492788052
19.3871548165890
19.4021603543727
19.4171658921564
19.4321714299402
19.4471769677239
19.4621825055076
19.4771880432914
19.4921935810751
19.5071991188589
19.5222046566426
19.5372101944263
19.5522157322101
19.5672212699938
19.5822268077775
19.5972323455613
19.6122378833450
19.6272434211288
19.6422489589125
19.6572544966962
19.6722600344800
19.6872655722637
19.7022711100474
19.7172766478312
19.7322821856149
19.7472877233987
19.7622932611824
19.7772987989661
19.7923043367499
19.8073098745336
19.8223154123173
19.8373209501011
19.8523264878848
19.8673320256686
19.8823375634523
19.8973431012360
19.9123486390198
19.9273541768035
19.9423597145872
19.9573652523710
19.9723707901547
19.9873763279385
20.0023818657222
20.0173874035059
20.0323929412897
20.0473984790734
20.0624040168571
20.0774095546409
20.0924150924246
20.1074206302084
20.1224261679921
20.1374317057758
20.1524372435596
20.1674427813433
20.1824483191270
20.1974538569108
20.2124593946945
20.2274649324783
20.2424704702620
20.2574760080457
20.2724815458295
20.2874870836132
20.3024926213969
20.3174981591807
20.3325036969644
20.3475092347482
20.3625147725319
20.3775203103156
20.3925258480994
20.4075313858831
20.4225369236668
20.4375424614506
20.4525479992343
20.4675535370181
20.4825590748018
20.4975646125855
20.5125701503693
20.5275756881530
20.5425812259367
20.5575867637205
20.5725923015042
20.5875978392880
20.6026033770717
20.6176089148554
20.6326144526392
20.6476199904229
20.6626255282066
20.6776310659904
20.6926366037741
20.7076421415579
20.7226476793416
20.7376532171253
20.7526587549091
20.7676642926928
20.7826698304765
20.7976753682603
20.8126809060440
20.8276864438278
20.8426919816115
20.8576975193952
20.8727030571790
20.8877085949627
20.9027141327464
20.9177196705302
20.9327252083139
20.9477307460977
20.9627362838814
20.9777418216651
20.9927473594489
21.0077528972326
21.0227584350163
21.0377639728001
21.0527695105838
21.0677750483676
21.0827805861513
21.0977861239350
21.1127916617188
21.1277971995025
21.1428027372862
21.1578082750700
21.1728138128537
21.1878193506375
21.2028248884212
21.2178304262049
21.2328359639887
21.2478415017724
21.2628470395561
21.2778525773399
21.2928581151236
21.3078636529074
21.3228691906911
21.3378747284748
21.3528802662586
21.3678858040423
21.3828913418260
21.3978968796098
21.4129024173935
21.4279079551773
21.4429134929610
21.4579190307447
21.4729245685285
21.4879301063122
21.5029356440959
21.5179411818797
21.5329467196634
21.5479522574472
21.5629577952309
21.5779633330146
21.5929688707984
21.6079744085821
21.6229799463659
21.6379854841496
21.6529910219333
21.6679965597171
21.6830020975008
21.6980076352845
21.7130131730683
21.7280187108520
21.7430242486358
21.7580297864195
21.7730353242032
21.7880408619870
21.8030463997707
21.8180519375544
21.8330574753382
21.8480630131219
21.8630685509057
21.8780740886894
21.8930796264731
21.9080851642569
21.9230907020406
21.9380962398243
21.9531017776081
21.9681073153918
21.9831128531755
21.9981183909593
22.0131239287430
22.0281294665268
22.0431350043105
22.0581405420942
22.0731460798780
22.0881516176617
22.1031571554455
22.1181626932292
22.1331682310129
22.1481737687967
22.1631793065804
22.1781848443641
22.1931903821479
22.2081959199316
22.2232014577154
22.2382069954991
22.2532125332828
22.2682180710666
22.2832236088503
22.2982291466340
22.3132346844178
22.3282402222015
22.3432457599853
22.3582512977690
22.3732568355527
22.3882623733365
22.4032679111202
22.4182734489039
22.4332789866877
22.4482845244714
22.4632900622552
22.4782956000389
22.4933011378226
22.5083066756064
22.5233122133901
22.5383177511738
22.5533232889576
22.5683288267413
22.5833343645251
22.5983399023088
22.6133454400925
22.6283509778763
22.6433565156600
22.6583620534437
22.6733675912275
22.6883731290112
22.7033786667950
22.7183842045787
22.7333897423624
22.7483952801462
22.7634008179299
22.7784063557136
22.7934118934974
22.8084174312811
22.8234229690649
22.8384285068486
22.8534340446323
22.8684395824161
22.8834451201998
22.8984506579835
22.9134561957673
22.9284617335510
22.9434672713348
22.9584728091185
22.9734783469022
22.9884838846860
23.0034894224697
23.0184949602534
23.0335004980372
23.0485060358209
23.0635115736047
23.0785171113884
23.0935226491721
23.1085281869559
23.1235337247396
23.1385392625233
23.1535448003071
23.1685503380908
23.1835558758746
23.1985614136583
23.2135669514420
23.2285724892258
23.2435780270095
23.2585835647932
23.2735891025770
23.2885946403607
23.3036001781445
23.3186057159282
23.3336112537119
23.3486167914957
23.3636223292794
23.3786278670631
23.3936334048469
23.4086389426306
23.4236444804144
23.4386500181981
23.4536555559818
23.4686610937656
23.4836666315493
23.4986721693330
23.5136777071168
23.5286832449005
23.5436887826843
23.5586943204680
23.5736998582517
23.5887053960355
23.6037109338192
23.6187164716029
23.6337220093867
23.6487275471704
23.6637330849542
23.6787386227379
23.6937441605216
23.7087496983054
23.7237552360891
23.7387607738728
23.7537663116566
23.7687718494403
23.7837773872241
23.7987829250078
23.8137884627915
23.8287940005753
23.8437995383590
23.8588050761427
23.8738106139265
23.8888161517102
23.9038216894940
23.9188272272777
23.9338327650614
23.9488383028452
23.9638438406289
23.9788493784126
23.9938549161964
24.0088604539801
24.0238659917639
24.0388715295476
24.0538770673313
24.0688826051151
24.0838881428988
24.0988936806825
24.1138992184663
24.1289047562500
24.1439102940338
24.1589158318175
24.1739213696012
24.1889269073850
24.2039324451687
24.2189379829524
24.2339435207362
24.2489490585199
24.2639545963037
24.2789601340874
24.2939656718711
24.3089712096549
24.3239767474386
24.3389822852223
24.3539878230061
24.3689933607898
24.3839988985736
24.3990044363573
24.4140099741410
24.4290155119248
24.4440210497085
24.4590265874922
24.4740321252760
24.4890376630597
24.5040432008435
24.5190487386272
24.5340542764109
24.5490598141947
24.5640653519784
24.5790708897622
24.5940764275459
24.6090819653296
24.6240875031134
24.6390930408971
24.6540985786808
24.6691041164646
24.6841096542483
24.6991151920321
24.7141207298158
24.7291262675995
24.7441318053833
24.7591373431670
24.7741428809507
24.7891484187345
24.8041539565182
24.8191594943020
24.8341650320857
24.8491705698694
24.8641761076532
24.8791816454369
24.8941871832206
24.9091927210044
24.9241982587881
24.9392037965719
24.9542093343556
24.9692148721393
24.9842204099231
24.9992259477068
25.0142314854905
25.0292370232743
25.0442425610580
25.0592480988418
25.0742536366255
25.0892591744092
25.1042647121930
25.1192702499767
25.1342757877604
25.1492813255442
25.1642868633279
25.1792924011117
25.1942979388954
25.2093034766791
25.2243090144629
25.2393145522466
25.2543200900303
25.2693256278141
25.2843311655978
25.2993367033816
25.3143422411653
25.3293477789490
25.3443533167328
25.3593588545165
25.3743643923002
25.3893699300840
25.4043754678677
25.4193810056515
25.4343865434352
25.4493920812189
25.4643976190027
25.4794031567864
25.4944086945701
25.5094142323539
25.5244197701376
25.5394253079214
25.5544308457051
25.5694363834888
25.5844419212726
25.5994474590563
25.6144529968400
25.6294585346238
25.6444640724075
25.6594696101913
25.6744751479750
25.6894806857587
25.7044862235425
25.7194917613262
25.7344972991099
25.7495028368937
25.7645083746774
25.7795139124612
25.7945194502449
25.8095249880286
25.8245305258124
25.8395360635961
25.8545416013798
25.8695471391636
25.8845526769473
25.8995582147311
25.9145637525148
25.9295692902985
25.9445748280823
25.9595803658660
25.9745859036497
25.9895914414335
26.0045969792172
26.0196025170010
26.0346080547847
26.0496135925684
26.0646191303522
26.0796246681359
26.0946302059196
26.1096357437034
26.1246412814871
26.1396468192709
26.1546523570546
26.1696578948383
26.1846634326221
26.1996689704058
26.2146745081895
26.2296800459733
26.2446855837570
26.2596911215408
26.2746966593245
26.2897021971082
26.3047077348920
26.3197132726757
26.3347188104594
26.3497243482432
26.3647298860269
26.3797354238107
26.3947409615944
26.4097464993781
26.4247520371619
26.4397575749456
26.4547631127293
26.4697686505131
26.4847741882968
26.4997797260806
26.5147852638643
26.5297908016480
26.5447963394318
26.5598018772155
26.5748074149993
26.5898129527830
26.6048184905667
26.6198240283505
26.6348295661342
26.6498351039179
26.6648406417017
26.6798461794854
26.6948517172692
26.7098572550529
26.7248627928366
26.7398683306204
26.7548738684041
26.7698794061878
26.7848849439716
26.7998904817553
26.8148960195391
26.8299015573228
26.8449070951065
26.8599126328903
26.8749181706740
26.8899237084577
26.9049292462415
26.9199347840252
26.9349403218090
26.9499458595927
26.9649513973764
26.9799569351602
26.9949624729439
27.0099680107276
27.0249735485114
27.0399790862951
27.0549846240789
27.0699901618626
27.0849956996463
27.1000012374301
27.1150067752138
27.1300123129975
27.1450178507813
27.1600233885650
27.1750289263488
27.1900344641325
27.2050400019162
27.2200455397000
27.2350510774837
27.2500566152674
27.2650621530512
27.2800676908349
27.2950732286187
27.3100787664024
27.3250843041861
27.3400898419699
27.3550953797536
27.3701009175373
27.3851064553211
27.4001119931048
27.4151175308886
27.4301230686723
27.4451286064560
27.4601341442398
27.4751396820235
27.4901452198072
27.5051507575910
27.5201562953747
27.5351618331585
27.5501673709422
27.5651729087259
27.5801784465097
27.5951839842934
27.6101895220771
27.6251950598609
27.6402005976446
27.6552061354284
27.6702116732121
27.6852172109958
27.7002227487796
27.7152282865633
27.7302338243470
27.7452393621308
27.7602448999145
27.7752504376983
27.7902559754820
27.8052615132657
27.8202670510495
27.8352725888332
27.8502781266169
27.8652836644007
27.8802892021844
27.8952947399682
27.9103002777519
27.9253058155356
27.9403113533194
27.9553168911031
27.9703224288868
27.9853279666706
28.0003335044543
28.0153390422381
28.0303445800218
28.0453501178055
28.0603556555893
28.0753611933730
28.0903667311567
28.1053722689405
28.1203778067242
28.1353833445080
28.1503888822917
28.1653944200754
28.1803999578592
28.1954054956429
28.2104110334266
28.2254165712104
28.2404221089941
28.2554276467779
28.2704331845616
28.2854387223453
28.3004442601291
28.3154497979128
28.3304553356965
28.3454608734803
28.3604664112640
28.3754719490478
28.3904774868315
28.4054830246152
28.4204885623990
28.4354941001827
28.4504996379664
28.4655051757502
28.4805107135339
28.4955162513177
28.5105217891014
28.5255273268851
28.5405328646689
28.5555384024526
28.5705439402363
28.5855494780201
28.6005550158038
28.6155605535876
28.6305660913713
28.6455716291550
28.6605771669388
28.6755827047225
28.6905882425062
28.7055937802900
28.7205993180737
28.7356048558575
28.7506103936412
28.7656159314249
28.7806214692087
28.7956270069924
28.8106325447761
28.8256380825599
28.8406436203436
28.8556491581274
28.8706546959111
28.8856602336948
28.9006657714786
28.9156713092623
28.9306768470460
28.9456823848298
28.9606879226135
28.9756934603973
28.9906989981810
29.0057045359647
29.0207100737485
29.0357156115322
29.0507211493159
29.0657266870997
29.0807322248834
29.0957377626672
29.1107433004509
29.1257488382346
29.1407543760184
29.1557599138021
29.1707654515859
29.1857709893696
29.2007765271533
29.2157820649371
29.2307876027208
29.2457931405045
29.2607986782883
29.2758042160720
29.2908097538558
29.3058152916395
29.3208208294232
29.3358263672070
29.3508319049907
29.3658374427744
29.3808429805582
29.3958485183419
29.4108540561256
29.4258595939094
29.4408651316931
29.4558706694769
29.4708762072606
29.4858817450443
29.5008872828281
29.5158928206118
29.5308983583955
29.5459038961793
29.5609094339630
29.5759149717468
29.5909205095305
29.6059260473142
29.6209315850980
29.6359371228817
29.6509426606655
29.6659481984492
29.6809537362329
29.6959592740167
29.7109648118004
29.7259703495841
29.7409758873679
29.7559814251516
29.7709869629354
29.7859925007191
29.8009980385028
29.8160035762866
29.8310091140703
29.8460146518540
29.8610201896378
29.8760257274215
29.8910312652053
29.9060368029890
29.9210423407727
29.9360478785565
29.9510534163402
29.9660589541239
29.9810644919077
29.9960700296914
30.0110755674752
30.0260811052589
30.0410866430426
30.0560921808264
30.0710977186101
30.0861032563938
30.1011087941776
30.1161143319613
30.1311198697451
30.1461254075288
30.1611309453125
30.1761364830963
30.1911420208800
30.2061475586637
30.2211530964475
30.2361586342312
30.2511641720150
30.2661697097987
30.2811752475824
30.2961807853662
30.3111863231499
30.3261918609336
30.3411973987174
30.3562029365011
30.3712084742849
30.3862140120686
30.4012195498523
30.4162250876361
30.4312306254198
30.4462361632035
30.4612417009873
30.4762472387710
30.4912527765548
30.5062583143385
30.5212638521222
30.5362693899060
30.5512749276897
30.5662804654734
30.5812860032572
30.5962915410409
30.6112970788247
30.6263026166084
30.6413081543921
30.6563136921759
30.6713192299596
30.6863247677433
30.7013303055271
30.7163358433108
30.7313413810946
30.7463469188783
30.7613524566620
30.7763579944458
30.7913635322295
30.8063690700132
30.8213746077970
30.8363801455807
30.8513856833645
30.8663912211482
30.8813967589319
30.8964022967157
30.9114078344994
30.9264133722831
30.9414189100669
30.9564244478506
30.9714299856344
30.9864355234181
31.0014410612018
31.0164465989856
31.0314521367693
31.0464576745530
31.0614632123368
31.0764687501205
31.0914742879043
31.1064798256880
31.1214853634717
31.1364909012555
31.1514964390392
31.1665019768230
31.1815075146067
31.1965130523904
31.2115185901742
31.2265241279579
31.2415296657416
31.2565352035254
31.2715407413091
31.2865462790928
31.3015518168766
31.3165573546603
31.3315628924441
31.3465684302278
31.3615739680115
31.3765795057953
31.3915850435790
31.4065905813627
31.4215961191465
31.4366016569302
31.4516071947140
31.4666127324977
31.4816182702814
31.4966238080652
31.5116293458489
31.5266348836326
31.5416404214164
31.5566459592001
31.5716514969839
31.5866570347676
31.6016625725513
31.6166681103351
31.6316736481188
31.6466791859026
31.6616847236863
31.6766902614700
31.6916957992538
31.7067013370375
31.7217068748212
31.7367124126050
31.7517179503887
31.7667234881725
31.7817290259562
31.7967345637399
31.8117401015237
31.8267456393074
31.8417511770911
31.8567567148749
31.8717622526586
31.8867677904424
31.9017733282261
31.9167788660098
31.9317844037936
31.9467899415773
31.9617954793610
31.9768010171448
31.9918065549285
32.0068120927123
32.0218176304960
32.0368231682797
32.0518287060635
32.0668342438472
32.0818397816309
32.0968453194147
32.1118508571984
32.1268563949822
32.1418619327659
32.1568674705496
32.1718730083334
32.1868785461171
32.2018840839008
32.2168896216846
32.2318951594683
32.2469006972521
32.2619062350358
32.2769117728195
32.2919173106033
32.3069228483870
32.3219283861707
32.3369339239545
32.3519394617382
32.3669449995220
32.3819505373057
32.3969560750894
32.4119616128732
32.4269671506569
32.4419726884406
32.4569782262244
32.4719837640081
32.4869893017919
32.5019948395756
32.5170003773593
32.5320059151431
32.5470114529268
32.5620169907105
32.5770225284943
32.5920280662780
32.6070336040618
32.6220391418455
32.6370446796292
32.6520502174130
32.6670557551967
32.6820612929804
32.6970668307642
32.7120723685479
32.7270779063317
32.7420834441154
32.7570889818991
32.7720945196829
32.7871000574666
32.8021055952503
32.8171111330341
32.8321166708178
32.8471222086016
32.8621277463853
32.8771332841690
32.8921388219528
32.9071443597365
32.9221498975202
32.9371554353040
32.9521609730877
32.9671665108715
32.9821720486552
32.9971775864389
33.0121831242227
33.0271886620064
33.0421941997901
33.0571997375739
33.0722052753576
33.0872108131414
33.1022163509251
33.1172218887088
33.1322274264926
33.1472329642763
33.1622385020600
33.1772440398438
33.1922495776275
33.2072551154113
33.2222606531950
33.2372661909787
33.2522717287625
33.2672772665462
33.2822828043299
33.2972883421137
33.3122938798974
33.3272994176812
33.3423049554649
33.3573104932486
33.3723160310324
33.3873215688161
33.4023271065999
33.4173326443836
33.4323381821673
33.4473437199511
33.4623492577348
33.4773547955185
33.4923603333023
33.5073658710860
33.5223714088697
33.5373769466535
33.5523824844372
33.5673880222210
33.5823935600047
33.5973990977884
33.6124046355722
33.6274101733559
33.6424157111396
33.6574212489234
33.6724267867071
33.6874323244909
33.7024378622746
33.7174434000583
33.7324489378421
33.7474544756258
33.7624600134096
33.7774655511933
33.7924710889770
33.8074766267608
33.8224821645445
33.8374877023282
33.8524932401120
33.8674987778957
33.8825043156795
33.8975098534632
33.9125153912469
33.9275209290307
33.9425264668144
33.9575320045981
33.9725375423819
33.9875430801656
34.0025486179493
34.0175541557331
34.0325596935168
34.0475652313006
34.0625707690843
34.0775763068680
34.0925818446518
34.1075873824355
34.1225929202193
34.1375984580030
34.1526039957867
34.1676095335705
34.1826150713542
34.1976206091379
34.2126261469217
34.2276316847054
34.2426372224892
34.2576427602729
34.2726482980566
34.2876538358404
34.3026593736241
34.3176649114078
34.3326704491916
34.3476759869753
34.3626815247591
34.3776870625428
34.3926926003265
34.4076981381103
34.4227036758940
34.4377092136777
34.4527147514615
34.4677202892452
34.4827258270290
34.4977313648127
34.5127369025964
34.5277424403802
34.5427479781639
34.5577535159476
34.5727590537314
34.5877645915151
34.6027701292989
34.6177756670826
34.6327812048663
34.6477867426501
34.6627922804338
34.6777978182175
34.6928033560013
34.7078088937850
34.7228144315688
34.7378199693525
34.7528255071362
34.7678310449200
34.7828365827037
34.7978421204874
34.8128476582712
34.8278531960549
34.8428587338387
34.8578642716224
34.8728698094061
34.8878753471899
34.9028808849736
34.9178864227573
34.9328919605411
34.9478974983248
34.9629030361086
34.9779085738923
34.9929141116760
35.0079196494598
35.0229251872435
35.0379307250272
35.0529362628110
35.0679418005947
35.0829473383785
35.0979528761622
35.1129584139459
35.1279639517297
35.1429694895134
35.1579750272971
35.1729805650809
35.1879861028646
35.2029916406484
35.2179971784321
35.2330027162158
35.2480082539996
35.2630137917833
35.2780193295670
35.2930248673508
35.3080304051345
35.3230359429183
35.3380414807020
35.3530470184857
35.3680525562695
35.3830580940532
35.3980636318369
35.4130691696207
35.4280747074044
35.4430802451882
35.4580857829719
35.4730913207556
35.4880968585394
35.5031023963231
35.5181079341068
35.5331134718906
35.5481190096743
35.5631245474581
35.5781300852418
35.5931356230255
35.6081411608093
35.6231466985930
35.6381522363767
35.6531577741605
35.6681633119442
35.6831688497280
35.6981743875117
35.7131799252954
35.7281854630792
35.7431910008629
35.7581965386466
35.7732020764304
35.7882076142141
35.8032131519979
35.8182186897816
35.8332242275653
35.8482297653491
35.8632353031328
35.8782408409166
35.8932463787003
35.9082519164840
35.9232574542678
35.9382629920515
35.9532685298352
35.9682740676190
35.9832796054027
35.9982851431864
36.0132906809702
36.0282962187539
36.0433017565377
36.0583072943214
36.0733128321051
36.0883183698889
36.1033239076726
36.1183294454564
36.1333349832401
36.1483405210238
36.1633460588076
36.1783515965913
36.1933571343750
36.2083626721588
36.2233682099425
36.2383737477263
36.2533792855100
36.2683848232937
36.2833903610775
36.2983958988612
36.3134014366449
36.3284069744287
36.3434125122124
36.3584180499961
36.3734235877799
36.3884291255636
36.4034346633474
36.4184402011311
36.4334457389148
36.4484512766986
36.4634568144823
36.4784623522661
36.4934678900498
36.5084734278335
36.5234789656173
36.5384845034010
36.5534900411847
36.5684955789685
36.5835011167522
36.5985066545359
36.6135121923197
36.6285177301034
36.6435232678872
36.6585288056709
36.6735343434546
36.6885398812384
36.7035454190221
36.7185509568059
36.7335564945896
36.7485620323733
36.7635675701571
36.7785731079408
36.7935786457245
36.8085841835083
36.8235897212920
36.8385952590758
36.8536007968595
36.8686063346432
36.8836118724270
36.8986174102107
36.9136229479944
36.9286284857782
36.9436340235619
36.9586395613457
36.9736450991294
36.9886506369131
37.0036561746969
37.0186617124806
37.0336672502643
37.0486727880481
37.0636783258318
37.0786838636156
37.0936894013993
37.1086949391830
37.1237004769668
37.1387060147505
37.1537115525342
37.1687170903180
37.1837226281017
37.1987281658855
37.2137337036692
37.2287392414529
37.2437447792367
37.2587503170204
37.2737558548041
37.2887613925879
37.3037669303716
37.3187724681554
37.3337780059391
37.3487835437228
37.3637890815066
37.3787946192903
37.3938001570740
37.4088056948578
37.4238112326415
37.4388167704253
37.4538223082090
37.4688278459927
37.4838333837765
37.4988389215602
37.5138444593439
37.5288499971277
37.5438555349114
37.5588610726952
37.5738666104789
37.5888721482626
37.6038776860464
37.6188832238301
37.6338887616138
37.6488942993976
37.6638998371813
37.6789053749651
37.6939109127488
37.7089164505325
37.7239219883163
37.7389275261000
37.7539330638837
37.7689386016675
37.7839441394512
37.7989496772350
37.8139552150187
37.8289607528024
37.8439662905862
37.8589718283699
37.8739773661536
37.8889829039374
37.9039884417211
37.9189939795049
37.9339995172886
37.9490050550723
37.9640105928561
37.9790161306398
37.9940216684235
38.0090272062073
38.0240327439910
38.0390382817748
38.0540438195585
38.0690493573422
38.0840548951260
38.0990604329097
38.1140659706934
38.1290715084772
38.1440770462609
38.1590825840447
38.1740881218284
38.1890936596121
38.2040991973959
38.2191047351796
38.2341102729633
38.2491158107471
38.2641213485308
38.2791268863146
38.2941324240983
38.3091379618820
38.3241434996658
38.3391490374495
38.3541545752332
38.3691601130170
38.3841656508007
38.3991711885845
38.4141767263682
38.4291822641519
38.4441878019357
38.4591933397194
38.4741988775032
38.4892044152869
38.5042099530706
38.5192154908544
38.5342210286381
38.5492265664218
38.5642321042056
38.5792376419893
38.5942431797730
38.6092487175568
38.6242542553405
38.6392597931243
38.6542653309080
38.6692708686917
38.6842764064755
38.6992819442592
38.7142874820430
38.7292930198267
38.7442985576104
38.7593040953942
38.7743096331779
38.7893151709616
38.8043207087454
38.8193262465291
38.8343317843129
38.8493373220966
38.8643428598803
38.8793483976641
38.8943539354478
38.9093594732315
38.9243650110153
38.9393705487990
38.9543760865828
38.9693816243665
38.9843871621502
38.9993926999340
39.0143982377177
39.0294037755014
39.0444093132852
39.0594148510689
39.0744203888527
39.0894259266364
39.1044314644201
39.1194370022039
39.1344425399876
39.1494480777713
39.1644536155551
39.1794591533388
39.1944646911226
39.2094702289063
39.2244757666900
39.2394813044738
39.2544868422575
39.2694923800412
39.2844979178250
39.2995034556087
39.3145089933925
39.3295145311762
39.3445200689599
39.3595256067437
39.3745311445274
39.3895366823111
39.4045422200949
39.4195477578786
39.4345532956624
39.4495588334461
39.4645643712298
39.4795699090136
39.4945754467973
39.5095809845810
39.5245865223648
39.5395920601485
39.5545975979323
39.5696031357160
39.5846086734997
39.5996142112835
39.6146197490672
39.6296252868509
39.6446308246347
39.6596363624184
39.6746419002022
39.6896474379859
39.7046529757696
39.7196585135534
39.7346640513371
39.7496695891208
39.7646751269046
39.7796806646883
39.7946862024721
39.8096917402558
39.8246972780395
39.8397028158233
39.8547083536070
39.8697138913907
39.8847194291745
39.8997249669582
39.9147305047420
39.9297360425257
39.9447415803094
39.9597471180932
39.9747526558769
39.9897581936606
40.0047637314444
40.0197692692281
40.0347748070119
40.0497803447956
40.0647858825793
40.0797914203631
40.0947969581468
40.1098024959305
40.1248080337143
40.1398135714980
40.1548191092818
40.1698246470655
40.1848301848492
40.1998357226330
40.2148412604167
40.2298467982004
40.2448523359842
40.2598578737679
40.2748634115517
40.2898689493354
40.3048744871191
40.3198800249029
40.3348855626866
40.3498911004703
40.3648966382541
40.3799021760378
40.3949077138216
40.4099132516053
40.4249187893890
40.4399243271728
40.4549298649565
40.4699354027403
40.4849409405240
40.4999464783077
40.5149520160915
40.5299575538752
40.5449630916589
40.5599686294427
40.5749741672264
40.5899797050101