0
0.0150028804461917
0.0300057608923833
0.0450086413385750
0.0600115217847666
0.0750144022309583
0.0900172826771500
0.105020163123342
0.120023043569533
0.135025924015725
0.150028804461917
0.165031684908108
0.180034565354300
0.195037445800492
0.210040326246683
0.225043206692875
0.240046087139067
0.255048967585258
0.270051848031450
0.285054728477642
0.300057608923833
0.315060489370025
0.330063369816217
0.345066250262408
0.360069130708600
0.375072011154792
0.390074891600983
0.405077772047175
0.420080652493367
0.435083532939558
0.450086413385750
0.465089293831941
0.480092174278133
0.495095054724325
0.510097935170517
0.525100815616708
0.540103696062900
0.555106576509091
0.570109456955283
0.585112337401475
0.600115217847666
0.615118098293858
0.630120978740050
0.645123859186241
0.660126739632433
0.675129620078625
0.690132500524816
0.705135380971008
0.720138261417200
0.735141141863391
0.750144022309583
0.765146902755775
0.780149783201966
0.795152663648158
0.810155544094350
0.825158424540541
0.840161304986733
0.855164185432925
0.870167065879116
0.885169946325308
0.900172826771500
0.915175707217691
0.930178587663883
0.945181468110075
0.960184348556266
0.975187229002458
0.990190109448650
1.00519298989484
1.02019587034103
1.03519875078722
1.05020163123342
1.06520451167961
1.08020739212580
1.09521027257199
1.11021315301818
1.12521603346437
1.14021891391057
1.15522179435676
1.17022467480295
1.18522755524914
1.20023043569533
1.21523331614152
1.23023619658772
1.24523907703391
1.26024195748010
1.27524483792629
1.29024771837248
1.30525059881867
1.32025347926487
1.33525635971106
1.35025924015725
1.36526212060344
1.38026500104963
1.39526788149582
1.41027076194202
1.42527364238821
1.44027652283440
1.45527940328059
1.47028228372678
1.48528516417297
1.50028804461917
1.51529092506536
1.53029380551155
1.54529668595774
1.56029956640393
1.57530244685012
1.59030532729632
1.60530820774251
1.62031108818870
1.63531396863489
1.65031684908108
1.66531972952727
1.68032260997347
1.69532549041966
1.71032837086585
1.72533125131204
1.74033413175823
1.75533701220442
1.77033989265062
1.78534277309681
1.80034565354300
1.81534853398919
1.83035141443538
1.84535429488157
1.86035717532777
1.87536005577396
1.89036293622015
1.90536581666634
1.92036869711253
1.93537157755872
1.95037445800492
1.96537733845111
1.98038021889730
1.99538309934349
2.01038597978968
2.02538886023587
2.04039174068207
2.05539462112826
2.07039750157445
2.08540038202064
2.10040326246683
2.11540614291302
2.13040902335922
2.14541190380541
2.16041478425160
2.17541766469779
2.19042054514398
2.20542342559017
2.22042630603637
2.23542918648256
2.25043206692875
2.26543494737494
2.28043782782113
2.29544070826732
2.31044358871352
2.32544646915971
2.34044934960590
2.35545223005209
2.37045511049828
2.38545799094447
2.40046087139067
2.41546375183686
2.43046663228305
2.44546951272924
2.46047239317543
2.47547527362162
2.49047815406782
2.50548103451401
2.52048391496020
2.53548679540639
2.55048967585258
2.56549255629877
2.58049543674497
2.59549831719116
2.61050119763735
2.62550407808354
2.64050695852973
2.65550983897592
2.67051271942212
2.68551559986831
2.70051848031450
2.71552136076069
2.73052424120688
2.74552712165307
2.76053000209927
2.77553288254546
2.79053576299165
2.80553864343784
2.82054152388403
2.83554440433022
2.85054728477642
2.86555016522261
2.88055304566880
2.89555592611499
2.91055880656118
2.92556168700737
2.94056456745357
2.95556744789976
2.97057032834595
2.98557320879214
3.00057608923833
3.01557896968452
3.03058185013072
3.04558473057691
3.06058761102310
3.07559049146929
3.09059337191548
3.10559625236167
3.12059913280787
3.13560201325406
3.15060489370025
3.16560777414644
3.18061065459263
3.19561353503882
3.21061641548502
3.22561929593121
3.24062217637740
3.25562505682359
3.27062793726978
3.28563081771597
3.30063369816217
3.31563657860836
3.33063945905455
3.34564233950074
3.36064521994693
3.37564810039312
3.39065098083932
3.40565386128551
3.42065674173170
3.43565962217789
3.45066250262408
3.46566538307027
3.48066826351646
3.49567114396266
3.51067402440885
3.52567690485504
3.54067978530123
3.55568266574742
3.57068554619362
3.58568842663981
3.60069130708600
3.61569418753219
3.63069706797838
3.64569994842457
3.66070282887077
3.67570570931696
3.69070858976315
3.70571147020934
3.72071435065553
3.73571723110172
3.75072011154791
3.76572299199411
3.78072587244030
3.79572875288649
3.81073163333268
3.82573451377887
3.84073739422507
3.85574027467126
3.87074315511745
3.88574603556364
3.90074891600983
3.91575179645602
3.93075467690222
3.94575755734841
3.96076043779460
3.97576331824079
3.99076619868698
4.00576907913317
4.02077195957936
4.03577484002556
4.05077772047175
4.06578060091794
4.08078348136413
4.09578636181032
4.11078924225652
4.12579212270271
4.14079500314890
4.15579788359509
4.17080076404128
4.18580364448747
4.20080652493367
4.21580940537986
4.23081228582605
4.24581516627224
4.26081804671843
4.27582092716462
4.29082380761081
4.30582668805701
4.32082956850320
4.33583244894939
4.35083532939558
4.36583820984177
4.38084109028797
4.39584397073416
4.41084685118035
4.42584973162654
4.44085261207273
4.45585549251892
4.47085837296512
4.48586125341131
4.50086413385750
4.51586701430369
4.53086989474988
4.54587277519607
4.56087565564226
4.57587853608846
4.59088141653465
4.60588429698084
4.62088717742703
4.63589005787322
4.65089293831942
4.66589581876561
4.68089869921180
4.69590157965799
4.71090446010418
4.72590734055037
4.74091022099657
4.75591310144276
4.77091598188895
4.78591886233514
4.80092174278133
4.81592462322752
4.83092750367371
4.84593038411991
4.86093326456610
4.87593614501229
4.89093902545848
4.90594190590467
4.92094478635087
4.93594766679706
4.95095054724325
4.96595342768944
4.98095630813563
4.99595918858182
5.01096206902801
5.02596494947421
5.04096782992040
5.05597071036659
5.07097359081278
5.08597647125897
5.10097935170516
5.11598223215136
5.13098511259755
5.14598799304374
5.16099087348993
5.17599375393612
5.19099663438231
5.20599951482851
5.22100239527470
5.23600527572089
5.25100815616708
5.26601103661327
5.28101391705946
5.29601679750566
5.31101967795185
5.32602255839804
5.34102543884423
5.35602831929042
5.37103119973661
5.38603408018281
5.40103696062900
5.41603984107519
5.43104272152138
5.44604560196757
5.46104848241376
5.47605136285996
5.49105424330615
5.50605712375234
5.52106000419853
5.53606288464472
5.55106576509091
5.56606864553711
5.58107152598330
5.59607440642949
5.61107728687568
5.62608016732187
5.64108304776806
5.65608592821426
5.67108880866045
5.68609168910664
5.70109456955283
5.71609744999902
5.73110033044521
5.74610321089141
5.76110609133760
5.77610897178379
5.79111185222998
5.80611473267617
5.82111761312236
5.83612049356856
5.85112337401475
5.86612625446094
5.88112913490713
5.89613201535332
5.91113489579951
5.92613777624571
5.94114065669190
5.95614353713809
5.97114641758428
5.98614929803047
6.00115217847666
6.01615505892286
6.03115793936905
6.04616081981524
6.06116370026143
6.07616658070762
6.09116946115381
6.10617234160001
6.12117522204620
6.13617810249239
6.15118098293858
6.16618386338477
6.18118674383096
6.19618962427716
6.21119250472335
6.22619538516954
6.24119826561573
6.25620114606192
6.27120402650811
6.28620690695431
6.30120978740050
6.31621266784669
6.33121554829288
6.34621842873907
6.36122130918526
6.37622418963146
6.39122707007765
6.40622995052384
6.42123283097003
6.43623571141622
6.45123859186241
6.46624147230861
6.48124435275480
6.49624723320099
6.51125011364718
6.52625299409337
6.54125587453956
6.55625875498576
6.57126163543195
6.58626451587814
6.60126739632433
6.61627027677052
6.63127315721671
6.64627603766291
6.66127891810910
6.67628179855529
6.69128467900148
6.70628755944767
6.72129043989386
6.73629332034006
6.75129620078625
6.76629908123244
6.78130196167863
6.79630484212482
6.81130772257101
6.82631060301721
6.84131348346340
6.85631636390959
6.87131924435578
6.88632212480197
6.90132500524816
6.91632788569436
6.93133076614055
6.94633364658674
6.96133652703293
6.97633940747912
6.99134228792531
7.00634516837151
7.02134804881770
7.03635092926389
7.05135380971008
7.06635669015627
7.08135957060246
7.09636245104866
7.11136533149485
7.12636821194104
7.14137109238723
7.15637397283342
7.17137685327961
7.18637973372581
7.20138261417200
7.21638549461819
7.23138837506438
7.24639125551057
7.26139413595676
7.27639701640296
7.29139989684915
7.30640277729534
7.32140565774153
7.33640853818772
7.35141141863391
7.36641429908011
7.38141717952630
7.39642005997249
7.41142294041868
7.42642582086487
7.44142870131106
7.45643158175725
7.47143446220345
7.48643734264964
7.50144022309583
7.51644310354202
7.53144598398821
7.54644886443441
7.56145174488060
7.57645462532679
7.59145750577298
7.60646038621917
7.62146326666536
7.63646614711156
7.65146902755775
7.66647190800394
7.68147478845013
7.69647766889632
7.71148054934251
7.72648342978870
7.74148631023490
7.75648919068109
7.77149207112728
7.78649495157347
7.80149783201966
7.81650071246585
7.83150359291205
7.84650647335824
7.86150935380443
7.87651223425062
7.89151511469681
7.90651799514301
7.92152087558920
7.93652375603539
7.95152663648158
7.96652951692777
7.98153239737396
7.99653527782015
8.01153815826635
8.02654103871254
8.04154391915873
8.05654679960492
8.07154968005111
8.08655256049731
8.10155544094350
8.11655832138969
8.13156120183588
8.14656408228207
8.16156696272826
8.17656984317446
8.19157272362065
8.20657560406684
8.22157848451303
8.23658136495922
8.25158424540541
8.26658712585160
8.28159000629780
8.29659288674399
8.31159576719018
8.32659864763637
8.34160152808256
8.35660440852876
8.37160728897495
8.38661016942114
8.40161304986733
8.41661593031352
8.43161881075971
8.44662169120591
8.46162457165210
8.47662745209829
8.49163033254448
8.50663321299067
8.52163609343686
8.53663897388305
8.55164185432925
8.56664473477544
8.58164761522163
8.59665049566782
8.61165337611401
8.62665625656021
8.64165913700640
8.65666201745259
8.67166489789878
8.68666777834497
8.70167065879116
8.71667353923736
8.73167641968355
8.74667930012974
8.76168218057593
8.77668506102212
8.79168794146831
8.80669082191450
8.82169370236070
8.83669658280689
8.85169946325308
8.86670234369927
8.88170522414546
8.89670810459165
8.91171098503785
8.92671386548404
8.94171674593023
8.95671962637642
8.97172250682261
8.98672538726881
9.00172826771500
9.01673114816119
9.03173402860738
9.04673690905357
9.06173978949976
9.07674266994595
9.09174555039215
9.10674843083834
9.12175131128453
9.13675419173072
9.15175707217691
9.16675995262310
9.18176283306930
9.19676571351549
9.21176859396168
9.22677147440787
9.24177435485406
9.25677723530026
9.27178011574645
9.28678299619264
9.30178587663883
9.31678875708502
9.33179163753121
9.34679451797740
9.36179739842360
9.37680027886979
9.39180315931598
9.40680603976217
9.42180892020836
9.43681180065455
9.45181468110075
9.46681756154694
9.48182044199313
9.49682332243932
9.51182620288551
9.52682908333170
9.54183196377790
9.55683484422409
9.57183772467028
9.58684060511647
9.60184348556266
9.61684636600885
9.63184924645505
9.64685212690124
9.66185500734743
9.67685788779362
9.69186076823981
9.70686364868600
9.72186652913219
9.73686940957839
9.75187229002458
9.76687517047077
9.78187805091696
9.79688093136315
9.81188381180935
9.82688669225554
9.84188957270173
9.85689245314792
9.87189533359411
9.88689821404030
9.90190109448650
9.91690397493269
9.93190685537888
9.94690973582507
9.96191261627126
9.97691549671745
9.99191837716364
10.0069212576098
10.0219241380560
10.0369270185022
10.0519298989484
10.0669327793946
10.0819356598408
10.0969385402870
10.1119414207332
10.1269443011794
10.1419471816256
10.1569500620718
10.1719529425179
10.1869558229641
10.2019587034103
10.2169615838565
10.2319644643027
10.2469673447489
10.2619702251951
10.2769731056413
10.2919759860875
10.3069788665337
10.3219817469799
10.3369846274261
10.3519875078722
10.3669903883184
10.3819932687646
10.3969961492108
10.4119990296570
10.4270019101032
10.4420047905494
10.4570076709956
10.4720105514418
10.4870134318880
10.5020163123342
10.5170191927804
10.5320220732265
10.5470249536727
10.5620278341189
10.5770307145651
10.5920335950113
10.6070364754575
10.6220393559037
10.6370422363499
10.6520451167961
10.6670479972423
10.6820508776885
10.6970537581347
10.7120566385808
10.7270595190270
10.7420623994732
10.7570652799194
10.7720681603656
10.7870710408118
10.8020739212580
10.8170768017042
10.8320796821504
10.8470825625966
10.8620854430428
10.8770883234890
10.8920912039351
10.9070940843813
10.9220969648275
10.9370998452737
10.9521027257199
10.9671056061661
10.9821084866123
10.9971113670585
11.0121142475047
11.0271171279509
11.0421200083971
11.0571228888433
11.0721257692894
11.0871286497356
11.1021315301818
11.1171344106280
11.1321372910742
11.1471401715204
11.1621430519666
11.1771459324128
11.1921488128590
11.2071516933052
11.2221545737514
11.2371574541976
11.2521603346437
11.2671632150899
11.2821660955361
11.2971689759823
11.3121718564285
11.3271747368747
11.3421776173209
11.3571804977671
11.3721833782133
11.3871862586595
11.4021891391057
11.4171920195519
11.4321948999980
11.4471977804442
11.4622006608904
11.4772035413366
11.4922064217828
11.5072093022290
11.5222121826752
11.5372150631214
11.5522179435676
11.5672208240138
11.5822237044600
11.5972265849062
11.6122294653523
11.6272323457985
11.6422352262447
11.6572381066909
11.6722409871371
11.6872438675833
11.7022467480295
11.7172496284757
11.7322525089219
11.7472553893681
11.7622582698143
11.7772611502605
11.7922640307066
11.8072669111528
11.8222697915990
11.8372726720452
11.8522755524914
11.8672784329376
11.8822813133838
11.8972841938300
11.9122870742762
11.9272899547224
11.9422928351686
11.9572957156148
11.9722985960609
11.9873014765071
12.0023043569533
12.0173072373995
12.0323101178457
12.0473129982919
12.0623158787381
12.0773187591843
12.0923216396305
12.1073245200767
12.1223274005229
12.1373302809691
12.1523331614152
12.1673360418614
12.1823389223076
12.1973418027538
12.2123446832000
12.2273475636462
12.2423504440924
12.2573533245386
12.2723562049848
12.2873590854310
12.3023619658772
12.3173648463234
12.3323677267695
12.3473706072157
12.3623734876619
12.3773763681081
12.3923792485543
12.4073821290005
12.4223850094467
12.4373878898929
12.4523907703391
12.4673936507853
12.4823965312315
12.4973994116777
12.5124022921238
12.5274051725700
12.5424080530162
12.5574109334624
12.5724138139086
12.5874166943548
12.6024195748010
12.6174224552472
12.6324253356934
12.6474282161396
12.6624310965858
12.6774339770320
12.6924368574781
12.7074397379243
12.7224426183705
12.7374454988167
12.7524483792629
12.7674512597091
12.7824541401553
12.7974570206015
12.8124599010477
12.8274627814939
12.8424656619401
12.8574685423863
12.8724714228324
12.8874743032786
12.9024771837248
12.9174800641710
12.9324829446172
12.9474858250634
12.9624887055096
12.9774915859558
12.9924944664020
13.0074973468482
13.0225002272944
13.0375031077406
13.0525059881867
13.0675088686329
13.0825117490791
13.0975146295253
13.1125175099715
13.1275203904177
13.1425232708639
13.1575261513101
13.1725290317563
13.1875319122025
13.2025347926487
13.2175376730949
13.2325405535410
13.2475434339872
13.2625463144334
13.2775491948796
13.2925520753258
13.3075549557720
13.3225578362182
13.3375607166644
13.3525635971106
13.3675664775568
13.3825693580030
13.3975722384492
13.4125751188953
13.4275779993415
13.4425808797877
13.4575837602339
13.4725866406801
13.4875895211263
13.5025924015725
13.5175952820187
13.5325981624649
13.5476010429111
13.5626039233573
13.5776068038035
13.5926096842496
13.6076125646958
13.6226154451420
13.6376183255882
13.6526212060344
13.6676240864806
13.6826269669268
13.6976298473730
13.7126327278192
13.7276356082654
13.7426384887116
13.7576413691578
13.7726442496039
13.7876471300501
13.8026500104963
13.8176528909425
13.8326557713887
13.8476586518349
13.8626615322811
13.8776644127273
13.8926672931735
13.9076701736197
13.9226730540659
13.9376759345121
13.9526788149582
13.9676816954044
13.9826845758506
13.9976874562968
14.0126903367430
14.0276932171892
14.0426960976354
14.0576989780816
14.0727018585278
14.0877047389740
14.1027076194202
14.1177104998664
14.1327133803125
14.1477162607587
14.1627191412049
14.1777220216511
14.1927249020973
14.2077277825435
14.2227306629897
14.2377335434359
14.2527364238821
14.2677393043283
14.2827421847745
14.2977450652207
14.3127479456668
14.3277508261130
14.3427537065592
14.3577565870054
14.3727594674516
14.3877623478978
14.4027652283440
14.4177681087902
14.4327709892364
14.4477738696826
14.4627767501288
14.4777796305750
14.4927825110211
14.5077853914673
14.5227882719135
14.5377911523597
14.5527940328059
14.5677969132521
14.5827997936983
14.5978026741445
14.6128055545907
14.6278084350369
14.6428113154831
14.6578141959293
14.6728170763754
14.6878199568216
14.7028228372678
14.7178257177140
14.7328285981602
14.7478314786064
14.7628343590526
14.7778372394988
14.7928401199450
14.8078430003912
14.8228458808374
14.8378487612836
14.8528516417297
14.8678545221759
14.8828574026221
14.8978602830683
14.9128631635145
14.9278660439607
14.9428689244069
14.9578718048531
14.9728746852993
14.9878775657455
15.0028804461917
15.0178833266379
15.0328862070840
15.0478890875302
15.0628919679764
15.0778948484226
15.0928977288688
15.1079006093150
15.1229034897612
15.1379063702074
15.1529092506536
15.1679121310998
15.1829150115460
15.1979178919922
15.2129207724383
15.2279236528845
15.2429265333307
15.2579294137769
15.2729322942231
15.2879351746693
15.3029380551155
15.3179409355617
15.3329438160079
15.3479466964541
15.3629495769003
15.3779524573465
15.3929553377926
15.4079582182388
15.4229610986850
15.4379639791312
15.4529668595774
15.4679697400236
15.4829726204698
15.4979755009160
15.5129783813622
15.5279812618084
15.5429841422546
15.5579870227008
15.5729899031469
15.5879927835931
15.6029956640393
15.6179985444855
15.6330014249317
15.6480043053779
15.6630071858241
15.6780100662703
15.6930129467165
15.7080158271627
15.7230187076089
15.7380215880551
15.7530244685012
15.7680273489474
15.7830302293936
15.7980331098398
15.8130359902860
15.8280388707322
15.8430417511784
15.8580446316246
15.8730475120708
15.8880503925170
15.9030532729632
15.9180561534094
15.9330590338555
15.9480619143017
15.9630647947479
15.9780676751941
15.9930705556403
16.0080734360865
16.0230763165327
16.0380791969789
16.0530820774251
16.0680849578713
16.0830878383175
16.0980907187637
16.1130935992098
16.1280964796560
16.1430993601022
16.1581022405484
16.1731051209946
16.1881080014408
16.2031108818870
16.2181137623332
16.2331166427794
16.2481195232256
16.2631224036718
16.2781252841180
16.2931281645641
16.3081310450103
16.3231339254565
16.3381368059027
16.3531396863489
16.3681425667951
16.3831454472413
16.3981483276875
16.4131512081337
16.4281540885799
16.4431569690261
16.4581598494723
16.4731627299184
16.4881656103646
16.5031684908108
16.5181713712570
16.5331742517032
16.5481771321494
16.5631800125956
16.5781828930418
16.5931857734880
16.6081886539342
16.6231915343804
16.6381944148266
16.6531972952727
16.6682001757189
16.6832030561651
16.6982059366113
16.7132088170575
16.7282116975037
16.7432145779499
16.7582174583961
16.7732203388423
16.7882232192885
16.8032260997347
16.8182289801809
16.8332318606270
16.8482347410732
16.8632376215194
16.8782405019656
16.8932433824118
16.9082462628580
16.9232491433042
16.9382520237504
16.9532549041966
16.9682577846428
16.9832606650890
16.9982635455352
17.0132664259813
17.0282693064275
17.0432721868737
17.0582750673199
17.0732779477661
17.0882808282123
17.1032837086585
17.1182865891047
17.1332894695509
17.1482923499971
17.1632952304433
17.1782981108895
17.1933009913356
17.2083038717818
17.2233067522280
17.2383096326742
17.2533125131204
17.2683153935666
17.2833182740128
17.2983211544590
17.3133240349052
17.3283269153514
17.3433297957976
17.3583326762438
17.3733355566899
17.3883384371361
17.4033413175823
17.4183441980285
17.4333470784747
17.4483499589209
17.4633528393671
17.4783557198133
17.4933586002595
17.5083614807057
17.5233643611519
17.5383672415981
17.5533701220442
17.5683730024904
17.5833758829366
17.5983787633828
17.6133816438290
17.6283845242752
17.6433874047214
17.6583902851676
17.6733931656138
17.6883960460600
17.7033989265062
17.7184018069524
17.7334046873985
17.7484075678447
17.7634104482909
17.7784133287371
17.7934162091833
17.8084190896295
17.8234219700757
17.8384248505219
17.8534277309681
17.8684306114143
17.8834334918605
17.8984363723067
17.9134392527528
17.9284421331990
17.9434450136452
17.9584478940914
17.9734507745376
17.9884536549838
18.0034565354300
18.0184594158762
18.0334622963224
18.0484651767686
18.0634680572148
18.0784709376610
18.0934738181071
18.1084766985533
18.1234795789995
18.1384824594457
18.1534853398919
18.1684882203381
18.1834911007843
18.1984939812305
18.2134968616767
18.2284997421229
18.2435026225691
18.2585055030153
18.2735083834614
18.2885112639076
18.3035141443538
18.3185170248000
18.3335199052462
18.3485227856924
18.3635256661386
18.3785285465848
18.3935314270310
18.4085343074772
18.4235371879234
18.4385400683696
18.4535429488157
18.4685458292619
18.4835487097081
18.4985515901543
18.5135544706005
18.5285573510467
18.5435602314929
18.5585631119391
18.5735659923853
18.5885688728315
18.6035717532777
18.6185746337239
18.6335775141700
18.6485803946162
18.6635832750624
18.6785861555086
18.6935890359548
18.7085919164010
18.7235947968472
18.7385976772934
18.7536005577396
18.7686034381858
18.7836063186320
18.7986091990782
18.8136120795243
18.8286149599705
18.8436178404167
18.8586207208629
18.8736236013091
18.8886264817553
18.9036293622015
18.9186322426477
18.9336351230939
18.9486380035401
18.9636408839863
18.9786437644325
18.9936466448786
19.0086495253248
19.0236524057710
19.0386552862172
19.0536581666634
19.0686610471096
19.0836639275558
19.0986668080020
19.1136696884482
19.1286725688944
19.1436754493406
19.1586783297868
19.1736812102329
19.1886840906791
19.2036869711253
19.2186898515715
19.2336927320177
19.2486956124639
19.2636984929101
19.2787013733563
19.2937042538025
19.3087071342487
19.3237100146949
19.3387128951410
19.3537157755872
19.3687186560334
19.3837215364796
19.3987244169258
19.4137272973720
19.4287301778182
19.4437330582644
19.4587359387106
19.4737388191568
19.4887416996030
19.5037445800492
19.5187474604954
19.5337503409415
19.5487532213877
19.5637561018339
19.5787589822801
19.5937618627263
19.6087647431725
19.6237676236187
19.6387705040649
19.6537733845111
19.6687762649573
19.6837791454035
19.6987820258497
19.7137849062958
19.7287877867420
19.7437906671882
19.7587935476344
19.7737964280806
19.7887993085268
19.8038021889730
19.8188050694192
19.8338079498654
19.8488108303116
19.8638137107578
19.8788165912039
19.8938194716501
19.9088223520963
19.9238252325425
19.9388281129887
19.9538309934349
19.9688338738811
19.9838367543273
19.9988396347735
20.0138425152197
20.0288453956659
20.0438482761121
20.0588511565583
20.0738540370044
20.0888569174506
20.1038597978968
20.1188626783430
20.1338655587892
20.1488684392354
20.1638713196816
20.1788742001278
20.1938770805740
20.2088799610202
20.2238828414664
20.2388857219126
20.2538886023587
20.2688914828049
20.2838943632511
20.2988972436973
20.3139001241435
20.3289030045897
20.3439058850359
20.3589087654821
20.3739116459283
20.3889145263745
20.4039174068207
20.4189202872668
20.4339231677130
20.4489260481592
20.4639289286054
20.4789318090516
20.4939346894978
20.5089375699440
20.5239404503902
20.5389433308364
20.5539462112826
20.5689490917288
20.5839519721750
20.5989548526211
20.6139577330673
20.6289606135135
20.6439634939597
20.6589663744059
20.6739692548521
20.6889721352983
20.7039750157445
20.7189778961907
20.7339807766369
20.7489836570831
20.7639865375293
20.7789894179755
20.7939922984216
20.8089951788678
20.8239980593140
20.8390009397602
20.8540038202064
20.8690067006526
20.8840095810988
20.8990124615450
20.9140153419912
20.9290182224374
20.9440211028836
20.9590239833297
20.9740268637759
20.9890297442221
21.0040326246683
21.0190355051145
21.0340383855607
21.0490412660069
21.0640441464531
21.0790470268993
21.0940499073455
21.1090527877917
21.1240556682379
21.1390585486840
21.1540614291302
21.1690643095764
21.1840671900226
21.1990700704688
21.2140729509150
21.2290758313612
21.2440787118074
21.2590815922536
21.2740844726998
21.2890873531460
21.3040902335922
21.3190931140384
21.3340959944845
21.3490988749307
21.3641017553769
21.3791046358231
21.3941075162693
21.4091103967155
21.4241132771617
21.4391161576079
21.4541190380541
21.4691219185003
21.4841247989465
21.4991276793926
21.5141305598388
21.5291334402850
21.5441363207312
21.5591392011774
21.5741420816236
21.5891449620698
21.6041478425160
21.6191507229622
21.6341536034084
21.6491564838546
21.6641593643008
21.6791622447469
21.6941651251931
21.7091680056393
21.7241708860855
21.7391737665317
21.7541766469779
21.7691795274241
21.7841824078703
21.7991852883165
21.8141881687627
21.8291910492089
21.8441939296551
21.8591968101013
21.8741996905474
21.8892025709936
21.9042054514398
21.9192083318860
21.9342112123322
21.9492140927784
21.9642169732246
21.9792198536708
21.9942227341170
22.0092256145632
22.0242284950094
22.0392313754555
22.0542342559017
22.0692371363479
22.0842400167941
22.0992428972403
22.1142457776865
22.1292486581327
22.1442515385789
22.1592544190251
22.1742572994713
22.1892601799175
22.2042630603637
22.2192659408098
22.2342688212560
22.2492717017022
22.2642745821484
22.2792774625946
22.2942803430408
22.3092832234870
22.3242861039332
22.3392889843794
22.3542918648256
22.3692947452718
22.3842976257180
22.3993005061642
22.4143033866103
22.4293062670565
22.4443091475027
22.4593120279489
22.4743149083951
22.4893177888413
22.5043206692875
22.5193235497337
22.5343264301799
22.5493293106261
22.5643321910723
22.5793350715184
22.5943379519646
22.6093408324108
22.6243437128570
22.6393465933032
22.6543494737494
22.6693523541956
22.6843552346418
22.6993581150880
22.7143609955342
22.7293638759804
22.7443667564266
22.7593696368727
22.7743725173189
22.7893753977651
22.8043782782113
22.8193811586575
22.8343840391037
22.8493869195499
22.8643897999961
22.8793926804423
22.8943955608885
22.9093984413347
22.9244013217809
22.9394042022271
22.9544070826732
22.9694099631194
22.9844128435656
22.9994157240118
23.0144186044580
23.0294214849042
23.0444243653504
23.0594272457966
23.0744301262428
23.0894330066890
23.1044358871352
23.1194387675813
23.1344416480275
23.1494445284737
23.1644474089199
23.1794502893661
23.1944531698123
23.2094560502585
23.2244589307047
23.2394618111509
23.2544646915971
23.2694675720433
23.2844704524895
23.2994733329356
23.3144762133818
23.3294790938280
23.3444819742742
23.3594848547204
23.3744877351666
23.3894906156128
23.4044934960590
23.4194963765052
23.4344992569514
23.4495021373976
23.4645050178438
23.4795078982900
23.4945107787361
23.5095136591823
23.5245165396285
23.5395194200747
23.5545223005209
23.5695251809671
23.5845280614133
23.5995309418595
23.6145338223057
23.6295367027519
23.6445395831981
23.6595424636442
23.6745453440904
23.6895482245366
23.7045511049828
23.7195539854290
23.7345568658752
23.7495597463214
23.7645626267676
23.7795655072138
23.7945683876600
23.8095712681062
23.8245741485524
23.8395770289985
23.8545799094447
23.8695827898909
23.8845856703371
23.8995885507833
23.9145914312295
23.9295943116757
23.9445971921219
23.9596000725681
23.9746029530143
23.9896058334605
24.0046087139067
24.0196115943529
24.0346144747990
24.0496173552452
24.0646202356914
24.0796231161376
24.0946259965838
24.1096288770300
24.1246317574762
24.1396346379224
24.1546375183686
24.1696403988148
24.1846432792610
24.1996461597071
24.2146490401533
24.2296519205995
24.2446548010457
24.2596576814919
24.2746605619381
24.2896634423843
24.3046663228305
24.3196692032767
24.3346720837229
24.3496749641691
24.3646778446153
24.3796807250614
24.3946836055076
24.4096864859538
24.4246893664000
24.4396922468462
24.4546951272924
24.4696980077386
24.4847008881848
24.4997037686310
24.5147066490772
24.5297095295234
24.5447124099696
24.5597152904158
24.5747181708619
24.5897210513081
24.6047239317543
24.6197268122005
24.6347296926467
24.6497325730929
24.6647354535391
24.6797383339853
24.6947412144315
24.7097440948777
24.7247469753239
24.7397498557700
24.7547527362162
24.7697556166624
24.7847584971086
24.7997613775548
24.8147642580010
24.8297671384472
24.8447700188934
24.8597728993396
24.8747757797858
24.8897786602320
24.9047815406782
24.9197844211243
24.9347873015705
24.9497901820167
24.9647930624629
24.9797959429091
24.9947988233553
25.0098017038015
25.0248045842477
25.0398074646939
25.0548103451401
25.0698132255863
25.0848161060325
25.0998189864787
25.1148218669248
25.1298247473710
25.1448276278172
25.1598305082634
25.1748333887096
25.1898362691558
25.2048391496020
25.2198420300482
25.2348449104944
25.2498477909406
25.2648506713868
25.2798535518329
25.2948564322791
25.3098593127253
25.3248621931715
25.3398650736177
25.3548679540639
25.3698708345101
25.3848737149563
25.3998765954025
25.4148794758487
25.4298823562949
25.4448852367411
25.4598881171872
25.4748909976334
25.4898938780796
25.5048967585258
25.5198996389720
25.5349025194182
25.5499053998644
25.5649082803106
25.5799111607568
25.5949140412030
25.6099169216492
25.6249198020954
25.6399226825415
25.6549255629877
25.6699284434339
25.6849313238801
25.6999342043263
25.7149370847725
25.7299399652187
25.7449428456649
25.7599457261111
25.7749486065573
25.7899514870035
25.8049543674497
25.8199572478958
25.8349601283420
25.8499630087882
25.8649658892344
25.8799687696806
25.8949716501268
25.9099745305730
25.9249774110192
25.9399802914654
25.9549831719116
25.9699860523578
25.9849889328040
25.9999918132501
26.0149946936963
26.0299975741425
26.0450004545887
26.0600033350349
26.0750062154811
26.0900090959273
26.1050119763735
26.1200148568197
26.1350177372659
26.1500206177121
26.1650234981583
26.1800263786045
26.1950292590506
26.2100321394968
26.2250350199430
26.2400379003892
26.2550407808354
26.2700436612816
26.2850465417278
26.3000494221740
26.3150523026202
26.3300551830664
26.3450580635126
26.3600609439587
26.3750638244049
26.3900667048511
26.4050695852973
26.4200724657435
26.4350753461897
26.4500782266359
26.4650811070821
26.4800839875283
26.4950868679745
26.5100897484207
26.5250926288669
26.5400955093130
26.5550983897592
26.5701012702054
26.5851041506516
26.6001070310978
26.6151099115440
26.6301127919902
26.6451156724364
26.6601185528826
26.6751214333288
26.6901243137750
26.7051271942212
26.7201300746673
26.7351329551135
26.7501358355597
26.7651387160059
26.7801415964521
26.7951444768983
26.8101473573445
26.8251502377907
26.8401531182369
26.8551559986831
26.8701588791293
26.8851617595755
26.9001646400216
26.9151675204678
26.9301704009140
26.9451732813602
26.9601761618064
26.9751790422526
26.9901819226988
27.0051848031450
27.0201876835912
27.0351905640374
27.0501934444836
27.0651963249298
27.0801992053759
27.0952020858221
27.1102049662683
27.1252078467145
27.1402107271607
27.1552136076069
27.1702164880531
27.1852193684993
27.2002222489455
27.2152251293917
27.2302280098379
27.2452308902841
27.2602337707303
27.2752366511764
27.2902395316226
27.3052424120688
27.3202452925150
27.3352481729612
27.3502510534074
27.3652539338536
27.3802568142998
27.3952596947460
27.4102625751922
27.4252654556384
27.4402683360845
27.4552712165307
27.4702740969769
27.4852769774231
27.5002798578693
27.5152827383155
27.5302856187617
27.5452884992079
27.5602913796541
27.5752942601003
27.5902971405465
27.6053000209927
27.6203029014388
27.6353057818850
27.6503086623312
27.6653115427774
27.6803144232236
27.6953173036698
27.7103201841160
27.7253230645622
27.7403259450084
27.7553288254546
27.7703317059008
27.7853345863470
27.8003374667931
27.8153403472393
27.8303432276855
27.8453461081317
27.8603489885779
27.8753518690241
27.8903547494703
27.9053576299165
27.9203605103627
27.9353633908089
27.9503662712551
27.9653691517013
27.9803720321474
27.9953749125936
28.0103777930398
28.0253806734860
28.0403835539322
28.0553864343784
28.0703893148246
28.0853921952708
28.1003950757170
28.1153979561632
28.1304008366094
28.1454037170556
28.1604065975017
28.1754094779479
28.1904123583941
28.2054152388403
28.2204181192865
28.2354209997327
28.2504238801789
28.2654267606251
28.2804296410713
28.2954325215175
28.3104354019637
28.3254382824099
28.3404411628561
28.3554440433022
28.3704469237484
28.3854498041946
28.4004526846408
28.4154555650870
28.4304584455332
28.4454613259794
28.4604642064256
28.4754670868718
28.4904699673180
28.5054728477642
28.5204757282103
28.5354786086565
28.5504814891027
28.5654843695489
28.5804872499951
28.5954901304413
28.6104930108875
28.6254958913337
28.6404987717799
28.6555016522261
28.6705045326723
28.6855074131185
28.7005102935646
28.7155131740108
28.7305160544570
28.7455189349032
28.7605218153494
28.7755246957956
28.7905275762418
28.8055304566880
28.8205333371342
28.8355362175804
28.8505390980266
28.8655419784728
28.8805448589189
28.8955477393651
28.9105506198113
28.9255535002575
28.9405563807037
28.9555592611499
28.9705621415961
28.9855650220423
29.0005679024885
29.0155707829347
29.0305736633809
29.0455765438271
29.0605794242732
29.0755823047194
29.0905851851656
29.1055880656118
29.1205909460580
29.1355938265042
29.1505967069504
29.1655995873966
29.1806024678428
29.1956053482890
29.2106082287352
29.2256111091814
29.2406139896275
29.2556168700737
29.2706197505199
29.2856226309661
29.3006255114123
29.3156283918585
29.3306312723047
29.3456341527509
29.3606370331971
29.3756399136433
29.3906427940895
29.4056456745357
29.4206485549818
29.4356514354280
29.4506543158742
29.4656571963204
29.4806600767666
29.4956629572128
29.5106658376590
29.5256687181052
29.5406715985514
29.5556744789976
29.5706773594438
29.5856802398900
29.6006831203361
29.6156860007823
29.6306888812285
29.6456917616747
29.6606946421209
29.6756975225671
29.6907004030133
29.7057032834595
29.7207061639057
29.7357090443519
29.7507119247981
29.7657148052443
29.7807176856904
29.7957205661366
29.8107234465828
29.8257263270290
29.8407292074752
29.8557320879214
29.8707349683676
29.8857378488138
29.9007407292600
29.9157436097062
29.9307464901524
29.9457493705986
29.9607522510447
29.9757551314909
29.9907580119371
30.0057608923833
30.0207637728295
30.0357666532757
30.0507695337219
30.0657724141681
30.0807752946143
30.0957781750605
30.1107810555067
30.1257839359529
30.1407868163990
30.1557896968452
30.1707925772914
30.1857954577376
30.2007983381838
30.2158012186300
30.2308040990762
30.2458069795224
30.2608098599686
30.2758127404148
30.2908156208610
30.3058185013072
30.3208213817533
30.3358242621995
30.3508271426457
30.3658300230919
30.3808329035381
30.3958357839843
30.4108386644305
30.4258415448767
30.4408444253229
30.4558473057691
30.4708501862153
30.4858530666615
30.5008559471076
30.5158588275538
30.5308617080000
30.5458645884462
30.5608674688924
30.5758703493386
30.5908732297848
30.6058761102310
30.6208789906772
30.6358818711234
30.6508847515696
30.6658876320158
30.6808905124619
30.6958933929081
30.7108962733543
30.7258991538005
30.7409020342467
30.7559049146929
30.7709077951391
30.7859106755853
30.8009135560315
30.8159164364777
30.8309193169239
30.8459221973701
30.8609250778162
30.8759279582624
30.8909308387086
30.9059337191548
30.9209365996010
30.9359394800472
30.9509423604934
30.9659452409396
30.9809481213858
30.9959510018320
31.0109538822782
31.0259567627244
31.0409596431705
31.0559625236167
31.0709654040629
31.0859682845091
31.1009711649553
31.1159740454015
31.1309769258477
31.1459798062939
31.1609826867401
31.1759855671863
31.1909884476325
31.2059913280787
31.2209942085248
31.2359970889710
31.2509999694172
31.2660028498634
31.2810057303096
31.2960086107558
31.3110114912020
31.3260143716482
31.3410172520944
31.3560201325406
31.3710230129868
31.3860258934330
31.4010287738791
31.4160316543253
31.4310345347715
31.4460374152177
31.4610402956639
31.4760431761101
31.4910460565563
31.5060489370025
31.5210518174487
31.5360546978949
31.5510575783411
31.5660604587873
31.5810633392334
31.5960662196796
31.6110691001258
31.6260719805720
31.6410748610182
31.6560777414644
31.6710806219106
31.6860835023568
31.7010863828030
31.7160892632492
31.7310921436954
31.7460950241416
31.7610979045877
31.7761007850339
31.7911036654801
31.8061065459263
31.8211094263725
31.8361123068187
31.8511151872649
31.8661180677111
31.8811209481573
31.8961238286035
31.9111267090497
31.9261295894959
31.9411324699420
31.9561353503882
31.9711382308344
31.9861411112806
32.0011439917268
32.0161468721730
32.0311497526192
32.0461526330654
32.0611555135116
32.0761583939578
32.0911612744040
32.1061641548502
32.1211670352963
32.1361699157425
32.1511727961887
32.1661756766349
32.1811785570811
32.1961814375273
32.2111843179735
32.2261871984197
32.2411900788659
32.2561929593121
32.2711958397583
32.2861987202045
32.3012016006506
32.3162044810968
32.3312073615430
32.3462102419892
32.3612131224354
32.3762160028816
32.3912188833278
32.4062217637740
32.4212246442202
32.4362275246664
32.4512304051126
32.4662332855588
32.4812361660049
32.4962390464511
32.5112419268973
32.5262448073435
32.5412476877897
32.5562505682359
32.5712534486821
32.5862563291283
32.6012592095745
32.6162620900207
32.6312649704669
32.6462678509131
32.6612707313592
32.6762736118054
32.6912764922516
32.7062793726978
32.7212822531440
32.7362851335902
32.7512880140364
32.7662908944826
32.7812937749288
32.7962966553750
32.8112995358212
32.8263024162674
32.8413052967135
32.8563081771597
32.8713110576059
32.8863139380521
32.9013168184983
32.9163196989445
32.9313225793907
32.9463254598369
32.9613283402831
32.9763312207293
32.9913341011755
33.0063369816217
33.0213398620679
33.0363427425140
33.0513456229602
33.0663485034064
33.0813513838526
33.0963542642988
33.1113571447450
33.1263600251912
33.1413629056374
33.1563657860836
33.1713686665298
33.1863715469760
33.2013744274221
33.2163773078683
33.2313801883145
33.2463830687607
33.2613859492069
33.2763888296531
33.2913917100993
33.3063945905455
33.3213974709917
33.3364003514379
33.3514032318841
33.3664061123302
33.3814089927764
33.3964118732226
33.4114147536688
33.4264176341150
33.4414205145612
33.4564233950074
33.4714262754536
33.4864291558998
33.5014320363460
33.5164349167922
33.5314377972384
33.5464406776846
33.5614435581307
33.5764464385769
33.5914493190231
33.6064521994693
33.6214550799155
33.6364579603617
33.6514608408079
33.6664637212541
33.6814666017003
33.6964694821465
33.7114723625927
33.7264752430389
33.7414781234850
33.7564810039312
33.7714838843774
33.7864867648236
33.8014896452698
33.8164925257160
33.8314954061622
33.8464982866084
33.8615011670546
33.8765040475008
33.8915069279470
33.9065098083932
33.9215126888393
33.9365155692855
33.9515184497317
33.9665213301779
33.9815242106241
33.9965270910703
34.0115299715165
34.0265328519627
34.0415357324089
34.0565386128551
34.0715414933013
34.0865443737475
34.1015472541937
34.1165501346398
34.1315530150860
34.1465558955322
34.1615587759784
34.1765616564246
34.1915645368708
34.2065674173170
34.2215702977632
34.2365731782094
34.2515760586556
34.2665789391018
34.2815818195479
34.2965846999941
34.3115875804403
34.3265904608865
34.3415933413327
34.3565962217789
34.3715991022251
34.3866019826713
34.4016048631175
34.4166077435637
34.4316106240099
34.4466135044560
34.4616163849022
34.4766192653484
34.4916221457946
34.5066250262408
34.5216279066870
34.5366307871332
34.5516336675794
34.5666365480256
34.5816394284718
34.5966423089180
34.6116451893642
34.6266480698104
34.6416509502565
34.6566538307027
34.6716567111489
34.6866595915951
34.7016624720413
34.7166653524875
34.7316682329337
34.7466711133799
34.7616739938261
34.7766768742723
34.7916797547185
34.8066826351647
34.8216855156108
34.8366883960570
34.8516912765032
34.8666941569494
34.8816970373956
34.8966999178418
34.9117027982880
34.9267056787342
34.9417085591804
34.9567114396266
34.9717143200728
34.9867172005190
35.0017200809651
35.0167229614113
35.0317258418575
35.0467287223037
35.0617316027499
35.0767344831961
35.0917373636423
35.1067402440885
35.1217431245347
35.1367460049809
35.1517488854271
35.1667517658733
35.1817546463194
35.1967575267656
35.2117604072118
35.2267632876580
35.2417661681042
35.2567690485504
35.2717719289966
35.2867748094428
35.3017776898890
35.3167805703352
35.3317834507814
35.3467863312276
35.3617892116737
35.3767920921199
35.3917949725661
35.4067978530123
35.4218007334585
35.4368036139047
35.4518064943509
35.4668093747971
35.4818122552433
35.4968151356895
35.5118180161357
35.5268208965818
35.5418237770280
35.5568266574742
35.5718295379204
35.5868324183666
35.6018352988128
35.6168381792590
35.6318410597052
35.6468439401514
35.6618468205976
35.6768497010438
35.6918525814900
35.7068554619362
35.7218583423823
35.7368612228285
35.7518641032747
35.7668669837209
35.7818698641671
35.7968727446133
35.8118756250595
35.8268785055057
35.8418813859519
35.8568842663981
35.8718871468443
35.8868900272905
35.9018929077366
35.9168957881828
35.9318986686290
35.9469015490752
35.9619044295214
35.9769073099676
35.9919101904138
36.0069130708600
36.0219159513062
36.0369188317524
36.0519217121986
36.0669245926448
36.0819274730909
36.0969303535371
36.1119332339833
36.1269361144295
36.1419389948757
36.1569418753219
36.1719447557681
36.1869476362143
36.2019505166605
36.2169533971067
36.2319562775529
36.2469591579991
36.2619620384452
36.2769649188914
36.2919677993376
36.3069706797838
36.3219735602300
36.3369764406762
36.3519793211224
36.3669822015686
36.3819850820148
36.3969879624610
36.4119908429072
36.4269937233534
36.4419966037995
36.4569994842457
36.4720023646919
36.4870052451381
36.5020081255843
36.5170110060305
36.5320138864767
36.5470167669229
36.5620196473691
36.5770225278153
36.5920254082615
36.6070282887076
36.6220311691538
36.6370340496000
36.6520369300462
36.6670398104924
36.6820426909386
36.6970455713848
36.7120484518310
36.7270513322772
36.7420542127234
36.7570570931696
36.7720599736158
36.7870628540620
36.8020657345081
36.8170686149543
36.8320714954005
36.8470743758467
36.8620772562929
36.8770801367391
36.8920830171853
36.9070858976315
36.9220887780777
36.9370916585239
36.9520945389701
36.9670974194163
36.9821002998624
36.9971031803086
37.0121060607548
37.0271089412010
37.0421118216472
37.0571147020934
37.0721175825396
37.0871204629858
37.1021233434320
37.1171262238782
37.1321291043244
37.1471319847706
37.1621348652167
37.1771377456629
37.1921406261091
37.2071435065553
37.2221463870015
37.2371492674477
37.2521521478939
37.2671550283401
37.2821579087863
37.2971607892325
37.3121636696787
37.3271665501249
37.3421694305710
37.3571723110172
37.3721751914634
37.3871780719096
37.4021809523558
37.4171838328020
37.4321867132482
37.4471895936944
37.4621924741406
37.4771953545868
37.4921982350330
37.5072011154792
37.5222039959253
37.5372068763715
37.5522097568177
37.5672126372639
37.5822155177101
37.5972183981563
37.6122212786025
37.6272241590487
37.6422270394949
37.6572299199411
37.6722328003873
37.6872356808334
37.7022385612796
37.7172414417258
37.7322443221720
37.7472472026182
37.7622500830644
37.7772529635106
37.7922558439568
37.8072587244030
37.8222616048492
37.8372644852954
37.8522673657416
37.8672702461878
37.8822731266339
37.8972760070801
37.9122788875263
37.9272817679725
37.9422846484187
37.9572875288649
37.9722904093111
37.9872932897573
38.0022961702035
38.0172990506497
38.0323019310959
38.0473048115421
38.0623076919882
38.0773105724344
38.0923134528806
38.1073163333268
38.1223192137730
38.1373220942192
38.1523249746654
38.1673278551116
38.1823307355578
38.1973336160040
38.2123364964502
38.2273393768964
38.2423422573425
38.2573451377887
38.2723480182349
38.2873508986811
38.3023537791273
38.3173566595735
38.3323595400197
38.3473624204659
38.3623653009121
38.3773681813583
38.3923710618045
38.4073739422507
38.4223768226968
38.4373797031430
38.4523825835892
38.4673854640354
38.4823883444816
38.4973912249278
38.5123941053740
38.5273969858202
38.5423998662664
38.5574027467126
38.5724056271588
38.5874085076050
38.6024113880511
38.6174142684973
38.6324171489435
38.6474200293897
38.6624229098359
38.6774257902821
38.6924286707283
38.7074315511745
38.7224344316207
38.7374373120669
38.7524401925131
38.7674430729592
38.7824459534054
38.7974488338516
38.8124517142978
38.8274545947440
38.8424574751902
38.8574603556364
38.8724632360826
38.8874661165288
38.9024689969750
38.9174718774212
38.9324747578674
38.9474776383136
38.9624805187597
38.9774833992059
38.9924862796521
39.0074891600983
39.0224920405445
39.0374949209907
39.0524978014369
39.0675006818831
39.0825035623293
39.0975064427755
39.1125093232217
39.1275122036679
39.1425150841140
39.1575179645602
39.1725208450064
39.1875237254526
39.2025266058988
39.2175294863450
39.2325323667912
39.2475352472374
39.2625381276836
39.2775410081298
39.2925438885760
39.3075467690222
39.3225496494683
39.3375525299145
39.3525554103607
39.3675582908069
39.3825611712531
39.3975640516993
39.4125669321455
39.4275698125917
39.4425726930379
39.4575755734841
39.4725784539303
39.4875813343765
39.5025842148226
39.5175870952688
39.5325899757150
39.5475928561612
39.5625957366074
39.5775986170536
39.5926014974998
39.6076043779460
39.6226072583922
39.6376101388384
39.6526130192846
39.6676158997308
39.6826187801769
39.6976216606231
39.7126245410693
39.7276274215155
39.7426303019617
39.7576331824079
39.7726360628541
39.7876389433003
39.8026418237465
39.8176447041927
39.8326475846389
39.8476504650850
39.8626533455312
39.8776562259774
39.8926591064236
39.9076619868698
39.9226648673160
39.9376677477622
39.9526706282084
39.9676735086546
39.9826763891008
39.9976792695470
40.0126821499932
40.0276850304394
40.0426879108855
40.0576907913317
40.0726936717779
40.0876965522241
40.1026994326703
40.1177023131165
40.1327051935627
40.1477080740089
40.1627109544551
40.1777138349013
40.1927167153475
40.2077195957937
40.2227224762398
40.2377253566860
40.2527282371322
40.2677311175784
40.2827339980246
40.2977368784708
40.3127397589170
40.3277426393632
40.3427455198094
40.3577484002556
40.3727512807018
40.3877541611479
40.4027570415941
40.4177599220403
40.4327628024865
40.4477656829327
40.4627685633789
40.4777714438251
40.4927743242713
40.5077772047175
40.5227800851637
40.5377829656099
40.5527858460561
40.5677887265023
40.5827916069484
40.5977944873946
40.6127973678408
40.6278002482870
40.6428031287332
40.6578060091794
40.6728088896256
40.6878117700718
40.7028146505180
40.7178175309642
40.7328204114104
40.7478232918566
40.7628261723027
40.7778290527489
40.7928319331951
40.8078348136413
40.8228376940875
40.8378405745337
40.8528434549799
40.8678463354261
40.8828492158723
40.8978520963185
40.9128549767647
40.9278578572108
40.9428607376570
40.9578636181032
40.9728664985494
40.9878693789956
41.0028722594418
41.0178751398880
41.0328780203342
41.0478809007804
41.0628837812266
41.0778866616728
41.0928895421190
41.1078924225651
41.1228953030113
41.1378981834575
41.1529010639037
41.1679039443499
41.1829068247961
41.1979097052423
41.2129125856885
41.2279154661347
41.2429183465809
41.2579212270271
41.2729241074733
41.2879269879195
41.3029298683656
41.3179327488118
41.3329356292580
41.3479385097042
41.3629413901504
41.3779442705966
41.3929471510428
41.4079500314890
41.4229529119352
41.4379557923814
41.4529586728276
41.4679615532737
41.4829644337199
41.4979673141661
41.5129701946123
41.5279730750585
41.5429759555047
41.5579788359509
41.5729817163971
41.5879845968433
41.6029874772895
41.6179903577357
41.6329932381819
41.6479961186281
41.6629989990742
41.6780018795204
41.6930047599666
41.7080076404128
41.7230105208590
41.7380134013052
41.7530162817514
41.7680191621976
41.7830220426438
41.7980249230900
41.8130278035362
41.8280306839824
41.8430335644285
41.8580364448747
41.8730393253209
41.8880422057671
41.9030450862133
41.9180479666595
41.9330508471057
41.9480537275519
41.9630566079981
41.9780594884443
41.9930623688905
42.0080652493366
42.0230681297828
42.0380710102290
42.0530738906752
42.0680767711214
42.0830796515676
42.0980825320138
42.1130854124600
42.1280882929062
42.1430911733524
42.1580940537986
42.1730969342448
42.1880998146909
42.2031026951371
42.2181055755833
42.2331084560295
42.2481113364757
42.2631142169219
42.2781170973681
42.2931199778143
42.3081228582605
42.3231257387067
42.3381286191529
42.3531314995991
42.3681343800453
42.3831372604914
42.3981401409376
42.4131430213838
42.4281459018300
42.4431487822762
42.4581516627224
42.4731545431686
42.4881574236148
42.5031603040610
42.5181631845072
42.5331660649534
42.5481689453995
42.5631718258457
42.5781747062919
42.5931775867381
42.6081804671843
42.6231833476305
42.6381862280767
42.6531891085229
42.6681919889691
42.6831948694153
42.6981977498615
42.7132006303077
42.7282035107539
42.7432063912000
42.7582092716462
42.7732121520924
42.7882150325386
42.8032179129848
42.8182207934310
42.8332236738772
42.8482265543234
42.8632294347696
42.8782323152158
42.8932351956620
42.9082380761082
42.9232409565543
42.9382438370005
42.9532467174467
42.9682495978929
42.9832524783391
42.9982553587853
43.0132582392315
43.0282611196777
43.0432640001239
43.0582668805701
43.0732697610163
43.0882726414624
43.1032755219086
43.1182784023548
43.1332812828010
43.1482841632472
43.1632870436934
43.1782899241396
43.1932928045858
43.2082956850320
43.2232985654782
43.2383014459244
43.2533043263706
43.2683072068167
43.2833100872629
43.2983129677091
43.3133158481553
43.3283187286015
43.3433216090477
43.3583244894939
43.3733273699401
43.3883302503863
43.4033331308325
43.4183360112787
43.4333388917249
43.4483417721711
43.4633446526172
43.4783475330634
43.4933504135096
43.5083532939558
43.5233561744020
43.5383590548482
43.5533619352944
43.5683648157406
43.5833676961868
43.5983705766330
43.6133734570792
43.6283763375253
43.6433792179715
43.6583820984177
43.6733849788639
43.6883878593101
43.7033907397563
43.7183936202025
43.7333965006487
43.7483993810949
43.7634022615411
43.7784051419873
43.7934080224335
43.8084109028796
43.8234137833258
43.8384166637720
43.8534195442182
43.8684224246644
43.8834253051106
43.8984281855568
43.9134310660030
43.9284339464492
43.9434368268954
43.9584397073416
43.9734425877878
43.9884454682340
44.0034483486801
44.0184512291263
44.0334541095725
44.0484569900187
44.0634598704649
44.0784627509111
44.0934656313573
44.1084685118035
44.1234713922497
44.1384742726959
44.1534771531421
44.1684800335882
44.1834829140344
44.1984857944806
44.2134886749268
44.2284915553730
44.2434944358192
44.2584973162654
44.2735001967116
44.2885030771578
44.3035059576040
44.3185088380502
44.3335117184964
44.3485145989425
44.3635174793887
44.3785203598349
44.3935232402811
44.4085261207273
44.4235290011735
44.4385318816197
44.4535347620659
44.4685376425121
44.4835405229583
44.4985434034045
44.5135462838507
44.5285491642969
44.5435520447430
44.5585549251892
44.5735578056354
44.5885606860816
44.6035635665278
44.6185664469740
44.6335693274202
44.6485722078664
44.6635750883126
44.6785779687588
44.6935808492050
44.7085837296511
44.7235866100973
44.7385894905435
44.7535923709897
44.7685952514359
44.7835981318821
44.7986010123283
44.8136038927745
44.8286067732207
44.8436096536669
44.8586125341131
44.8736154145593
44.8886182950054
44.9036211754516
44.9186240558978
44.9336269363440
44.9486298167902
44.9636326972364
44.9786355776826
44.9936384581288
45.0086413385750
45.0236442190212
45.0386470994674
45.0536499799136
45.0686528603598
45.0836557408059
45.0986586212521
45.1136615016983
45.1286643821445
45.1436672625907
45.1586701430369
45.1736730234831
45.1886759039293
45.2036787843755
45.2186816648217
45.2336845452679
45.2486874257140
45.2636903061602
45.2786931866064
45.2936960670526
45.3086989474988
45.3237018279450
45.3387047083912
45.3537075888374
45.3687104692836
45.3837133497298
45.3987162301760
45.4137191106222
45.4287219910683
45.4437248715145
45.4587277519607
45.4737306324069
45.4887335128531
45.5037363932993
45.5187392737455
45.5337421541917
45.5487450346379
45.5637479150841
45.5787507955303
45.5937536759765
45.6087565564227
45.6237594368688
45.6387623173150
45.6537651977612
45.6687680782074
45.6837709586536
45.6987738390998
45.7137767195460
45.7287795999922
45.7437824804384
45.7587853608846
45.7737882413308
45.7887911217769
45.8037940022231
45.8187968826693
45.8337997631155
45.8488026435617
45.8638055240079
45.8788084044541
45.8938112849003
45.9088141653465
45.9238170457927
45.9388199262389
45.9538228066851
45.9688256871312
45.9838285675774
45.9988314480236
46.0138343284698
46.0288372089160
46.0438400893622
46.0588429698084
46.0738458502546
46.0888487307008
46.1038516111470
46.1188544915932
46.1338573720394
46.1488602524856
46.1638631329317
46.1788660133779
46.1938688938241
46.2088717742703
46.2238746547165
46.2388775351627
46.2538804156089
46.2688832960551
46.2838861765013
46.2988890569475
46.3138919373937
46.3288948178398
46.3438976982860
46.3589005787322
46.3739034591784
46.3889063396246
46.4039092200708
46.4189121005170
46.4339149809632
46.4489178614094
46.4639207418556
46.4789236223018
46.4939265027480
46.5089293831941
46.5239322636403
46.5389351440865
46.5539380245327
46.5689409049789
46.5839437854251
46.5989466658713
46.6139495463175
46.6289524267637
46.6439553072099
46.6589581876561
46.6739610681023
46.6889639485485
46.7039668289946
46.7189697094408
46.7339725898870
46.7489754703332
46.7639783507794
46.7789812312256
46.7939841116718
46.8089869921180
46.8239898725642
46.8389927530104
46.8539956334566
46.8689985139027
46.8840013943489
46.8990042747951
46.9140071552413
46.9290100356875
46.9440129161337
46.9590157965799
46.9740186770261
46.9890215574723
47.0040244379185
47.0190273183647
47.0340301988109
47.0490330792570
47.0640359597032
47.0790388401494
47.0940417205956
47.1090446010418
47.1240474814880
47.1390503619342
47.1540532423804
47.1690561228266
47.1840590032728
47.1990618837190
47.2140647641652
47.2290676446114
47.2440705250575
47.2590734055037
47.2740762859499
47.2890791663961
47.3040820468423
47.3190849272885
47.3340878077347
47.3490906881809
47.3640935686271
47.3790964490733
47.3940993295195
47.4091022099656
47.4241050904118
47.4391079708580
47.4541108513042
47.4691137317504
47.4841166121966
47.4991194926428
47.5141223730890
47.5291252535352
47.5441281339814
47.5591310144276
47.5741338948738
47.5891367753199
47.6041396557661
47.6191425362123
47.6341454166585
47.6491482971047
47.6641511775509
47.6791540579971
47.6941569384433
47.7091598188895
47.7241626993357
47.7391655797819
47.7541684602281
47.7691713406743
47.7841742211204
47.7991771015666
47.8141799820128
47.8291828624590
47.8441857429052
47.8591886233514
47.8741915037976
47.8891943842438
47.9041972646900
47.9192001451362
47.9342030255824
47.9492059060285
47.9642087864747
47.9792116669209
47.9942145473671
48.0092174278133
48.0242203082595
48.0392231887057
48.0542260691519
48.0692289495981
48.0842318300443
48.0992347104905
48.1142375909367
48.1292404713828
48.1442433518290
48.1592462322752
48.1742491127214
48.1892519931676
48.2042548736138
48.2192577540600
48.2342606345062
48.2492635149524
48.2642663953986
48.2792692758448
48.2942721562910
48.3092750367371
48.3242779171833
48.3392807976295
48.3542836780757
48.3692865585219
48.3842894389681
48.3992923194143
48.4142951998605
48.4292980803067
48.4443009607529
48.4593038411991
48.4743067216453
48.4893096020914
48.5043124825376
48.5193153629838
48.5343182434300
48.5493211238762
48.5643240043224
48.5793268847686
48.5943297652148
48.6093326456610
48.6243355261072
48.6393384065534
48.6543412869996
48.6693441674457
48.6843470478919
48.6993499283381
48.7143528087843
48.7293556892305
48.7443585696767
48.7593614501229
48.7743643305691
48.7893672110153
48.8043700914615
48.8193729719077
48.8343758523539
48.8493787328001
48.8643816132462
48.8793844936924
48.8943873741386
48.9093902545848
48.9243931350310
48.9393960154772
48.9543988959234
48.9694017763696
48.9844046568158
48.9994075372620
49.0144104177082
49.0294132981543
49.0444161786005
49.0594190590467
49.0744219394929
49.0894248199391
49.1044277003853
49.1194305808315
49.1344334612777
49.1494363417239
49.1644392221701
49.1794421026163
49.1944449830624
49.2094478635086
49.2244507439548
49.2394536244010
49.2544565048472
49.2694593852934
49.2844622657396
49.2994651461858
49.3144680266320
49.3294709070782
49.3444737875244
49.3594766679706
49.3744795484168
49.3894824288629
49.4044853093091
49.4194881897553
49.4344910702015
49.4494939506477
49.4644968310939
49.4794997115401
49.4945025919863
49.5095054724325
49.5245083528787
49.5395112333249
49.5545141137711
49.5695169942172
49.5845198746634
49.5995227551096
49.6145256355558
49.6295285160020
49.6445313964482
49.6595342768944
49.6745371573406
49.6895400377868
49.7045429182330
49.7195457986792
49.7345486791254
49.7495515595715
49.7645544400177
49.7795573204639
49.7945602009101
49.8095630813563
49.8245659618025
49.8395688422487
49.8545717226949
49.8695746031411
49.8845774835873
49.8995803640335
49.9145832444797
49.9295861249258
49.9445890053720
49.9595918858182
49.9745947662644
49.9895976467106
50.0046005271568
50.0196034076030
50.0346062880492
50.0496091684954
50.0646120489416
50.0796149293878
50.0946178098340
50.1096206902801
50.1246235707263
50.1396264511725
50.1546293316187
50.1696322120649
50.1846350925111
50.1996379729573
50.2146408534035
50.2296437338497
50.2446466142959
50.2596494947421
50.2746523751882
50.2896552556344
50.3046581360806
50.3196610165268
50.3346638969730
50.3496667774192
50.3646696578654
50.3796725383116
50.3946754187578
50.4096782992040
50.4246811796502
50.4396840600964
50.4546869405426
50.4696898209887
50.4846927014349
50.4996955818811
50.5146984623273
50.5297013427735
50.5447042232197
50.5597071036659
50.5747099841121
50.5897128645583
50.6047157450045
50.6197186254507
50.6347215058969
50.6497243863430
50.6647272667892
50.6797301472354
50.6947330276816
50.7097359081278
50.7247387885740
50.7397416690202
50.7547445494664
50.7697474299126
50.7847503103588
50.7997531908050
50.8147560712512
50.8297589516973
50.8447618321435
50.8597647125897
50.8747675930359
50.8897704734821
50.9047733539283
50.9197762343745
50.9347791148207
50.9497819952669
50.9647848757131
50.9797877561593
50.9947906366055
51.0097935170516
51.0247963974978
51.0397992779440
51.0548021583902
51.0698050388364
51.0848079192826
51.0998107997288
51.1148136801750
51.1298165606212
51.1448194410674
51.1598223215136
51.1748252019598
51.1898280824059
51.2048309628521
51.2198338432983
51.2348367237445
51.2498396041907
51.2648424846369
51.2798453650831
51.2948482455293
51.3098511259755
51.3248540064217
51.3398568868679
51.3548597673141
51.3698626477603
51.3848655282064
51.3998684086526
51.4148712890988
51.4298741695450
51.4448770499912
51.4598799304374
51.4748828108836
51.4898856913298
51.5048885717760
51.5198914522222
51.5348943326684
51.5498972131145
51.5649000935607
51.5799029740069
51.5949058544531
51.6099087348993
51.6249116153455
51.6399144957917
51.6549173762379
51.6699202566841
51.6849231371303
51.6999260175765
51.7149288980227
51.7299317784688
51.7449346589150
51.7599375393612
51.7749404198074
51.7899433002536
51.8049461806998
51.8199490611460
51.8349519415922
51.8499548220384
51.8649577024846
51.8799605829308
51.8949634633769
51.9099663438231
51.9249692242693
51.9399721047155
51.9549749851617
51.9699778656079
51.9849807460541
51.9999836265003
52.0149865069465
52.0299893873927
52.0449922678389
52.0599951482851
52.0749980287313
52.0900009091774
52.1050037896236
52.1200066700698
52.1350095505160
52.1500124309622
52.1650153114084
52.1800181918546
52.1950210723008
52.2100239527470
52.2250268331932
52.2400297136394
52.2550325940856
52.2700354745317
52.2850383549779
52.3000412354241
52.3150441158703
52.3300469963165
52.3450498767627
52.3600527572089
52.3750556376551
52.3900585181013
52.4050613985475
52.4200642789937
52.4350671594398
52.4500700398860
52.4650729203322
52.4800758007784
52.4950786812246
52.5100815616708
52.5250844421170
52.5400873225632
52.5550902030094
52.5700930834556
52.5850959639018
52.6000988443480
52.6151017247942
52.6301046052404
52.6451074856865
52.6601103661327
52.6751132465789
52.6901161270251
52.7051190074713
52.7201218879175
52.7351247683637
52.7501276488099
52.7651305292561
52.7801334097023
52.7951362901485
52.8101391705946
52.8251420510408
52.8401449314870
52.8551478119332
52.8701506923794
52.8851535728256
52.9001564532718
52.9151593337180
52.9301622141642
52.9451650946104
52.9601679750566
52.9751708555028
52.9901737359489
53.0051766163951
53.0201794968413
53.0351823772875
53.0501852577337
53.0651881381799
53.0801910186261
53.0951938990723
53.1101967795185
53.1251996599647
53.1402025404109
53.1552054208570
53.1702083013032
53.1852111817494
53.2002140621956
53.2152169426418
53.2302198230880
53.2452227035342
53.2602255839804
53.2752284644266
53.2902313448728
53.3052342253190
53.3202371057652
53.3352399862114
53.3502428666575
53.3652457471037
53.3802486275499
53.3952515079961
53.4102543884423
53.4252572688885
53.4402601493347
53.4552630297809
53.4702659102271
53.4852687906733
53.5002716711195
53.5152745515657
53.5302774320119
53.5452803124580
53.5602831929042
53.5752860733504
53.5902889537966
53.6052918342428
53.6202947146890
53.6352975951352
53.6503004755814
53.6653033560276
53.6803062364738
53.6953091169200
53.7103119973661
53.7253148778123
53.7403177582585
53.7553206387047
53.7703235191509
53.7853263995971
53.8003292800433
53.8153321604895
53.8303350409357
53.8453379213819
53.8603408018281
53.8753436822743
53.8903465627204
53.9053494431666
53.9203523236128
53.9353552040590
53.9503580845052
53.9653609649514
53.9803638453976
53.9953667258438
54.0103696062900
54.0253724867362
54.0403753671824
54.0553782476285
54.0703811280747
54.0853840085209
54.1003868889671
54.1153897694133
54.1303926498595
54.1453955303057
54.1603984107519
54.1754012911981
54.1904041716443
54.2054070520905
54.2204099325367
54.2354128129829
54.2504156934290
54.2654185738752
54.2804214543214
54.2954243347676
54.3104272152138
54.3254300956600
54.3404329761062
54.3554358565524
54.3704387369986
54.3854416174448
54.4004444978910
54.4154473783372
54.4304502587833
54.4454531392295
54.4604560196757
54.4754589001219
54.4904617805681
54.5054646610143
54.5204675414605
54.5354704219067
54.5504733023529
54.5654761827991
54.5804790632453
54.5954819436914
54.6104848241376
54.6254877045838
54.6404905850300
54.6554934654762
54.6704963459224
54.6854992263686
54.7005021068148
54.7155049872610
54.7305078677072
54.7455107481534
54.7605136285996
54.7755165090458
54.7905193894920
54.8055222699381
54.8205251503843
54.8355280308305
54.8505309112767
54.8655337917229
54.8805366721691
54.8955395526153
54.9105424330615
54.9255453135077
54.9405481939539
54.9555510744001
54.9705539548462
54.9855568352924
55.0005597157386
55.0155625961848
55.0305654766310
55.0455683570772
55.0605712375234
55.0755741179696
55.0905769984158
55.1055798788620
55.1205827593082
55.1355856397544
55.1505885202005
55.1655914006467
55.1805942810929
55.1955971615391
55.2106000419853
55.2256029224315
55.2406058028777
55.2556086833239
55.2706115637701
55.2856144442163
55.3006173246625
55.3156202051086
55.3306230855548
55.3456259660010
55.3606288464472
55.3756317268934
55.3906346073396
55.4056374877858
55.4206403682320
55.4356432486782
55.4506461291244
55.4656490095706
55.4806518900168
55.4956547704630
55.5106576509091
55.5256605313553
55.5406634118015
55.5556662922477
55.5706691726939
55.5856720531401
55.6006749335863
55.6156778140325
55.6306806944787
55.6456835749249
55.6606864553711
55.6756893358173
55.6906922162634
55.7056950967096
55.7206979771558
55.7357008576020
55.7507037380482
55.7657066184944
55.7807094989406
55.7957123793868
55.8107152598330
55.8257181402792
55.8407210207254
55.8557239011715
55.8707267816177
55.8857296620639
55.9007325425101
55.9157354229563
55.9307383034025
55.9457411838487
55.9607440642949
55.9757469447411
55.9907498251873
56.0057527056335
56.0207555860797
56.0357584665259
56.0507613469720
56.0657642274182
56.0807671078644
56.0957699883106
56.1107728687568
56.1257757492030
56.1407786296492
56.1557815100954
56.1707843905416
56.1857872709878
56.2007901514340
56.2157930318801
56.2307959123263
56.2457987927725
56.2608016732187
56.2758045536649
56.2908074341111
56.3058103145573
56.3208131950035
56.3358160754497
56.3508189558959
56.3658218363421
56.3808247167883
56.3958275972345
56.4108304776806
56.4258333581268
56.4408362385730
56.4558391190192
56.4708419994654
56.4858448799116
56.5008477603578
56.5158506408040
56.5308535212502
56.5458564016964
56.5608592821426
56.5758621625887
56.5908650430349
56.6058679234811
56.6208708039273
56.6358736843735
56.6508765648197
56.6658794452659
56.6808823257121
56.6958852061583
56.7108880866045
56.7258909670507
56.7408938474969
56.7558967279430
56.7708996083892
56.7859024888354
56.8009053692816
56.8159082497278
56.8309111301740
56.8459140106202
56.8609168910664
56.8759197715126
56.8909226519588
56.9059255324050
56.9209284128512
56.9359312932974
56.9509341737436
56.9659370541897
56.9809399346359
56.9959428150821
57.0109456955283
57.0259485759745
57.0409514564207
57.0559543368669
57.0709572173131
57.0859600977593
57.1009629782055
57.1159658586517
57.1309687390978
57.1459716195440
57.1609744999902
57.1759773804364
57.1909802608826
57.2059831413288
57.2209860217750
57.2359889022212
57.2509917826674
57.2659946631136
57.2809975435598
57.2960004240060
57.3110033044521
57.3260061848983
57.3410090653445
57.3560119457907
57.3710148262369
57.3860177066831
57.4010205871293
57.4160234675755
57.4310263480217
57.4460292284679
57.4610321089141
57.4760349893602
57.4910378698064
57.5060407502526
57.5210436306988
57.5360465111450
57.5510493915912
57.5660522720374
57.5810551524836
57.5960580329298
57.6110609133760
57.6260637938222
57.6410666742684
57.6560695547146
57.6710724351607
57.6860753156069
57.7010781960531
57.7160810764993
57.7310839569455
57.7460868373917
57.7610897178379
57.7760925982841
57.7910954787303
57.8060983591765
57.8211012396227
57.8361041200689
57.8511070005150
57.8661098809612
57.8811127614074
57.8961156418536
57.9111185222998
57.9261214027460
57.9411242831922
57.9561271636384
57.9711300440846
57.9861329245308
58.0011358049770
58.0161386854231
58.0311415658693
58.0461444463155
58.0611473267617
58.0761502072079
58.0911530876541
58.1061559681003
58.1211588485465
58.1361617289927
58.1511646094389
58.1661674898851
58.1811703703313
58.1961732507775
58.2111761312236
58.2261790116698
58.2411818921160
58.2561847725622
58.2711876530084
58.2861905334546
58.3011934139008
58.3161962943470
58.3311991747932
58.3462020552394
58.3612049356856
58.3762078161317
58.3912106965779
58.4062135770241
58.4212164574703
58.4362193379165
58.4512222183627
58.4662250988089
58.4812279792551
58.4962308597013
58.5112337401475
58.5262366205937
58.5412395010399
58.5562423814861
58.5712452619322
58.5862481423784
58.6012510228246
58.6162539032708
58.6312567837170
58.6462596641632
58.6612625446094
58.6762654250556
58.6912683055018
58.7062711859480
58.7212740663942
58.7362769468403
58.7512798272865
58.7662827077327
58.7812855881789
58.7962884686251
58.8112913490713
58.8262942295175
58.8412971099637
58.8562999904099
58.8713028708561
58.8863057513023
58.9013086317485
58.9163115121946
58.9313143926408
58.9463172730870
58.9613201535332
58.9763230339794
58.9913259144256
59.0063287948718
59.0213316753180
59.0363345557642
59.0513374362104
59.0663403166566
59.0813431971028
59.0963460775490
59.1113489579951
59.1263518384413
59.1413547188875
59.1563575993337
59.1713604797799
59.1863633602261
59.2013662406723
59.2163691211185
59.2313720015647
59.2463748820109
59.2613777624571
59.2763806429033
59.2913835233494
59.3063864037956
59.3213892842418
59.3363921646880
59.3513950451342
59.3663979255804
59.3814008060266
59.3964036864728
59.4114065669190
59.4264094473652
59.4414123278114
59.4564152082576
59.4714180887037
59.4864209691499
59.5014238495961
59.5164267300423
59.5314296104885
59.5464324909347
59.5614353713809
59.5764382518271
59.5914411322733
59.6064440127195
59.6214468931657
59.6364497736118
59.6514526540580
59.6664555345042
59.6814584149504
59.6964612953966
59.7114641758428
59.7264670562890
59.7414699367352
59.7564728171814
59.7714756976276
59.7864785780738
59.8014814585200
59.8164843389662
59.8314872194123
59.8464900998585
59.8614929803047
59.8764958607509
59.8914987411971
59.9065016216433
59.9215045020895
59.9365073825357
59.9515102629819
59.9665131434281
59.9815160238743
59.9965189043204
60.0115217847666
60.0265246652128
60.0415275456590
60.0565304261052
60.0715333065514
60.0865361869976
60.1015390674438
60.1165419478900
60.1315448283362
60.1465477087824
60.1615505892286
60.1765534696747
60.1915563501209
60.2065592305671
60.2215621110133
60.2365649914595
60.2515678719057
60.2665707523519
60.2815736327981
60.2965765132443
60.3115793936905
60.3265822741367
60.3415851545829
60.3565880350291
60.3715909154752
60.3865937959214
60.4015966763676
60.4165995568138
60.4316024372600
60.4466053177062
60.4616081981524
60.4766110785986
60.4916139590448
60.5066168394910
60.5216197199372
60.5366226003833
60.5516254808295
60.5666283612757
60.5816312417219
60.5966341221681
60.6116370026143
60.6266398830605
60.6416427635067
60.6566456439529
60.6716485243991
60.6866514048453
60.7016542852915
60.7166571657377
60.7316600461838
60.7466629266300
60.7616658070762
60.7766686875224
60.7916715679686
60.8066744484148
60.8216773288610
60.8366802093072
60.8516830897534
60.8666859701996
60.8816888506458
60.8966917310919
60.9116946115381
60.9266974919843
60.9417003724305
60.9567032528767
60.9717061333229
60.9867090137691
61.0017118942153
61.0167147746615
61.0317176551077
61.0467205355539
61.0617234160001
61.0767262964462
61.0917291768924
61.1067320573386
61.1217349377848
61.1367378182310
61.1517406986772
61.1667435791234
61.1817464595696
61.1967493400158
61.2117522204620
61.2267551009082
61.2417579813544
61.2567608618006
61.2717637422467
61.2867666226929
61.3017695031391
61.3167723835853
61.3317752640315
61.3467781444777
61.3617810249239
61.3767839053701
61.3917867858163
61.4067896662625
61.4217925467087
61.4367954271549
61.4517983076010
61.4668011880472
61.4818040684934
61.4968069489396
61.5118098293858
61.5268127098320
61.5418155902782
61.5568184707244
61.5718213511706
61.5868242316168
61.6018271120630
61.6168299925092
61.6318328729553
61.6468357534015
61.6618386338477
61.6768415142939
61.6918443947401
61.7068472751863
61.7218501556325
61.7368530360787
61.7518559165249
61.7668587969711
61.7818616774173
61.7968645578634
61.8118674383096
61.8268703187558
61.8418731992020
61.8568760796482
61.8718789600944
61.8868818405406
61.9018847209868
61.9168876014330
61.9318904818792
61.9468933623254
61.9618962427716
61.9768991232178
61.9919020036639
62.0069048841101
62.0219077645563
62.0369106450025
62.0519135254487
62.0669164058949
62.0819192863411
62.0969221667873
62.1119250472335
62.1269279276797
62.1419308081259
62.1569336885720
62.1719365690182
62.1869394494644
62.2019423299106
62.2169452103568
62.2319480908030
62.2469509712492
62.2619538516954
62.2769567321416
62.2919596125878
62.3069624930340
62.3219653734802
62.3369682539263
62.3519711343725
62.3669740148187
62.3819768952649
62.3969797757111
62.4119826561573
62.4269855366035
62.4419884170497
62.4569912974959
62.4719941779421
62.4869970583883
62.5019999388345
62.5170028192807
62.5320056997268
62.5470085801730
62.5620114606192
62.5770143410654
62.5920172215116
62.6070201019578
62.6220229824040
62.6370258628502
62.6520287432964
62.6670316237426
62.6820345041888
62.6970373846349
62.7120402650811
62.7270431455273
62.7420460259735
62.7570489064197
62.7720517868659
62.7870546673121
62.8020575477583
62.8170604282045
62.8320633086507
62.8470661890969
62.8620690695431
62.8770719499893
62.8920748304354
62.9070777108816
62.9220805913278
62.9370834717740
62.9520863522202
62.9670892326664
62.9820921131126
62.9970949935588
63.0120978740050
63.0271007544512
63.0421036348974
63.0571065153435
63.0721093957897
63.0871122762359
63.1021151566821
63.1171180371283
63.1321209175745
63.1471237980207
63.1621266784669
63.1771295589131
63.1921324393593
63.2071353198055
63.2221382002517
63.2371410806978
63.2521439611440
63.2671468415902
63.2821497220364
63.2971526024826
63.3121554829288
63.3271583633750
63.3421612438212
63.3571641242674
63.3721670047136
63.3871698851598
63.4021727656060
63.4171756460521
63.4321785264983
63.4471814069445
63.4621842873907
63.4771871678369
63.4921900482831
63.5071929287293
63.5221958091755
63.5371986896217
63.5522015700679
63.5672044505141
63.5822073309603
63.5972102114064
63.6122130918526
63.6272159722988
63.6422188527450
63.6572217331912
63.6722246136374
63.6872274940836
63.7022303745298
63.7172332549760
63.7322361354222
63.7472390158684
63.7622418963146
63.7772447767607
63.7922476572069
63.8072505376531
63.8222534180993
63.8372562985455
63.8522591789917
63.8672620594379
63.8822649398841
63.8972678203303
63.9122707007765
63.9272735812227
63.9422764616689
63.9572793421150
63.9722822225612
63.9872851030074
64.0022879834536
64.0172908638998
64.0322937443460
64.0472966247922
64.0622995052384
64.0773023856846
64.0923052661308
64.1073081465770
64.1223110270232
64.1373139074694
64.1523167879155
64.1673196683617
64.1823225488079
64.1973254292541
64.2123283097003
64.2273311901465
64.2423340705927
64.2573369510389
64.2723398314851
64.2873427119313
64.3023455923775
64.3173484728236
64.3323513532698
64.3473542337160
64.3623571141622
64.3773599946084
64.3923628750546
64.4073657555008
64.4223686359470
64.4373715163932
64.4523743968394
64.4673772772856
64.4823801577318
64.4973830381779
64.5123859186241
64.5273887990703
64.5423916795165
64.5573945599627
64.5723974404089
64.5874003208551
64.6024032013013
64.6174060817475
64.6324089621937
64.6474118426399
64.6624147230861
64.6774176035323
64.6924204839784
64.7074233644246
64.7224262448708
64.7374291253170
64.7524320057632
64.7674348862094
64.7824377666556
64.7974406471018
64.8124435275480
64.8274464079942
64.8424492884404
64.8574521688865
64.8724550493327
64.8874579297789
64.9024608102251
64.9174636906713
64.9324665711175
64.9474694515637
64.9624723320099
64.9774752124561
64.9924780929023
65.0074809733485
65.0224838537947
65.0374867342408
65.0524896146871
65.0674924951332
65.0824953755794
65.0974982560256
65.1125011364718
65.1275040169180
65.1425068973642
65.1575097778104
65.1725126582566
65.1875155387028
65.2025184191489
65.2175212995952
65.2325241800413
65.2475270604875
65.2625299409337
65.2775328213799
65.2925357018261
65.3075385822723
65.3225414627185
65.3375443431647
65.3525472236109
65.3675501040571
65.3825529845033
65.3975558649495
65.4125587453956
65.4275616258418
65.4425645062880
65.4575673867342
65.4725702671804
65.4875731476266
65.5025760280728
65.5175789085190
65.5325817889652
65.5475846694114
65.5625875498576
65.5775904303037
65.5925933107499
65.6075961911961
65.6225990716423
65.6376019520885
65.6526048325347
65.6676077129809
65.6826105934271
65.6976134738733
65.7126163543195
65.7276192347657
65.7426221152118
65.7576249956581
65.7726278761042
65.7876307565504
65.8026336369966
65.8176365174428
65.8326393978890
65.8476422783352
65.8626451587814
65.8776480392276
65.8926509196738
65.9076538001200
65.9226566805662
65.9376595610124
65.9526624414585
65.9676653219047
65.9826682023509
65.9976710827971
66.0126739632433
66.0276768436895
66.0426797241357
66.0576826045819
66.0726854850281
66.0876883654743
66.1026912459205
66.1176941263666
66.1326970068128
66.1476998872590
66.1627027677052
66.1777056481514
66.1927085285976
66.2077114090438
66.2227142894900
66.2377171699362
66.2527200503824
66.2677229308286
66.2827258112748
66.2977286917210
66.3127315721671
66.3277344526133
66.3427373330595
66.3577402135057
66.3727430939519
66.3877459743981
66.4027488548443
66.4177517352905
66.4327546157367
66.4477574961829
66.4627603766291
66.4777632570752
66.4927661375214
66.5077690179676
66.5227718984138
66.5377747788600
66.5527776593062
66.5677805397524
66.5827834201986
66.5977863006448
66.6127891810910
66.6277920615372
66.6427949419834
66.6577978224295
66.6728007028757
66.6878035833219
66.7028064637681
66.7178093442143
66.7328122246605
66.7478151051067
66.7628179855529
66.7778208659991
66.7928237464453
66.8078266268915
66.8228295073377
66.8378323877838
66.8528352682300
66.8678381486762
66.8828410291224
66.8978439095686
66.9128467900148
66.9278496704610
66.9428525509072
66.9578554313534
66.9728583117996
66.9878611922458
67.0028640726920
67.0178669531381
67.0328698335843
67.0478727140305
67.0628755944767
67.0778784749229
67.0928813553691
67.1078842358153
67.1228871162615
67.1378899967077
67.1528928771539
67.1678957576001
67.1828986380463
67.1979015184924
67.2129043989387
67.2279072793848
67.2429101598310
67.2579130402772
67.2729159207234
67.2879188011696
67.3029216816158
67.3179245620620
67.3329274425082
67.3479303229544
67.3629332034005
67.3779360838468
67.3929389642929
67.4079418447391
67.4229447251853
67.4379476056315
67.4529504860777
67.4679533665239
67.4829562469701
67.4979591274163
67.5129620078625
67.5279648883087
67.5429677687549
67.5579706492010
67.5729735296472
67.5879764100934
67.6029792905396
67.6179821709858
67.6329850514320
67.6479879318782
67.6629908123244
67.6779936927706
67.6929965732168
67.7079994536630
67.7230023341092
67.7380052145553
67.7530080950015
67.7680109754477
67.7830138558939
67.7980167363401
67.8130196167863
67.8280224972325
67.8430253776787
67.8580282581249
67.8730311385711
67.8880340190173
67.9030368994634
67.9180397799097
67.9330426603558
67.9480455408020
67.9630484212482
67.9780513016944
67.9930541821406
68.0080570625868
68.0230599430330
68.0380628234792
68.0530657039254
68.0680685843716
68.0830714648178
68.0980743452640
68.1130772257101
68.1280801061563
68.1430829866025
68.1580858670487
68.1730887474949
68.1880916279411
68.2030945083873
68.2180973888335
68.2331002692797
68.2481031497259
68.2631060301721
68.2781089106182
68.2931117910644
68.3081146715106
68.3231175519568
68.3381204324030
68.3531233128492
68.3681261932954
68.3831290737416
68.3981319541878
68.4131348346340
68.4281377150802
68.4431405955264
68.4581434759726
68.4731463564187
68.4881492368649
68.5031521173111
68.5181549977573
68.5331578782035
68.5481607586497
68.5631636390959
68.5781665195421
68.5931693999883
68.6081722804345
68.6231751608807
68.6381780413268
68.6531809217730
68.6681838022192
68.6831866826654
68.6981895631116
68.7131924435578
68.7281953240040
68.7431982044502
68.7582010848964
68.7732039653426
68.7882068457888
68.8032097262350
68.8182126066811
68.8332154871273
68.8482183675735
68.8632212480197
68.8782241284659
68.8932270089121
68.9082298893583
68.9232327698045
68.9382356502507
68.9532385306969
68.9682414111431
68.9832442915893
68.9982471720354
69.0132500524816
69.0282529329278
69.0432558133740
69.0582586938202
69.0732615742664
69.0882644547126
69.1032673351588
69.1182702156050
69.1332730960512
69.1482759764974
69.1632788569436
69.1782817373897
69.1932846178359
69.2082874982821
69.2232903787283
69.2382932591745
69.2532961396207
69.2682990200669
69.2833019005131
69.2983047809593
69.3133076614055
69.3283105418517
69.3433134222979
69.3583163027440
69.3733191831902
69.3883220636364
69.4033249440826
69.4183278245288
69.4333307049750
69.4483335854212
69.4633364658674
69.4783393463136
69.4933422267598
69.5083451072060
69.5233479876521
69.5383508680983
69.5533537485445
69.5683566289907
69.5833595094369
69.5983623898831
69.6133652703293
69.6283681507755
69.6433710312217
69.6583739116679
69.6733767921141
69.6883796725603
69.7033825530065
69.7183854334526
69.7333883138988
69.7483911943450
69.7633940747912
69.7783969552374
69.7933998356836
69.8084027161298
69.8234055965760
69.8384084770222
69.8534113574684
69.8684142379146
69.8834171183607
69.8984199988069
69.9134228792531
69.9284257596993
69.9434286401455
69.9584315205917
69.9734344010379
69.9884372814841
70.0034401619303
70.0184430423765
70.0334459228227
70.0484488032689
70.0634516837150
70.0784545641613
70.0934574446074
70.1084603250536
70.1234632054998
70.1384660859460
70.1534689663922
70.1684718468384
70.1834747272846
70.1984776077308
70.2134804881770
70.2284833686232
70.2434862490694
70.2584891295155
70.2734920099617
70.2884948904079
70.3034977708541
70.3185006513003
70.3335035317465
70.3485064121927
70.3635092926389
70.3785121730851
70.3935150535313
70.4085179339775
70.4235208144237
70.4385236948698
70.4535265753160
70.4685294557622
70.4835323362084
70.4985352166546
70.5135380971008
70.5285409775470
70.5435438579932
70.5585467384394
70.5735496188856
70.5885524993318
70.6035553797780
70.6185582602242
70.6335611406703
70.6485640211165
70.6635669015627
70.6785697820089
70.6935726624551
70.7085755429013
70.7235784233475
70.7385813037937
70.7535841842399
70.7685870646861
70.7835899451323
70.7985928255784
70.8135957060246
70.8285985864708
70.8436014669170
70.8586043473632
70.8736072278094
70.8886101082556
70.9036129887018
70.9186158691480
70.9336187495942
70.9486216300404
70.9636245104866
70.9786273909327
70.9936302713789
71.0086331518251
71.0236360322713
71.0386389127175
71.0536417931637
71.0686446736099
71.0836475540561
71.0986504345023
71.1136533149485
71.1286561953947
71.1436590758409
71.1586619562870
71.1736648367332
71.1886677171794
71.2036705976256
71.2186734780718
71.2336763585180
71.2486792389642
71.2636821194104
71.2786849998566
71.2936878803028
71.3086907607490
71.3236936411952
71.3386965216413
71.3536994020875
71.3687022825337
71.3837051629799
71.3987080434261
71.4137109238723
71.4287138043185
71.4437166847647
71.4587195652109
71.4737224456571
71.4887253261033
71.5037282065495
71.5187310869956
71.5337339674418
71.5487368478880
71.5637397283342
71.5787426087804
71.5937454892266
71.6087483696728
71.6237512501190
71.6387541305652
71.6537570110114
71.6687598914576
71.6837627719037
71.6987656523499
71.7137685327961
71.7287714132423
71.7437742936885
71.7587771741347
71.7737800545809
71.7887829350271
71.8037858154733
71.8187886959195
71.8337915763657
71.8487944568119
71.8637973372581
71.8788002177042
71.8938030981504
71.9088059785966
71.9238088590428
71.9388117394890
71.9538146199352
71.9688175003814
71.9838203808276
71.9988232612738
72.0138261417200
72.0288290221662
72.0438319026123
72.0588347830585
72.0738376635047
72.0888405439509
72.1038434243971
72.1188463048433
72.1338491852895
72.1488520657357
72.1638549461819
72.1788578266281
72.1938607070743
72.2088635875205
72.2238664679666
72.2388693484129
72.2538722288590
72.2688751093052
72.2838779897514
72.2988808701976
72.3138837506438
72.3288866310900
72.3438895115362
72.3588923919824
72.3738952724286
72.3888981528748
72.4039010333210
72.4189039137671
72.4339067942133
72.4489096746595
72.4639125551057
72.4789154355519
72.4939183159981
72.5089211964443
72.5239240768905
72.5389269573367
72.5539298377829
72.5689327182291
72.5839355986753
72.5989384791214
72.6139413595676
72.6289442400138
72.6439471204600
72.6589500009062
72.6739528813524
72.6889557617986
72.7039586422448
72.7189615226910
72.7339644031372
72.7489672835834
72.7639701640296
72.7789730444758
72.7939759249219
72.8089788053681
72.8239816858143
72.8389845662605
72.8539874467067
72.8689903271529
72.8839932075991
72.8989960880453
72.9139989684915
72.9290018489377
72.9440047293839
72.9590076098300
72.9740104902762
72.9890133707224
73.0040162511686
73.0190191316148
73.0340220120610
73.0490248925072
73.0640277729534
73.0790306533996
73.0940335338458
73.1090364142920
73.1240392947382
73.1390421751843
73.1540450556305
73.1690479360767
73.1840508165229
73.1990536969691
73.2140565774153
73.2290594578615
73.2440623383077
73.2590652187539
73.2740680992001
73.2890709796463
73.3040738600924
73.3190767405386
73.3340796209848
73.3490825014310
73.3640853818772
73.3790882623234
73.3940911427696
73.4090940232158
73.4240969036620
73.4390997841082
73.4541026645544
73.4691055450006
73.4841084254468
73.4991113058929
73.5141141863391
73.5291170667853
73.5441199472315
73.5591228276777
73.5741257081239
73.5891285885701
73.6041314690163
73.6191343494625
73.6341372299087
73.6491401103549
73.6641429908011
73.6791458712472
73.6941487516934
73.7091516321396
73.7241545125858
73.7391573930320
73.7541602734782
73.7691631539244
73.7841660343706
73.7991689148168
73.8141717952630
73.8291746757092
73.8441775561553
73.8591804366015
73.8741833170477
73.8891861974939
73.9041890779401
73.9191919583863
73.9341948388325
73.9491977192787
73.9642005997249
73.9792034801711
73.9942063606173
74.0092092410635
74.0242121215097
74.0392150019558
74.0542178824020
74.0692207628482
74.0842236432944
74.0992265237406
74.1142294041868
74.1292322846330
74.1442351650792
74.1592380455254
74.1742409259716
74.1892438064178
74.2042466868639
74.2192495673101
74.2342524477563
74.2492553282025
74.2642582086487
74.2792610890949
74.2942639695411
74.3092668499873
74.3242697304335
74.3392726108797
74.3542754913259
74.3692783717721
74.3842812522182
74.3992841326645
74.4142870131106
74.4292898935568
74.4442927740030
74.4592956544492
74.4742985348954
74.4893014153416
74.5043042957878
74.5193071762340
74.5343100566802
74.5493129371264
74.5643158175726
74.5793186980187
74.5943215784649
74.6093244589111
74.6243273393573
74.6393302198035
74.6543331002497
74.6693359806959
74.6843388611421
74.6993417415883
74.7143446220345
74.7293475024807
74.7443503829269
74.7593532633730
74.7743561438192
74.7893590242654
74.8043619047116
74.8193647851578
74.8343676656040
74.8493705460502
74.8643734264964
74.8793763069426
74.8943791873888
74.9093820678350
74.9243849482812
74.9393878287274
74.9543907091735
74.9693935896197
74.9843964700659
74.9993993505121
75.0144022309583
75.0294051114045
75.0444079918507
75.0594108722969
75.0744137527431
75.0894166331893
75.1044195136355
75.1194223940816
75.1344252745278
75.1494281549740
75.1644310354202
75.1794339158664
75.1944367963126
75.2094396767588
75.2244425572050
75.2394454376512
75.2544483180974
75.2694511985436
75.2844540789898
75.2994569594359
75.3144598398821
75.3294627203283
75.3444656007745
75.3594684812207
75.3744713616669
75.3894742421131
75.4044771225593
75.4194800030055
75.4344828834517
75.4494857638979
75.4644886443440
75.4794915247902
75.4944944052364
75.5094972856826
75.5245001661288
75.5395030465750
75.5545059270212
75.5695088074674
75.5845116879136
75.5995145683598
75.6145174488060
75.6295203292522
75.6445232096984
75.6595260901445
75.6745289705907
75.6895318510369
75.7045347314831
75.7195376119293
75.7345404923755
75.7495433728217
75.7645462532679
75.7795491337141
75.7945520141603
75.8095548946065
75.8245577750527
75.8395606554988
75.8545635359450
75.8695664163912
75.8845692968374
75.8995721772836
75.9145750577298
75.9295779381760
75.9445808186222
75.9595836990684
75.9745865795146
75.9895894599608
76.0045923404069
76.0195952208531
76.0345981012993
76.0496009817455
76.0646038621917
76.0796067426379
76.0946096230841
76.1096125035303
76.1246153839765
76.1396182644227
76.1546211448689
76.1696240253151
76.1846269057613
76.1996297862074
76.2146326666536
76.2296355470998
76.2446384275460
76.2596413079922
76.2746441884384
76.2896470688846
76.3046499493308
76.3196528297770
76.3346557102232
76.3496585906694
76.3646614711155
76.3796643515617
76.3946672320079
76.4096701124541
76.4246729929003
76.4396758733465
76.4546787537927
76.4696816342389
76.4846845146851
76.4996873951313
76.5146902755775
76.5296931560237
76.5446960364698
76.5596989169161
76.5747017973622
76.5897046778084
76.6047075582546
76.6197104387008
76.6347133191470
76.6497161995932
76.6647190800394
76.6797219604856
76.6947248409318
76.7097277213780
76.7247306018242
76.7397334822703
76.7547363627165
76.7697392431627
76.7847421236089
76.7997450040551
76.8147478845013
76.8297507649475
76.8447536453937
76.8597565258399
76.8747594062861
76.8897622867323
76.9047651671785
76.9197680476246
76.9347709280708
76.9497738085170
76.9647766889632
76.9797795694094
76.9947824498556
77.0097853303018
77.0247882107480
77.0397910911942
77.0547939716404
77.0697968520866
77.0847997325328
77.0998026129790
77.1148054934251
77.1298083738713
77.1448112543175
77.1598141347637
77.1748170152099
77.1898198956561
77.2048227761023
77.2198256565485
77.2348285369947
77.2498314174409
77.2648342978871
77.2798371783332
77.2948400587794
77.3098429392256
77.3248458196718
77.3398487001180
77.3548515805642
77.3698544610104
77.3848573414566
77.3998602219028
77.4148631023490
77.4298659827952
77.4448688632414
77.4598717436875
77.4748746241337
77.4898775045799
77.5048803850261
77.5198832654723
77.5348861459185
77.5498890263647
77.5648919068109
77.5798947872571
77.5948976677033
77.6099005481495
77.6249034285956
77.6399063090418
77.6549091894880
77.6699120699342
77.6849149503804
77.6999178308266
77.7149207112728
77.7299235917190
77.7449264721652
77.7599293526114
77.7749322330576
77.7899351135038
77.8049379939500
77.8199408743961
77.8349437548423
77.8499466352885
77.8649495157347
77.8799523961809
77.8949552766271
77.9099581570733
77.9249610375195