-6.89390524618533
-5.48066355200212
-7.60410894678727
-14.8166498394901
-27.1026264751606
-42.1152545611404
-58.4422558270161
-74.2389773863432
-87.5290234352701
-97.4889234300867
-101.621514996512
-96.3704198082063
-81.4739984370931
-59.0830964291600
-31.2756967238306
-2.18697896605861
26.3071869077381
55.6049309866561
83.5532302948031
107.073427057768
125.906793184052
140.185973729831
151.206335356442
162.760607180221
175.025177325431
184.810267648700
191.939835154584
196.135142276222
196.824148338339
195.525703278628
191.815402176393
183.907463645765
172.414316903878
158.793836999193
144.074922058883
130.278479815971
118.043349149645
106.155585901675
94.7213552768103
83.8210018626903
73.5805420960010
65.3977493884026
59.6870406073971
56.3308776740691
55.4274784371251
56.3351308497823
58.4989588450327
61.4544573884884
64.1832213389102
65.4769848461975
63.7753327346261
56.9954579898568
45.0344971639465
29.8530622101421
13.0671117753356
-2.60825772201456
-15.5552156129109
-26.2436995931601
-32.8104976059552
-32.5839315824140
-26.1836296213133
-16.0479788662143
-5.29119086448301
0.457825505261987
-1.69058709285995
-11.3907676968368
-32.0109760629980
-67.6953833209177
-117.506177700243
-177.631839038915
-242.705967848648
-303.099347234591
-353.553756027849
-393.806800432426
-417.353211279668
-416.229926444833
-390.290976389406
-343.612293890256
-282.514122889378
-219.827344639766
-160.844120714367
-102.342307673829
-50.6724459111959
-13.9740424403948
7.44858706958197
14.8732069440728
13.4238947485797
15.6861786900177
23.9469440874912
30.8606765877863
38.3788319145821
48.6136362989811
60.8424036835827
78.4111997983929
99.2094048127466
115.935145485793
129.647177905893
146.177128948436
167.605777618147
198.131051653762
238.167947432160
281.069145623987
324.598562499189
366.905728460216
404.015553977811
434.264780065555
452.856268966601
452.073171314266
431.495563587224
396.212119854522
350.298125061671
301.734978948669
254.417779898970
205.584823242719
159.584056042156
122.817945304312
95.5143183177628
76.6125597751770
62.8940683599036
45.9479731506914
24.4541109309553
3.92482805645718
-16.5909636992828
-38.1777187517574
-59.8678437702865
-83.4896631315618
-107.107483846087
-125.181493362467
-137.757888833872
-147.983365816184
-156.422634744850
-165.006475811069
-174.359869511419
-181.745170705364
-187.401773887399
-192.654233283174
-197.030973194105
-200.683337721213
-203.286207995015
-203.342136233151
-201.280341278318
-198.996764549598
-197.595398416726
-198.782324193540
-203.856013177200
-212.879080032964
-227.205826840509
-248.713498678326
-276.902861741313
-309.695256901366
-344.687638806984
-377.785956212247
-406.251004132777
-429.201976101583
-443.106207038941
-443.546475860365
-429.885930691144
-403.872558705156
-367.850247250984
-327.005797442602
-283.311427717508
-234.745126612777
-183.792425825392
-133.972712959981
-85.7582340498710
-39.6090120803125
5.51640317912631
53.5258486406895
102.389431600342
144.517181222632
175.376948513030
188.912351398208
186.429328240432
180.518276274087
175.197710183392
171.783325827968
170.556146868346
161.706799837786
151.509690930517
160.949115129764
296.621560142762
506.300985083897
505.725889834259
328.841692364293
277.024070195510
372.737229642309
470.677803701277
480.374625882817
407.319731985847
375.410443901779
383.682697952898
352.528806596238
313.958191302951
267.836176621350
213.139272340070
182.894289472067
176.199338113529
168.390004406162
159.228204383549
147.175614742347
127.237252893816
107.722414968335
89.6678241319713
70.0859414237937
50.3654518310146
28.3151519304870
5.06280141601473
-13.8691161943896
-28.3320582806838
-40.4310833417236
-49.9288719778930
-57.9936701215541
-65.1074490004025
-69.6458510881439
-72.3894476224370
-75.2485656939464
-78.4089848461089
-81.9728215502724
-86.3625630203367
-91.3413077186521
-97.1220363859276
-104.427326395858
-113.166174543112
-122.914651974193
-133.818938904992
-146.138825767733
-159.921738459132
-175.361940779000
-192.480493859361
-211.013242548176
-230.954599593026
-252.385543913179
-275.003502531270
-298.309582471003
-321.789411684081
-344.714862363198
-366.061292031082
-384.538772734913
-398.520328167343
-405.976802357311
-404.873995123250
-393.147588820290
-368.202917840188
-327.120319348896
-270.442823808332
-202.324423765246
-126.997868466058
-51.0472007388410
20.4087610803798
85.1745683270123
136.553457847013
165.905780807147
172.547591089142
161.543379456175
138.607767268416
115.056419460071
95.9502111112244
77.9238894831555
66.9646027121903
71.3668986975592
91.0593297421600
123.805040621463
164.116075622914
199.147845018408
226.090820270624
251.927501127834
274.238788510704
290.267285916967
300.854021504638
303.476716519048
301.011467289150
301.956142857621
306.373440120138
309.189724147274
309.887778315583
306.281250867084
297.471475397104
287.355560817096
275.389475213833
258.991933096066
239.096663177501
216.642875226200
192.672351600142
170.059410418629
149.305122571409
128.666576558690
108.161975482283
87.5585399390967
66.7898583541675
47.4416041666080
29.7828177662941
13.4339262136431
-1.21107793675736
-14.1663225728628
-25.2791350273988
-33.9262367595224
-40.2244546922480
-44.7594678605583
-47.8965946383689
-50.2713486951814
-52.1963805867835
-53.4065680080777
-54.0637100943808
-54.3684692213313
-54.6601695516170
-55.8198616251934
-58.4448172423702
-63.0496245308284
-69.9502900257284
-78.8865792275550
-89.7482523949058
-102.346085508106
-116.450254808710
-132.097238303990
-148.887095679271
-166.128600007360
-183.701130986103
-201.806036454324
-220.576972426975
-240.469249912757
-261.324980205556
-282.207450447743
-302.720873001408
-322.459605237096
-340.493412933504
-355.841083977668
-367.076261545407
-372.185598563547
-369.576133705556
-357.918697176440
-335.265539609785
-299.518944460104
-251.353794930346
-194.167624148515
-131.672684129620
-69.6177074678939
-12.4857409163470
37.5098750603747
74.4794015669353
90.9770541920362
86.5700152924352
66.1492384583879
35.1741154721240
4.05728089582576
-22.0821267600338
-45.4412150274865
-59.8207420743740
-56.7744093710861
-36.0853915672711
-0.356735286785660
45.0926863517985
87.9805933481285
125.329956576399
163.691464182951
200.295977681021
231.700246274124
258.226867494856
277.105151487260
290.514691646989
306.076155956861
322.922276917691
334.720116353793
339.652612110489
334.168765883804
317.321417616307
294.540731384434
266.766027681029
233.772559127432
198.308048732418
161.902005607870
128.017900569760
102.773642919058
86.9559740222930
77.1005220673190
71.2821251190360
65.2617286924281
57.4640243546371
51.2275455695926
45.1832466527025
36.6046019947634
25.9864397396542
13.4811832226027
0.744126915324303
-7.72889813833579
-11.5780514153953
-13.8602165571771
-14.7286949303310
-14.7907005127165
-14.7218977302939
-12.9434610135205
-10.1360839608925
-8.40064453440029
-7.77789902705863
-7.99236917645615
-9.16525281197624
-10.6058755977636
-12.4681210908163
-15.9321049727915
-21.1960537885603
-28.2964063680885
-37.6072375251928
-49.1045917386461
-63.0203445152184
-79.8826273663875
-99.6577673333697
-122.003624476254
-146.671784650569
-173.163357324035
-201.037194747235
-230.041019077699
-259.535137228171
-288.678043421181
-316.450736228362
-341.418332523498
-362.043908159429
-376.611647975602
-383.085657195718
-379.230465840553
-362.456439563632
-329.793177636276
-281.655968686286
-222.105263653310
-155.119330495827
-86.8710531242511
-22.2554842107477
36.6362214408487
83.3732164747925
109.582227606793
114.439324846672
102.525653227947
78.9563000172348
54.1033587793998
32.3429409153838
9.98421170084370
-7.87172894482173
-14.0187408131724
-8.34476830692394
8.12999927672812
31.2823902399040
50.5605911317442
64.5990053911137
80.6001721233835
97.9430572689684
116.169584662680
136.145075832013
153.983858442929
170.757444829986
191.405915520615
214.416048174465
235.541009075356
252.392699504811
260.339859641856
258.445492602038
251.217882421525
239.751124271068
225.290232604626
209.680597669105
191.947103291461
174.027965539042
159.846341141257
149.489959313048
141.346071639179
134.004140500974
123.896369994930
110.303980972614
96.0707803690810
80.8654244590525
63.9956763534781
46.1868240731923
27.0956525931105
7.98324355538092
-8.07568705786057
-20.4879309474964
-30.0986466280667
-36.3483725178966
-39.1316785469008
-38.8076580382620
-35.2693119834406
-29.7114717800108
-24.4811783713944
-20.5913943414039
-18.3575420367315
-19.1660262341313
-24.3649577377823
-34.1733114141980
-48.1887676507055
-65.3605770535604
-83.4306849494397
-99.4958729250192
-109.863024808543
-108.659908599122
-87.9641789201395
-52.0293737174511
-17.8346562786060
3.80190938479882
0.226967462956564
-32.0962357698447
-78.5133233637718
-79.6278126580456
16.4640498041948
77.9404851880075
-26.4345136458521
-208.632150704727
-306.316365136286
-295.943626109547
-300.366213725283
-291.834167288342
-282.567304477003
-283.967558165750
-256.398909207009
-199.595612488998
-143.166964881857
-86.5838378699597
-40.4591448408346
-12.9779560926249
3.75878757881438
6.98153081269710
-8.26069516511354
-32.6879366944683
-50.8396239493841
-60.2858694480544
-66.9865311150200
-66.8884255301422
-55.7975659084545
-34.4517777679444
-1.67111398799212
38.2529732205063
74.4031138538516
105.323634636126
136.335199954048
166.244051813508
194.887536921434
222.507022151252
244.961695641668
263.042113871481
280.965397248637
296.533260395009
304.567291228606
301.536761899120
281.505635553838
245.746596852784
204.878136975688
166.526665706445
141.240953245381
127.684278519749
106.805079918872
75.5553181999994
37.2406502094271
-12.5006910618221
-71.0466425830091
-33.0010408484601
155.625725719512
302.612103166751
246.269395925977
90.7365973919311
34.2975437125649
104.340714896920
130.861911761698
129.796011344988
97.5948465231204
43.6035568171506
11.5543438187073
20.2790388862736
16.1095689558408
12.7517659843953
21.0856572333935
28.4065774190701
30.8690335281898
28.4887147890568
20.7817288763184
7.12708618502763
-12.4401129111044
-38.3383109618801
-72.6236121621408
-113.726159832328
-157.317734554566
-203.155141291347
-252.978553734975
-306.291792148899
-363.340563800719
-423.144651781824
-481.952466809906
-537.871357137206
-589.480760265306
-629.551063471526
-646.415228820014
-626.676694448013
-552.060989289595
-429.931605687033
-296.456486116554
-171.536595749487
-76.2860633109943
-24.8395028386341
-2.63706083141859
119.505356783869
389.761592822963
592.526278099045
508.450166968630
239.784135354117
87.0843959981313
92.8795469129701
112.411497938353
112.555537109631
71.9738487875243
-2.22730111929776
-27.1329776303864
7.55171234635026
3.83975978310147
-16.9955849655750
-33.2020720162135
-50.8922727221634
-46.2157172703527
-16.4974322142034
12.8093201632042
44.1880033348810
86.2003207754771
131.878955086611
178.021260480306
219.521669316179
243.654554188223
248.998778463115
243.406331801379
229.779637207131
214.667287504030
201.120744755328
183.435132901778
164.247098569998
149.182628479194
137.705422605455
129.474820168526
122.201531050651
108.823813283908
89.2768562781875
69.6195868129493
50.8947004322466
34.8694611098428
22.7534121355150
11.0104475479711
-0.0736045954013707
-8.29779318010583
-14.5949307125897
-19.6809685963733
-24.6535921023436
-32.4295946771423
-43.0388004775050
-53.9068210812685
-63.9491136442588
-71.2963399120385
-74.8736140076545
-75.9483359610022
-73.6922475942071
-66.5002100053471
-55.2056876517122
-41.4896499725029
-27.6476968244914
-17.8174762685968
-14.3287870780874
-17.6271006166609
-30.5380318267455
-56.3592515939944
-94.7665850539461
-143.084392792449
-197.681622147737
-251.963767476575
-302.232259767990
-348.317032812332
-385.490187638173
-407.794544721655
-414.294194869500
-406.410729844142
-386.923508965297
-362.740388957927
-335.328433649301
-300.183697935330
-258.763924491476
-213.238731572691
-163.975310184431
-113.981968868956
-63.4885220909961
-9.89369406330027
43.9804865553250
91.9400933168196
129.648633840243
151.025166137301
155.007590904701
147.842511411885
132.798384592555
114.576380040949
97.7134041008584
82.5056061144543
74.6831126789206
83.1093315821825
108.159712085179
144.992012288486
188.703992778921
229.007489372510
262.302546674661
293.789844110756
319.969905116496
335.708355838339
341.583754849265
337.560898600359
327.281653671468
320.202390274816
317.642529209197
314.378359727039
311.302454822355
308.691748532665
305.598856217967
304.402072066681
303.149945477833
296.392054273375
283.838538939075
267.466373020972
247.015926464286
223.541839791356
197.648337393918
167.997773391495
135.894715818874
104.140660670048
73.4436384617959
44.1015959605613
17.1961698442144
-6.76710244407835
-27.5494456997267
-44.8935011737966
-59.5488559022624
-73.1980601416373
-86.2735506604949
-98.2711125072796
-109.837261597589
-121.675142063240
-133.640248671269
-145.442327298733
-156.156567425118
-163.874198478561
-168.140739097793
-169.813715857243
-168.532711315489
-163.972859440942
-156.943163913728
-148.534759083691
-140.717273054443
-136.743398359030
-138.591142084433
-147.166978636957
-164.923916969844
-194.578681245231
-235.451333356685
-284.116931599134
-336.408347800410
-385.441187994907
-426.818386236548
-459.520204334964
-478.070281619099
-475.634958268329
-451.438848323842
-408.274340227153
-350.235142334199
-286.199737876006
-221.313480576328
-156.134387953840
-98.7629788315827
-60.1438737255932
-38.1019687895106
-20.8488692872925
0.864020279295831
41.5438795421059
90.7815996429039
106.013861631144
102.213500874310
136.874394235311
274.297399689920
463.079716790993
461.889416974176
311.159233754700
283.511949069251
394.212756455215
503.188029436359
521.423519968877
449.729213450251
414.566760862692
418.282509302905
394.079088431284
371.237363778357
336.245855300494
284.367247729194
245.013766132781
215.477746601379
180.052271482307
142.676786985474
105.114871260314
65.0307181567417
26.1157966968818
-10.0749142743911
-43.5718037011651
-73.4523977118435
-100.643163584400
-124.819190339853
-144.451451963124
-159.509412672116
-170.062756845964
-176.064702939442
-178.170304861089
-177.813192877759
-177.364419649594
-181.992361749289
-200.122784193642
-232.657423274399
-273.407295328606
-291.083910833473
-220.711713902117
-58.0640732062828
109.226102342651
25.6542376017984
-283.012391731284
-404.035383598791
-174.629254134040
65.3578160938216
37.6856090589220
-156.774090783353
-275.141741886128
-262.593738767827
-251.571459952205
-187.701335314961
-159.771049184671
-227.912242797424
-374.734102204434
-386.103889376956
-270.336869554188
-150.991224698301
-97.1962827127796
-115.311438489441
-103.685990738141
-54.6625758672932
-17.3194421560708
28.6943201318625
56.1181000261777
61.8483941724005
79.8663076904103
104.115587264579
116.674058396212
121.836755706812
120.394108763023
109.617259504896
93.7799899426760
74.5764354955808
52.1896803625538
30.1836977029817
12.4728944023348
4.38244565647629
13.8755940989588
41.5004994034609
80.3961962685635
125.729504244578
169.178747421194
208.540268989015
251.769313275379
297.236699659415
340.179921391709
369.366542923805
358.130743414919
328.961512801754
352.570624478716
447.138277287145
553.518635082686
469.412355862848
253.004665343257
169.052558788984
228.064982825671
274.130909572704
223.526464917239
96.6890623513523
0.714132168491069
-36.3032047177319
-64.3578593520628
-56.3971175766776
-49.3262549176575
-53.4741337244547
-42.7642318788826
-27.8577530417185
-20.2963026427900
-18.0645565386053
-25.2794468814109
-44.1555885363572
-72.1634278952856
-103.990490705093
-128.785541289198
-143.866187526127
-154.792136686577
-159.220787831494
-154.437634769110
-142.018539387565
-122.060361408112
-99.1996172247272
-83.5959246558876
-77.9596575107407
-79.7700125516431
-91.8423453522041
-116.277662328804
-152.390837483497
-200.253476611448
-255.893506583109
-310.883307986274
-358.272462822200
-390.509979261091
-404.830499626418
-406.398598649046
-392.279571943112
-355.154515868027
-302.717652180065
-251.340057151343
-203.032264249840
-152.541587401393
-105.560220933789
-68.2314557818714
-40.6218658041120
-23.1458289073995
-12.6754408869305
-0.253205468375374
14.5698056234915
24.9620469304963
30.6619385454170
30.8800188737208
24.9735441519228
17.6428984352771
9.06153842934788
-3.29406248346181
-16.6497519507406
-26.7223903210753
-29.5135727933617
-18.4425030550997
7.30942116484515
41.9167080508373
82.3943585764434
123.894292741356
162.862969281942
200.761424727227
233.569010637292
254.728712553570
264.032466650761
263.878130144687
257.418894466404
252.191763159836
249.981406374929
246.058709513388
241.864688974572
239.468822509613
238.200723556412
239.286521008331
240.831405176208
237.339278326366
228.630321291463
217.928087097817
205.450236765264
192.392595004931
179.541694007303
164.978491303866
149.595685201044
135.817741467819
123.760814130567
113.327187092751
104.771478790663
97.3944616930493
90.9033569713412
85.4730437251063
80.1254396485541
73.2983226926894
63.9796418064508
51.1472549507664
33.2771587256985
8.79721756007904
-21.9810656684754
-56.8301046520794
-93.2588215501601
-127.307842086957
-156.322738332083
-179.678404787822
-194.062320587930
-195.232077311201
-183.602657530128
-162.814777888176
-137.254826756267
-114.807642134791
-99.7277839253473
-91.5699730592923
-95.4807829411281
-118.045824923695
-158.625563212465
-212.693682207084
-273.752641112613
-329.396814793720
-373.865278837776
-408.950208749189
-427.797880089764
-421.861570721490
-391.371564348310
-339.906920395508
-274.536480356316
-210.195174969468
-152.150112912313
-95.8320103184411
-47.2886209084134
-13.8625776223975
4.55476761945892
8.40919996302729
3.16936616583785
2.26512936452358
8.14867615588059
13.8918629742997
21.7763301469109
33.8580766921058
49.3886335891735
71.5030624444143
97.5693140087946
119.522634851878
137.775762873060
157.618528677799
180.171766369510
208.467149403650
242.833809956300
277.517310486689
311.195722911993
343.675331706510
371.802260045552
393.487420307780
404.877012696894
399.574854775608
377.225068771598
342.645199819173
299.185307212250
253.019723970227
207.716335004900
161.643178819363
118.891601414274
85.5590270089319
62.0102209901503
46.7230455803493
36.8108225654275
24.9625743290384
9.74507046189307
-4.12739817497498
-17.8522580077884
-33.0621738763653
-49.0139068987291
-66.9831318408276
-85.1303252893970
-98.2197828078834
-106.234716554796
-112.437570668272
-117.345929584402
-122.564081692787
-128.690125368943
-133.106665182341
-135.991951814146
-138.656308304577
-140.489096752981
-141.262108894185
-140.377813587280
-136.055457035275
-128.729199845807
-120.756373927163
-113.619333980356
-109.558365404681
-110.312466650304
-116.065831766282
-128.720486881215
-150.907220164480
-182.111502434668
-219.705083403669
-260.675520351856
-299.786785364610
-333.737346665526
-361.862277357088
-379.973859864900
-382.785711299486
-369.659104659446
-342.642730078203
-304.690946300293
-262.349390696793
-217.855778924914
-168.331522026178
-116.390923700001
-65.6793666359802
-17.0014077674176
27.8199707027284
69.0853560004002
110.210387795569
149.201348839992
179.798920465397
198.785774867910
201.913576053831
188.515964673281
164.541980392132
133.028126616361
97.5867477427555
63.0673495942249
31.7932093539640
10.1876668350079
7.76221786703684
25.4243733133620
57.5409599156686
99.2332242977525
140.607417308517
177.618367793871
215.033333561273
248.596282966176
271.777919403907
284.692304569679
287.644729608836
284.102420799216
283.606793901788
286.929383554369
287.143221228268
284.163584741973
277.369373086835
265.661206960953
252.853471078348
238.028845982087
217.076278308558
191.197216466220
163.194105368477
134.852110127520
110.090435190735
89.8520321980138
71.1740593003753
53.8729338682353
37.7111818247134
22.2302444586966
9.30445609592431
-1.18995069971026
-10.6182497065511
-18.8036732320259
-25.7631814709261
-31.5072464478704
-35.2342096426465
-37.5624298713235
-40.3896801458520
-44.9328677909349
-52.7800383556534
-64.2361085460901
-77.4834380971490
-91.5206836488513
-104.962050164695
-116.644089108307
-126.816830048981
-134.148095490665
-136.490826648398
-134.286397748036
-129.546743959175
-124.501664547238
-123.143263087553
-127.537034264125
-137.269407381319
-154.659752684868
-182.634354926541
-220.269758072637
-264.460402196864
-310.955510482423
-352.313694771681
-384.232496661646
-406.024047444695
-412.339032592654
-396.674158219461
-359.058259164793
-303.481113704564
-235.554514398782
-166.178323591926
-100.438041920785
-36.5255976547496
19.3252746348297
59.1032924570228
82.1844747269682
90.2325753098056
87.8331996703769
86.1781840521685
87.5212024137359
85.2278053074628
81.3687209911241
78.5319645588089
76.1918942069852
77.1343089937334
79.4343947343651
76.2793090105570
68.8110249822579
63.1123611591781
61.4671940555293
68.0492443812190
83.9478758768739
103.817465448178
126.600552581858
151.957875138075
177.373687595824
202.311561077140
223.732123737399
236.018041174853
238.691199133485
234.803983484662
226.318103066780
217.643535720797
210.161211043983
200.432016397152
189.476904441293
179.330812344106
169.559722909117
160.719732967980
151.644055393235
138.658907800674
121.782756405845
103.659708824101
84.7347141153393
66.0820945317356
48.4959353750956
30.7372296822105
13.5527405127649
-1.25826617066994
-13.3928369389513
-22.4991693686832
-28.1058531281307
-30.4214714822541
-29.5455976171448
-25.5794799062811
-19.3513005352441
-12.1701641429701
-5.02286843080791
1.19926644207634
4.99508663532915
4.63805983642521
-0.193545843906945
-8.53849417276564
-19.3545232637372
-30.5786448736649
-41.3758275474715
-52.6687879553894
-63.5029151781690
-72.4448842893199
-79.7776188954451
-86.2168909432415
-93.1573626509623
-103.504255360470
-118.121682780282
-135.894650983529
-157.611731805687
-184.119320485111
-214.502571752501
-247.393199466037
-280.223866229417
-308.547199188106
-329.538064549426
-341.714814672523
-341.270161272075
-323.805353946103
-290.086928796913
-245.168369205719
-194.840990291355
-148.767991212261
-109.015820272172
-68.1398926379304
-24.5993240691599
24.2767707748627
72.3646675373644
97.9725382703012
93.6810662512223
59.1477143095784
13.4677324232130
10.9278994312332
90.4614410522945
215.620198156558
212.717978667329
121.767059045577
130.721863074788
196.889023170412
223.904473419786
243.773834469213
246.131887888682
249.541458735958
272.612663718826
278.209127910897
280.720143640916
286.091485885310
289.182807208496
287.699846004923
280.832116813165
265.975837117581
242.839798350440
214.392343493213
182.036512178447
147.592890722288
112.824707198500
77.5499659739488
43.7170698780289
14.4809205276094
-9.64344302305199
-29.2971637003596
-45.2332936163988
-59.8964198368764
-73.5236032960430
-83.7397889875080
-90.6244722503614
-94.5526368623381
-95.3690224406834
-94.3016087505768
-91.4488710871628
-85.9255459228999
-78.8255115950692
-72.2488577531731
-67.9155189240403
-68.3605446028465
-74.0317199186570
-82.6531417435478
-93.0488006453876
-103.367014018713
-112.180405773872
-120.004659349446
-125.163142169673
-124.907687677018
-119.717048102760
-111.879243504694
-103.970920953721
-100.765185782363
-104.492417896238
-114.214857300937
-132.335274213124
-161.898392020008
-201.805229403034
-248.954332263252
-298.744763640786
-342.989474745200
-377.141300631614
-400.563034717190
-407.622857959647
-391.596989662537
-352.460141711558
-294.112559961057
-222.331675435872
-148.462874352544
-77.7018458558328
-8.11670871909374
53.8722596215487
100.050174493066
129.599082038302
143.800050633728
146.988743705779
150.205170966162
155.216125526173
154.680220499280
149.997728230823
142.931609716320
132.961245395770
123.877236165505
114.581669009763
99.5262959829433
80.8998805118600
65.1389183611406
55.8931905421704
59.1954681719863
76.2518647751784
100.620299738589
130.055889142153
161.849715849413
192.479946016564
222.239868104386
246.954008906964
259.413599812565
259.180919646758
249.639848794174
233.807820199935
218.633688322224
206.006627066078
191.102268914969
175.368435312054
161.282157028140
148.254986943103
137.435732156685
127.165374279548
112.225771641265
92.6922694149117
72.1760360995309
51.2925314855459
31.6420962290283
14.1756069335825
-3.17981886810026
-19.6755777785876
-33.2061164734151
-43.7556429425302
-51.1581642984138
-55.2781154675940
-57.0472228408052
-56.6715689949597
-53.8419653939421
-49.2752645270839
-43.9922210043584
-38.8775248460928
-35.2142655140040
-34.4513874294560
-38.1050511078691
-46.3339784066076
-57.6825163726368
-70.7049843715688
-82.9950133274679
-93.0864910828574
-101.157417966795
-105.397907433646
-103.298802427838
-95.3541098506776
-83.8835835836164
-71.7596537647931
-64.1345372544114
-63.6253053096909
-69.7577412716184
-85.5394838470389
-114.721209799589
-156.300291854220
-206.627200321925
-260.582399365674
-309.056620531288
-347.025172181768
-374.106099139874
-384.111459396873
-369.510807573945
-330.273438587696
-270.551797189466
-196.620616788100
-120.983914515728
-49.0958624552172
21.6363206513441
84.5809599714795
131.266643955372
161.158791946508
175.727671507513
180.006368114936
186.389734762166
197.187334410836
205.011273389327
211.891788798560
220.204087621956
228.839014778447
240.144491231888
251.103841414839
253.157267702768
246.367549836971
236.112974756658
223.329450048441
210.799804161006
199.808848604475
186.585002062498
172.020937311626
159.031665783731
147.302509377072
137.004059514592
127.994752795746
118.327027809692
108.030959518822
98.6512747184162
90.1735752924427
82.6628362877688
76.0530671399253
69.0439284007043
61.0299261042420
51.6886994854965
40.7538836551081
28.8372896637684
16.3414357601236
3.69701103909371
-8.76893007234415
-21.3241573819841
-33.6441320643792
-45.1063318207819
-55.5986279163295
-65.0520811838358
-73.5096529254334
-81.3976929527985
-88.4515899016260
-93.7412339096429
-96.7707511737829
-96.9278151502036
-94.1951395305110
-89.6225248922849
-83.8589368962333
-77.7076515333894
-72.0592987999077
-67.3019189287857
-64.5589561475313
-65.4350400497655
-70.0175738797582
-77.2614832477829
-86.1551642535601
-94.7368317676907
-102.069945625898
-108.718481063671
-113.598833904739
-115.185897432486
-113.776597114329
-110.418212035257
-106.723318607051
-105.814758324291
-109.015245925610
-115.742580250172
-127.483002162857
-146.013514567716
-170.514956651710
-198.849618383861
-227.852027115764
-252.034751813573
-268.263745284532
-275.931755115710
-271.171649351124
-249.390811560751
-210.981689108306
-159.576918344538
-100.075532657995
-41.4400771140646
11.5471352327433
59.1822079221517
95.4986893431818
112.959137660979
111.460843770622
94.6320160468896
68.2311115509591
44.1874282434458
26.9588840986482
12.7174651726329
6.56689485619557
15.0391288179544
37.9099962380035
74.2099282191657
119.056610517981
160.786711950727
197.033748674560
233.673974122332
268.540376431893
299.526432881063
326.788497012099
346.841521027229
361.089432044534
375.445490364263
388.576339390547
395.106032900862
392.903162383353
378.012020135970
349.717483340323
313.341451805454
270.427189519410
222.177622024352
171.755093551241
120.498123074151
72.3982415190877
34.0080476583633
6.34664282278553
-13.5782046372275
-27.6941139136476
-40.6942407869408
-53.8921232681967
-63.2249336800426
-69.7618381199074
-75.8186193420096
-81.0525903598839
-86.3993557906037
-90.9679099035404
-91.1842497930818
-87.8945196732284
-85.1581619248238
-84.7660968652233
-89.4942570519816
-100.043417915613
-112.873297766065
-126.874954665448
-141.070092493753
-153.587452020655
-164.289710175994
-170.949850532507
-169.656485797198
-160.782780043604
-147.680695507079
-133.347817005668
-123.216853428919
-120.065004606502
-122.696280978138
-134.086549876756
-158.272791328126
-194.376464843918
-239.354652481575
-288.594905923847
-333.396969427569
-369.452881657416
-397.147441280094
-411.239000963339
-405.416287033473
-379.503110095900
-336.092098654754
-280.018284782009
-221.522076103353
-164.403970448202
-105.652447456751
-49.8320100749938
-2.68387613437040
35.1564591384104
63.1152609536699
83.8407215304771
105.297983980500
127.529938633779
143.724788149759
153.187783963786
154.730486074877
147.614582197178
136.460343880892
121.683367077796
101.414576552369
78.6013986607424
57.3252329125448
41.8645881447353
39.1238346550291
50.2014075421556
69.8209642831562
95.3519366705906
122.139776336037
147.329389131311
173.417913640981
197.345484615624
213.736010833920
222.488912380216
224.786823478973
222.841450951082
222.707395048481
224.953821973428
224.546105469872
221.317937841906
215.089925981212
205.051212744841
193.692077288609
180.483876086500
162.717531095631
141.282424815434
118.204357356819
94.8392867338233
74.0085916984964
56.5306608683120
40.5825285733714
26.2363648787930
13.5297277245604
2.48131479282490
-5.16835047151858
-9.04386604430296
-9.54553275736737
-6.65180626487889
-1.21633694460263
5.98448561806555
14.3556694561932
22.5193934324201
28.7440591375824
30.9590845179349
26.4553646390199
15.0695427836116
-0.619918510582380
-18.4954621302236
-35.0310940643200
-48.0161279644595
-57.8693187206303
-61.9695977698825
-56.5792542308624
-42.3403957784273
-22.3983453804233
-0.687428717422517
15.5735356532741
22.8076146478608
21.8189177055603
8.47889916062886
-22.3683518826319
-69.8673031589362
-130.195616418163
-197.497992570718
-260.769427325262
-314.611290965225
-359.725147875694
-389.524438162588
-395.988052647440
-378.843115919409
-341.155845945903
-288.864231235270
-234.757813686009
-183.250596666930
-129.986175456345
-80.1240306389728
-40.1432848890494
-10.3537908858428
8.66829315119595
20.6194963319566
35.8458371611456
54.9059435765761
70.1452705236010
81.3474974539631
87.6184939922073
88.0255351144760
87.4335286455120
85.5004542147502
78.6393745365656
69.3162517470054
61.8371584931724
59.8432075521014
69.7194914884246
92.1968481353301
121.248946817908
154.078333600249
186.364584379371
214.669487069150
240.333098169989
259.560849912951
266.023652330123
259.718305353826
243.430548009315
220.536755363938
198.662104528019
180.090085371970
160.880696810200
143.174057968656
129.900237064506
120.583749276618
115.777423000529
113.150163011177
106.474345905070
94.9727833612765
81.8495842907162
66.5080582365115
48.9222831723823
29.8855895165053
8.26452671237142
-14.2175051232961
-33.4928051215360
-48.8282165666613
-61.0392102154106
-69.2699041789112
-73.3758474912928
-73.6555468167538
-69.8277286809125
-63.3313203127516
-57.0681007497268
-52.1464484074539
-48.6940497760204
-48.2552751413166
-52.3164454521803
-60.8644019041235
-73.0911300099663
-87.3056844790473
-100.211306330785
-110.460778683011
-118.706172492468
-123.309918397450
-122.273627934927
-116.135214301567
-106.558116320295
-96.2668988602661
-90.3088428252883
-91.0043983283577
-97.8485043387133
-113.529437812112
-141.216670230566
-179.924432167809
-226.423950801721
-275.935968513261
-320.002831304118
-353.948825874157
-377.253015091793
-384.127096005332
-367.599435505600
-327.788764160890
-268.954371833991
-197.333025714326
-125.046302927500
-57.6872906217826
6.71072372698461
61.3030764050230
97.3785508901827
114.350005522072
114.180824397996
102.132218219133
90.7929659388236
82.9326896018661
71.5719878399617
59.3927081696806
49.7071169737513
42.0774367721112
39.3726709187911
39.3034657305911
33.9960300046772
24.5394565554561
17.8216752202677
16.1310874321986
23.6937695282046
41.7928488122577
64.8102477894582
91.9535474003209
123.573817944295
157.144801364217
191.798508740100
224.401519444578
249.019722729714
264.781221179676
274.438756842726
279.244281513549
282.578465081790
285.001483879877
282.276956501067
274.328772057765
262.015796108011
244.827364195176
224.342989011612
200.515992656548
171.602116558285
138.887221052185
105.192399633829
72.6431590979916
44.5547357874018
22.0546900248115
3.18035779561188
-12.3324274312652
-25.1159248935932
-35.3988149886101
-41.1129049042197
-42.2484272657721
-39.7756375212993
-33.7401299308822
-25.0223406724818
-14.2212506283834
-1.29830628571448
12.1500180742003
23.3664319579048
29.8010605623876
28.1353819030387
17.8517323602796
1.96940212600692
-17.4764678970968
-37.1833981588833
-54.8926607689086
-71.2275030356691
-83.4863310924878
-87.5409582920359
-83.8274059569905
-75.2284006363126
-65.2522247180082
-60.6801176456238
-64.3763802967291
-74.5159166408436
-94.1587375554545
-127.205720003092
-172.519877791246
-227.166896103361
-285.977976075401
-339.174112605634
-382.108639614225
-415.193035094373
-432.799266816948
-428.363637834642
-401.883767877495
-356.328235518802
-297.322080196318
-236.458058124521
-178.359221994625
-120.364996227613
-68.1354342690458
-28.6841031418664
-2.56883011571651
10.7335152140662
15.2362560473886
21.3383651041274
30.4188655734144
35.5699071330029
37.7485847243697
37.8925178404362
35.3421459735049
33.8012812816868
32.2056561969478
25.5263911043971
15.6315009401022
7.82193515403757
5.17848996542402
13.0548741532270
32.5003361432461
58.0121419887300
87.8195475848784
119.763486878823
151.076142721163
182.385614681848
210.522604310022
229.792447955952
239.819420547051
242.936056501711
241.224595091666
239.844770951453
239.879284220447
237.180109468381
232.339475274622
226.588602754968
219.401833951693
212.226812575886
204.249793623479
192.255182731586
176.788648801790
160.502634009345
144.458403382515
130.735360556379
120.062267289198
110.445208191913
101.889987820299
94.7983766040553
88.7808006774883
84.4812993043513
81.5901480503097
78.8512023630115
76.1204337120555
73.5424129419678
70.9068570638085
68.3891704590395
65.3791468617670
60.2683182535555
51.9596371342643
39.2205153956791
21.9671540515510
1.96084343228986
-19.5030812508370
-40.6099712534803
-59.7697332151624
-76.5652298810378
-88.9962044686321
-94.2353003238129
-92.5962724322587
-86.6851540810452
-79.2782935194068
-75.2766030350664
-77.3770551542983
-85.1931211372341
-101.884480068171
-131.563888490315
-173.386974010195
-223.690149789827
-277.540964436414
-326.024986563309
-364.412748467428
-392.860216626240
-405.634162546423
-395.668693253319
-363.171044565856
-312.144577622062
-248.800586247807
-185.462039552453
-127.491313358817
-72.4917103789873
-26.9315658951177
1.05250649550122
11.2286022663567
5.60302829087213
-10.2570831065601
-23.4371240220926
-30.7457503608978
-38.4169465851612
-43.1796245547860
-41.1681388717882
-32.7390643718898
-15.6666204773468
7.18118612851109
27.0568763812064
44.2505958697343
65.2537755188895
91.2343441254653
124.897081509066
166.614390768435
210.065472657581
253.688862168792
297.426931383521
337.431161982063
370.471203485352
391.620509097403
393.005415957245
373.901720200937
340.129436058723
295.558775593250
247.319694471185
199.518758796790
149.899440653216
103.153376837075
66.4826797630230
40.3424473671992
23.1749941117404
11.8317795776919
-2.01641846458153
-19.5886687091174
-34.7576940098014
-48.2075909013396
-60.9362114136840
-71.8594492540624
-83.0305738235612
-92.6823057072413
-95.4332633831070
-91.6150975170182
-84.6103898746833
-75.4215970011667
-66.6108369505369
-59.1584384192596
-50.4967270501428
-41.1418320525399
-32.5779954854109
-24.8383189893915
-19.0466190332774
-15.6006077630573
-13.7640224124482
-13.9326063855816
-16.8098063532493
-22.4948320724563
-31.2626588121378
-43.0588327279569
-57.2195759770542
-73.2834502000322
-90.6954750256340
-109.172371162538
-129.044483423878
-150.356104040123
-173.207458476848
-197.340469707277
-221.747652569769
-245.868648275414
-269.208394282239
-290.729865707859
-309.309177884838
-323.461835208075
-331.167965582389
-330.764419031808
-320.827116268216
-299.374806466068
-264.286909284715
-216.163835739585
-158.303974044945
-94.3085162842614
-29.7719165093642
30.8683674516310
85.3249083341401
127.699457857753
150.516810794227
153.009694008461
139.473947035162
114.664681354216
88.0276783897622
63.8058983860418
39.0782026195763
18.9138562719009
10.4318243455568
13.8623220856911
27.8688657163930
48.4524087472930
65.5721055163487
77.7459458232395
91.7733095884628
106.826159127762
122.028872240114
138.183156048727
151.877669281668
164.327596427338
180.631540459960
199.487362836313
216.575134175340
229.722505820862
234.706717617012
230.603741840382
221.751322411365
209.083975754676
193.457247959400
176.612907805085
157.831205503579
138.966654252128
123.809912326196
112.591587744302
103.872006898434
96.5782694372046
87.7524704478365
76.9806354259310
67.1557345096549
58.3079181621652
50.1344641347873
43.1911488211033
36.5639338985350
30.7691276975494
27.6599899480992
27.0169271881510
27.6942434823779
29.2114974988198
30.4026202238800
30.9075035444400
31.7371832886268
32.8095090980395
33.8553524480530
34.8502152359553
35.0666364909063
34.2631402997980
32.5889025257127
29.8264616165152
25.8993848020996
20.7739738766129
14.2794091498336
6.48762515817857
-2.35661055514298
-12.0232598837135
-22.1502272007682
-32.8798653037570
-44.9627572052050
-59.0080779238094
-75.8769544100423
-96.1652870519568
-119.894376857972
-147.689582628184
-180.390452268543
-217.032333892516
-255.156944777208
-292.034773155514
-323.609175764060
-346.713398084844
-359.571990610102
-358.209305874875
-337.798396472738
-298.638358913477
-245.233770685583
-182.607617409133
-119.468075046249
-61.2229194969428
-8.42827131270837
32.0390394868696
51.2381750787056
48.7801173994947
29.2364774051250
-1.18906867245025
-29.7212545162661
-51.4255077483322
-70.7055241450731
-81.9409836936621
-77.6338196032908
-57.9513673331864
-23.9191177554818
19.3285617610016
59.2078572897015
93.4936830063294
129.236074105276
164.650191320229
198.106330849433
230.001973354470
256.143604861949
277.826820691170
301.051742994249
324.127184560860
341.487916339056
350.518273317526
346.372867885531
328.101951994765
301.272769804202
267.428724383221
228.021383274530
186.035981882196
141.925638038069
99.3194887705119
64.4845944097183
38.2784422198025
18.1793329701354
2.47067188704631
-13.3748275140238
-30.2416224610518
-43.7380322933403
-54.3004146539551
-63.2880868777893
-70.0490837649246
-75.7271302578552
-79.4622202652761
-78.0178822371316
-72.0677288255155
-64.7062689751547
-57.3884713585230
-52.6541263963218
-51.3216890261560
-50.9274568543855
-51.1662974977111
-51.9578574524626
-52.6702093203467
-54.2500549262879
-56.1675482756721
-56.7612951371408
-56.4050724479697
-56.3287790990932
-57.6015847397274
-62.3782360485867
-71.3896453746783
-83.5741323866878
-99.4190981489812
-119.555882723794
-143.500511863295
-170.843284924165
-200.296886235676
-229.355548996472
-256.723198054857
-281.940963321321
-303.282488336475
-318.883574663629
-327.954623541872
-330.127275570895
-325.532352280084
-315.353369557461
-299.266485012862
-275.416419116662
-243.436155999036
-203.072209193448
-155.020486784381
-102.180648928595
-46.8004736666344
8.64197282071223
60.5602980418188
105.373890013404
138.161664378924
152.604375996033
148.038273085569
129.386768132681
100.884325730614
70.0538892431192
41.4689099309516
14.1854668223817
-6.08884628714898
-11.2189298587904
-0.768872659223486
22.1554124149398
52.9848407732855
81.3294286645037
104.490757726788
128.417576341239
150.663781277400
167.830936555766
180.492123519436
186.973444239877
189.754282171232
196.351131949243
206.647565747749
215.305583751776
221.434445749214
222.803561057251
218.483902517260
212.428565135621
204.514143291123
192.884785081793
178.853106408738
163.458923720016
148.289425033609
136.862025673045
129.571359541190
124.024797280246
119.414726421668
114.066757926276
107.187344944540
100.521210730489
93.5117050487057
84.7417723413550
74.5551971363334
63.2368732642496
51.6363939584968
41.9604346195154
34.5814970047505
28.3062993201045
23.3390934170110
19.7454874350916
17.3005987661478
16.5529315776747
17.0717638745292
17.6457683581910
18.0918805259314
18.5827654022648
18.8237358359192
18.7630873366114
18.1334921028913
16.1838740531763
12.6215266965854
7.33948267670169
-0.231200864783623
-10.7803834210447
-24.9843574417993
-43.7418303782609
-67.0660968263827
-93.9741020953683
-123.693900647178
-155.019446249846
-186.887710870768
-218.853690780470
-249.485116043594
-276.831744212006
-299.915701244376
-318.171995398855
-330.994712982025
-338.379800142305
-339.141390757741
-330.711775255424
-311.469595796949
-279.732616912090
-235.945734212941
-183.797354076367
-126.425100737449
-68.0656855603944
-13.0680604037624
35.6348403003103
72.2074200265033
89.0024610814854
85.4601474883909
66.9962500759065
38.8668408114837
10.8588995275320
-11.9086123857626
-31.5283317792252
-41.8463352896395
-34.2356854214520
-8.68272546050905
31.5369657224468
80.7153006481369
126.140941734435
164.267051820941
201.212844890268
233.528500086570
256.874784762653
271.686121161148
276.238404552278
273.712252892801
273.347281901697
275.481429909539
274.179567718296
269.184765453514
258.986421793958
242.684181181689
224.357024911255
203.398466367025
176.622150399410
145.364035782346
111.803864235832
77.7286977199622
47.0023180135786
20.6622089788551
-3.48611529764763
-25.2698309042526
-44.7084620537827
-61.7571741278145
-74.1847983808588
-81.5635722222080
-84.4522156686327
-82.7338418691759
-77.2618174409138
-68.7979111280474
-57.7872347477691
-45.7538887788162
-34.8219800927178
-27.3669993811799
-26.5119640581558
-32.7017758722931
-43.3732050519389
-56.6215452111176
-69.1570017033965
-79.0793463336975
-87.3810972371388
-91.8765628879497
-89.2229042513815
-80.0155055224081
-66.6943202675197
-52.5280601216578
-43.7851919290225
-43.1324265678648
-49.1835801904628
-64.8139296728768
-93.5377196433317
-134.431609138133
-184.920220773252
-240.384186912361
-292.078484179683
-335.777357584815
-371.713925614900
-394.680520755698
-398.565837531289
-382.989051426726
-350.084135224738
-304.267191532475
-255.151766099252
-206.036242073066
-153.638555735353
-101.916883462300
-55.8733127507269
-16.2052734182886
15.7965551380709
41.9886610526580
68.9783916812975
95.9146861673150
115.796535605629
126.769517077837
126.144968060155
113.256577222311
93.8579513985390
69.7292787332499
41.5337302642079
13.4760661668350
-10.7398765729487
-25.3436003376679
-21.4892234857930
1.68460289659155
37.6506384310717
81.8368743073004
125.813488540848
165.092095985003
202.852746673899
234.140187442783
251.264361187862
254.234989716822
245.117386795063
228.144655823828
213.675016281556
203.775564417931
192.183670389388
180.479699333319
170.546261256873
161.555815015445
155.873402004006
151.398856226707
141.593272387278
126.619883481161
110.430106307114
93.6776483700290
78.5289422560686
65.9319991675202
53.0763052178400
40.6662632247133
30.8977069422015
23.5074619050990
18.5335822558505
15.8123290413093
13.8309159216471
12.4079572028320
12.3771677249690
13.3623821281542
14.9276763787653
16.6202273825205
17.1771723177071
15.6781670507846
11.3557466769259
4.12875343181382
-4.83335139990930
-14.4366927454774
-23.0904370135807
-29.5817063884324
-33.6540693650560
-33.7726991781053
-27.8316618945831
-16.3229785612158
-1.66519168885180
13.4575490218118
24.5117669111293
28.8236151430312
26.2774616029289
13.7082505129807
-12.8889363073530
-53.0065808564624
-103.398021334277
-159.746665721332
-214.148001606039
-262.413948933736
-304.815547742783
-336.199930736755
-350.111684125995
-346.007223272376
-325.983409170234
-294.010230018741
-259.072884654203
-223.881823735346
-184.421561075735
-143.751173688989
-105.878272304256
-71.1331755787672
-41.1341072881640
-14.3053692973360
15.2635779959299
46.5359417485923
73.1578115619034
93.0481181423739
103.035890069105
102.411066606961
96.6760807577395
87.6152367974804
76.3210048622647
66.5554502075069
60.8803320612337
64.2967097992655
84.6372202506208
122.157272345991
170.564835264873
224.978376680580
276.603533293145
320.638686626764
359.448937243129
387.681013028675
397.518142051747
388.975228413741
364.675662665034
329.449376864765
294.404474593279
262.618008000377
228.879513610972
196.296110400209
168.714194409540
145.752664544499
128.746675164615
114.799919526987
95.7084900841814
71.0013370266403
45.7383793460161
19.8874417564851
-5.59865167049291
-29.5215545219418
-54.2627061805342
-78.1219060605839
-96.6505278975590
-109.692358869058
-118.491887643589
-123.017792548697
-124.679840487214
-124.080295215596
-120.181380865050
-114.210395236461
-108.433380437345
-103.939235603650
-102.077047958066
-104.597619567837
-112.930528941086
-127.238385356989
-146.224691520368
-168.085430684038
-189.731560238756
-209.347434877000
-226.865589908562
-239.898857268793
-245.318207576861
-243.488667662860
-236.988135140158
-229.068682814622
-225.688489259025
-229.577119790944
-239.536297015806
-258.557950615257
-290.424910850680
-334.048196593423
-386.170002411730
-441.621080912388
-490.899370533581
-526.921801203311
-545.009894033664
-533.907553552946
-479.167071167026
-385.784794727465
-276.502942447044
-166.521621683417
-75.4426599341455
-15.9359933558143
17.8883139339701
107.018594945040
278.852106321787
389.801258688876
311.557645820965
132.050130327059
65.0189434844170
118.627747812851
116.899742856521
87.6203483279402
57.7471201272601
25.0563801608944
19.1568993395393
48.5828320297338
52.1034414102344
40.1311885359676
41.8058630972774
50.4386516034863
65.9040854184258
93.0338114605555
123.809710387463
157.389981748224
197.332967003849
239.907178433497
280.857249920827
315.074488662064
333.231099572462
334.048986109850
324.283005300371
306.901468332528
287.466429298038
269.030401808080
247.549423250356
225.906192093044
209.695643028315
198.691024442440
192.052932358524
187.431381106695
178.084957342642
163.519015957561
149.115279467404
135.200379131640
122.402325958206
111.807530954102
100.894709457395
90.5490693831399
83.9735886615555
80.7616113181456
79.6225910399753
79.9333785083672
79.6129821991594
78.3255418398958
77.9706238230036
78.6238594602578
80.2376418478103
83.0078143716864
85.8426665169367
88.5805849565336
91.6895574087482
94.6884179798777
97.0369360855608
98.1677398655050
97.0059698004932
92.9772445904745
85.9716216468190
75.3959073442492
60.6443393737148
41.7183509804316
18.9431640711706
-7.08479188180220
-35.2122735253478
-64.6872035154336
-95.1875754510880
-125.602079359783
-154.543157819170
-181.233013403674
-205.097501720428
-225.634330339484
-242.800313167022
-255.563294177490
-261.819692328642
-260.156655096212
-249.053266541867
-228.470543427340
-200.682377778466
-167.459308578954
-131.265691181271
-94.6644908235130
-59.1856512383891
-28.3464131395394
-6.91731967214120
4.34873526213455
7.84217149075059
5.77281843008448
24.8790112916558
25.2450386821374
25.9842432229606
27.1996516591022
28.7949988806231
30.5443209484644
32.1420460736654
33.1017294638755
33.0945637131344
31.9743912393806
29.3272165056152
24.6601681887640
18.1565978403440
10.5663403351178
2.73803587897383
-3.97410327457620
-8.63107754839234
-10.9071487203402
-9.62041818157843
-3.29265986035416
7.97015131847122
22.9055117073069
40.0232619841420
56.6568398196336
71.3148672469713
84.0790776073388
93.1093135802323
96.0303951160507
92.8992627829884
85.0659011834452
74.4944128680912
65.1076364285545
58.5306026896207
53.7698629753311
52.7110942254393
57.7571215983674
68.0679587343119
81.3819365587893
94.1648991895387
99.9969370073750
95.6954040180252
81.4486316307416
53.4914466054558
7.38696633043472
-55.6654716216005
-131.099097064214
-212.523945781458
-288.731139734116
-353.335677469319
-405.518005019277
-437.328409652973
-439.060661887608
-410.426943126862
-356.547622768035
-285.019039855543
-211.152614562168
-141.447067754618
-72.1985215178383
-11.2638943909581
31.1864219854463
54.7108512527487
61.0802819066141
56.5451540773282
56.4320037947057
63.5366730760740
68.7450397753203
74.4023204122668
83.1327014867392
93.9370422488528
110.723449434219
130.738511190176
144.801131037454
154.019498506307
165.430057686278
181.375158653922
206.759422366084
242.276143975155
280.360130367147
318.901494068119
356.568707799573
389.267860005764
415.438227620675
430.215617424112
425.398877722398
400.619970873098
361.377138050546
311.863487583484
260.290109220903
210.660610311975
159.968228325134
112.582291893720
75.0088588107276
47.4765252877797
29.0652734961191
16.6094936712787
1.65440788249370
-17.0527604717917
-33.9203000678605
-49.8383081183396
-65.7842878145153
-80.9530788798674
-97.6293151389333
-114.310694036494
-126.048926059274
-133.428406731823
-139.955764141083
-146.869880792724
-156.934090336181
-170.629039353219
-184.200638363004
-196.821300988197
-208.078236287154
-216.288008463758
-221.254838218890
-221.107681494777
-212.358926182762
-195.672081803735
-174.795369907004
-152.970889870752
-135.668042661200
-126.309965390870
-124.877419569363
-135.304773958415
-162.782378700491
-206.561333044449
-262.321948728273
-324.534974322978
-383.122470682040
-432.560213304372
-472.890907197284
-497.266092763974
-497.093050781759
-471.856631251362
-425.053578367743
-362.457187653846
-296.513476906515
-231.578143153845
-163.036904904024
-95.9363331222248
-36.8694792453742
13.4658816546211
53.6294825639591
86.2787259421897
120.397562031053
155.216328180249
181.925098384263
198.538460784766
202.033387648988
191.411132678198
173.416471421553
149.597126754649
119.632883140152
88.0326960990150
59.1139410421304
39.1369077403449
37.9557037400930
56.7542772801901
88.4232835960555
128.502713767429
168.671803881458
204.563773974455
240.092676874456
270.592282237750
288.419992697331
293.725342371379
288.356393594943
276.372835469172
267.992588957262
264.936929550706
260.570839755472
255.914384108071
252.060383316193
247.923806478649
246.111967953451
244.615822597771
237.248615527385
224.092658592277
208.315350092330
190.361844291135
172.299824435518
155.039303887014
136.315409185430
117.127861647290
99.8799327394350
84.9083605698441
72.9086119498839
64.5951642121154
59.6776709096145
58.0732555522034
59.5787504562783
63.0153815612558
66.5568002581065
68.9371667482793
69.2146230041090
65.5315937797559
55.7404668620328
39.7121776403789
19.0607791744522
-4.35855095277225
-27.1584519590464
-47.6935845503346
-66.7261909902684
-82.3325292034592
-91.8977033711640
-95.9820430809196
-96.6071473723798
-96.7885394904582
-102.201452984979
-115.409718561947
-135.618395724598
-165.749403021556
-209.310367062334
-265.042049557729
-329.185835225405
-396.203124022903
-456.351554457624
-504.183829055277
-538.938201986855
-553.880911327243
-540.940500925217
-500.116648920792
-436.153764344316
-356.031913412748
-273.422866332974
-194.592385767997
-117.207165649530
-48.9774616410637
0.238500051627758
29.6058396870656
40.9426673829803
39.7764166188043
39.8016242887277
43.5586748942587
42.5967473316295
39.1515227356711
36.0001726561978
32.4896302661842
32.4848013077366
33.9734261237843
29.1397779639854
19.8329028864172
13.6479275760211
13.9725629478102
26.7355690231633
53.1585655214414
85.8714816357786
122.714754303787
161.783410303180
199.138713093665
234.176361122793
262.160718532525
274.895231219676
271.898354915495
257.788789622470
236.201358184747
214.903356050354
196.698613413489
177.040402637824
158.513327279766
145.285023623251
136.969121110485
133.921438523919
133.748336247224
129.595595988019
120.957864575931
112.346296191106
103.754037364995
95.8090916627148
89.4385737798453
82.4002643980702
75.8178301999321
73.0935701511103
74.0951543527004
77.6499098189034
83.5105394000726
90.1715573394226
97.0354727829648
105.014993278487
113.196679129586
119.996834803265
124.604836443689
125.750445969424
122.118980852178
112.728136499408
97.6426839411923
78.3393431224962
56.6368180224395
35.3679223394375
16.5766130203028
1.01769367756670
-8.60076994771285
-8.79696147013927
-0.0996279201828550
13.8663399029006
29.0336577536844
38.4287964482183
38.0296268217717
27.8974363727011
3.22209570585576
-42.1666536883366
-107.250116098654
-186.661696850201
-273.346858013596
-354.547761359312
-423.488680434060
-480.562537528774
-517.547970329922
-524.203364990273
-500.354638123068
-450.728858473657
-383.174958012075
-314.035086008065
-249.596959647196
-185.152761663837
-128.141566061680
-88.0126383590884
-65.1642645768274
-59.0049877018846
-63.8089132886627
-64.8051276869940
-59.9882243564683
-58.7627003896267
-59.7350713939761
-61.7408475127699
-65.5458258581712
-65.6664484372956
-63.3542734759068
-65.2648857996377
-68.6935612594421
-66.5033223324848
-54.4409039590766
-25.1028796935287
22.2060833706273
78.4981261496731
139.736792680814
200.744499740095
255.716848954026
303.923986632635
338.442325900628
348.401184522966
333.327385340650
299.313916987179
252.233312276737
204.304361510194
160.413071827028
115.394865548579
74.4651858662419
45.1346324287564
27.3366473850828
20.7343533927989
21.0912254853901
17.0255612252312
7.16276446913142
-1.16360188045215
-8.73661752038611
-15.9393459486779
-21.5852655930959
5.86494934814836
7.96159948709627
7.85239523912911
4.30454029249012
-2.82684743215587
-11.4964694680159
-20.9671561093758
-30.6247654990048
-39.1224615339107
-45.7367726728474
-48.7715283906237
-45.5817041083117
-36.1306168265868
-22.5049459925717
-6.43251072888341
8.94107243518528
21.8806720494706
33.0489788771426
40.4514786117166
41.2608268053739
35.4107654238007
23.8427872080023
8.25204802035118
-7.45609758132747
-22.1939670231123
-37.8320800817243
-53.2512812109933
-67.0277708782465
-79.5205509794180
-90.7608991278236
-102.276301797563
-117.656267138034
-137.628374708281
-160.722415039955
-187.611390499346
-218.755700265448
-252.926330648804
-288.639068718792
-322.808518065031
-350.235808539540
-367.908500159404
-374.537931678261
-366.356508480981
-339.238865728579
-293.621518235524
-233.381011684497
-163.578100790272
-93.0568811050158
-27.1367627747480
33.4044135626353
81.7216503701096
109.160835865017
114.985651672905
102.987437761478
78.6633683292035
53.7574049465816
32.3873541796087
9.73590837185382
-9.53600603459331
-19.0977289733536
-18.8605728838007
-8.40925144625791
8.71668679364282
22.5460841930136
32.6956601925946
46.8602790129988
65.6379427373564
90.4230171956854
122.022751760993
154.945578816866
188.844909492775
226.155009892900
263.886787856736
298.040546705879
324.480098402931
336.182421657627
332.219141700575
318.256585652084
297.097055094538
273.565785144985
250.853903702165
226.822706768627
204.937254858459
191.082500344384
185.238468734309
185.426248871130
188.699942786657
187.903031034443
181.487196210198
173.922778462829
164.056464507318
150.353424459186
133.672270278431
113.028289026528
90.4906406434078
71.4793018318113
56.6425760174658
43.7239963446658
33.2149626220041
24.7660950868597
17.8984997749083
13.9630245382074
11.8186285891589
8.62028634281890
3.86414415719052
-2.22555761053402
-10.4479550720690
-21.0329646580353
-33.7112197827892
-48.1893593131092
-63.0250271767400
-75.6245647605408
-84.7721510244993
-90.2756692880093
-90.5488608701275
-83.8681211875164
-70.9054711730158
-54.0540788419014
-36.4704025443916
-23.3940400835474
-18.0107350201441
-20.9970843943719
-36.2703781979860
-68.6158164028987
-117.620903387270
-179.419290583171
-248.998773631849
-317.229462461363
-379.218836664644
-435.336086087567
-479.531001202867
-504.125256407341
-508.199767666092
-493.687995588574
-464.633931433466
-430.792393346085
-394.503772993962
-350.230747664072
-300.425889700117
-248.434575379829
-194.828617695874
-143.250414025005
-93.5704550320202
-41.5787993436016
9.52993474932367
51.7244313493369
80.0455476427621
87.4824028468747
72.9321418134678
44.5527014611151
6.50224105747431
-35.6856149588179
-75.8740364959581
-112.556441850992
-137.863913851472
-139.841929856464
-117.573073401025
-77.5419634259751
-25.8388594018168
24.7130750146772
69.4793633461151
115.188920541103
157.214592409696
188.508165189005
209.515231343425
219.926062084937
223.883591215392
232.912788323572
247.848290026279
260.766668579474
271.534669039430
279.049657542549
281.943946757881
284.677448250524
285.972995089499
280.842181833866
270.339150928147
257.125494379434
242.715299308223
231.041110697651
222.812178333095
214.575395216813
205.979211063967
196.709599305622
185.999026868365
175.378947240510
164.404030490254
151.288473537414
136.388253727390
120.531547060714
104.469333235031
90.0899970635994
77.8278790358927
66.5109771756271
56.3337195874648
47.5149522586644
39.8174086171000
33.6309538848902
28.5382811336529
23.3740413879641
17.8484542329438
11.9809445321968
5.31134830503250
-2.46362892946408
-11.4632461458887
-21.8455838507828
-33.3957460167496
-45.5120785643365
-58.1382970236628
-71.6339479809200
-85.8952278564577
-100.815424682503
-116.474656755333
-132.827883934049
-150.094789276595
-168.789006067410
-188.902050117776
-210.039415334958
-232.082358975772
-254.800432078399
-277.323418544574
-298.323758343520
-316.097086556195
-328.288636828535
-332.874349995131
-328.204297915423
-311.705661497417
-280.420426143017
-234.880629600878
-178.947130596556
-116.719824115465
-54.7580835722083
2.17701978891593
52.4101802633795
89.7871189618147
106.402181904515
102.022522388810
81.8150034556394
51.8254702572967
23.6539274179105
2.81598821546356
-13.1958813802995
-17.7968718458680
-2.15710465640519
33.4909779609841
85.7086738252043
147.871254421237
205.556598682817
254.390140807447
300.254201131252
338.594538608975
363.896231175897
376.349828136581
374.477501648826
362.120072105564
350.077248580290
339.100362657529
322.447153790887
300.363227892765
272.028832681269
236.877367814342
199.908076143982
160.882956440337
116.411820003134
68.8988628951545
22.4399195189183
-19.6329266210666
-51.4612551787883
-71.8464674591440
-85.2605145805079
-93.1164926023149
-97.7995999113692
-101.345311688483
-102.064691351004
-102.221882177735
-106.201579958053
-114.008660458614
-124.086587417327
-134.664055665014
-141.202414444130
-143.079201583441
-144.111391847126
-144.302117165149
-143.474520359563
-142.320470535043
-139.297526095533
-135.060114001565
-132.076601897193
-130.018988500705
-127.499642798123
-123.920823831325
-117.700704941689
-109.038423827637
-100.611478221067
-93.6914646243608
-89.7679969481371
-90.5082375014341
-96.2575201602500
-108.817417369188
-130.913412149800
-162.163945611265
-199.978089566051
-241.703761639996
-282.709643626488
-320.087180717573
-353.500535542950
-379.335065747872
-392.925122653525
-393.360788650485
-381.548721280960
-359.197035392916
-330.940123152467
-297.641463509149
-255.914721582678
-206.663548247288
-151.382970817506
-90.8816085251940
-28.5247392152442
34.1471500956449
97.1160710374045
156.595032941619
206.702272844721
242.008434160377
255.363071216228
245.853472175745
220.225509760370
183.135423062434
142.043598477177
102.711630453933
65.2896390979819
37.1004614970851
28.8512652706554
41.3277636204397
69.6994017302262
108.351132149555
144.869004776982
175.548998929961
207.441003488601
237.039396571304
259.149014492343
274.295272598706
280.943352123224
282.267786874094
287.889315022157
297.717032091779
304.493017646746
307.055030337400
302.783386146939
290.514684866188
275.491872311847
257.754305846783
235.039459791464
209.390282871342
182.678976165146
157.490739524760
139.027808168334
127.862666874591
120.254001505979
114.635415659350
107.996141563985
98.7411395224420
89.1784730891688
77.8956591343875
62.0694666811100
42.2641123060522
19.6282810845406
-3.79427509748874
-23.3923224151010
-37.8441615828466
-48.9823290397709
-55.5871498881705
-56.3587902759291
-51.8001421672302
-42.0520777100550
-29.0349123879139
-16.9161100911053
-7.14999778409273
0.730952477238234
4.87941835812798
3.46194066315277
-3.54912917235206
-15.7401688641642
-31.3598270169005
-46.5918497604960
-60.2239401374187
-73.3862922247285
-84.5865978013089
-92.1074877319487
-96.4825468189725
-98.8307687743462
-101.630755686561
-109.693519000049
-124.871834085693
-146.280679178668
-175.980296025069
-216.245944375800
-265.696204152328
-321.098368682892
-377.512354391338
-426.539767164240
-463.209341932385
-486.130453072209
-489.111879994092
-464.868859401140
-413.580512706582
-340.395274633943
-252.275386946447
-162.236496816320
-77.0058241952376
4.40880556212255
73.5673376685018
119.657750804855
141.762320670474
143.118421250919
130.077468936707
117.367836522205
108.760061376298
96.3987696475003
84.1321628205023
77.0584727298535
74.6472601870775
79.1865932090908
87.2032440826861
88.0845963570354
82.3505448914461
78.4759270725968
78.3492961924325
85.7581145322297
101.959245091960
120.181848069246
139.654432538440
161.722495185394
183.223392881582
201.906245851463
213.759369946613
211.424528257868
194.425501329180
168.295742559343
136.282964390104
104.433367327218
75.9443564130224
47.9443996744477
23.6554441130880
8.36270874578038
1.91958147288237
3.15234884333540
9.23859652164007
13.0281171107032
13.0877563065919
13.4775625695027
12.9938069443699
10.3042755336271
6.10243517576176
-0.763734871874670
-8.42136299468659
-11.8554069868044
-10.5963189444985
-6.88312716522701
-0.389099324621168
8.39005253868205
18.7299319279325
31.4936758492328
45.1627281390426
56.5175896226926
64.6174221263220
69.3280168246986
69.3813226938172
63.9867246728619
53.3618235180352
38.2210005011075
20.4369558216103
3.36912461222346
-11.1940645314982
-22.8656213929939
-29.2541216935513
-27.5639447527771
-18.3108520786978
-4.34311261905499
10.6689853729656
20.3360148876834
21.1382699442960
13.1198503850693
-7.97023710476911
-47.4525982869847
-104.405768568206
-174.141846938709
-250.357722444596
-321.683481545124
-382.094222648422
-431.892315076297
-463.761678669850
-468.625789354136
-446.260272948369
-400.727769503568
-338.880923115469
-275.075953026966
-214.752847713041
-153.630527985022
-98.1436297746581
-56.4763661976425
-28.9089969371304
-14.9436236101465
-9.52560171090372
0.343699883657632
16.4181492755018
30.4512564215732
43.6323013319100
56.9030653728351
69.4368642651232
85.7847553933563
104.543686182759
119.491172233068
132.591228833880
149.695637206453
173.993493232428
211.343097480564
262.021925946008
318.094821741785
375.929573193191
431.075292043940
478.288970044966
516.401219805705
539.180934968838
537.031287077623
509.725991335907
463.372913977905
403.801200025478
342.528401715103
284.902925465831
227.458563021997
176.253980128471
139.756789226374
118.114617747944
109.586166409089
109.187085227207
104.669373004414
93.4823467053002
82.3858711044245
69.0190510126777
50.6571669220954
28.3898070876165
0.491364713722375
-29.6469986978700
-53.0371397643951
-69.0196728355263
-82.3048805338712
-92.7670631066966
-101.729399043408
-110.146245608637
-114.950503482704
-117.510357664089
-121.809107061630
-127.876901908382
-134.987687742556
-143.331589456238
-151.641047395176
-159.790805655785
-169.250435590955
-179.530813168878
-189.469495456290
-198.941928716456
-207.577691756031
-214.918490305729
-220.943108410643
-225.685405932479
-229.399447915216
-232.801908961274
-237.043422886594
-242.647850165756
-249.538892806334
-258.325588373946
-269.705199664778
-283.058540425775
-296.826794905058
-309.025146279136
-316.530346768584
-317.244248538659
-310.328736924878
-293.204729269274
-262.788499234876
-219.697038854352
-167.435414549527
-110.133313527371
-54.7381891523377
-5.69876653911086
36.0015565831421
64.7338145305054
73.3884473385957
61.7966020132181
34.2096618007602
-3.85361328024197
-41.5554023845630
-74.0241858899863
-103.750139053981
-124.907478856307
-129.821588158064
-117.986491846063
-90.6303582276212
-52.0264641437160
-12.9531837693679
24.7845594955969
68.0210189053570
115.317113279766
164.998534215640
217.028951326613
266.735998331968
314.141348697891
363.187890231677
410.660603922586
449.738853996130
475.651818958869
481.115753699816
464.864854961968
434.056725297016
392.012648875442
343.521929673772
293.293582173155
241.142952313852
192.873114774062
157.769648860805
136.679219042183
125.804868261854
121.339446084475
114.209434817869
102.263061243166
92.1489823351552
82.2597499777049
69.7476211774990
55.5590876981935
38.1186479758187
19.6509812669704
6.99441143118390
-0.104447373148218
-6.55941657816816
-13.5289727633658
-23.6533917466482
-37.7544846743864
-51.6960254638330
-65.1517083299928
-79.0145139741824
-91.8762096303493
-103.417556247631
-112.137448680259
-114.685958503711
-111.461882639399
-105.782914811496
-99.9525230635073
-97.8901945716324
-102.042800538288
-111.888876040481
-130.064614987297
-160.272625436315
-201.722089019193
-251.157085214724
-304.388872281002
-353.821742135029
-395.210874153686
-428.304729140837
-447.842119169105
-447.315965746372
-426.336128563380
-387.733230488629
-336.002905513392
-280.662553357156
-225.311059933200
-166.867466817140
-109.627459793912
-59.2086852215256
-16.3716772528603
18.0027140325776
45.9843429704522
74.6021094179257
103.272345813887
124.853058312183
137.808380628956
139.957585214512
130.613465986597
115.281548227493
95.4183731118006
70.9886855663597
45.9727168376039
24.3878287153635
11.7842538119703
16.7188425905731
40.1735526995420
75.7759626031484
119.369179884146
163.357854810702
203.572276494182
243.075407625587
277.275723567638
298.864676098187
307.734310354940
305.626695939940
296.170417294259
288.614037409083
284.448629729689
277.355102879207
268.182088535035
257.951630302436
245.806893724384
234.539733963795
222.743314058016
205.288230907516
182.907387230189
159.182284221020
135.451370867812
114.758778361722
98.0373394061167
82.2554151429920
67.4629358489408
54.3531825794851
42.3089082900066
32.0987748736983
23.2216700079638
13.7910942925053
3.80827252597869
-5.91801960811277
-15.1672518843454
-23.0339699078789
-29.6492974911922
-36.6693560838810
-44.6810171859346
-54.2146666433042
-65.3223662066121
-76.5124225995716
-86.9000513084826
-95.5842137930649
-101.352365301503
-103.561780861276
-100.696112336737
-90.5566859614104
-73.7186935190644
-53.1516642696690
-31.7607764793824
-14.1931049342457
-3.60066056351506
-0.642620042444253
-9.12389446827765
-33.9345088567120
-74.8612934176035
-128.340623394915
-189.953492163904
-251.447114009512
-308.525754810077
-361.921411744577
-406.339872799368
-434.952341206484
-446.788369830108
-442.981688094238
-426.609874597653
-405.752750936736
-381.729875733555
-348.890608101062
-308.384399412206
-261.881617481964
-209.726725656663
-156.096144926025
-101.709635372024
-44.3478508127810
12.2639295491798
61.2342587445336
97.0437789237317
111.871077092653
104.526502569144
82.5651834428492
50.2906445277774
14.2972611280826
-19.8178893984782
-52.2159540412950
-75.9248017813954
-80.2684783256716
-64.5461042621529
-33.6134900041711
7.19836695501296
45.9829993726245
79.2856884235777
114.208045502571
147.634759999764
174.840792937873
196.414637789291
210.645304676698
220.418564307656
234.715073256988
253.337553193333
269.525542065870
282.076884063931
288.294233946028
286.978046085064
282.935406190970
276.070429104838
264.190024503722
248.969811469080
231.751007028878
214.606476684474
202.007462539136
194.339731285980
188.314971364654
182.576154241084
174.520964850659
162.801489251618
149.460829819506
133.379362281538
112.270858086278
86.7217570665922
57.7806337065745
27.3078705746424
-0.635271068829483
-24.7078541206065
-46.1355178081979
-63.5618901875497
-75.5278808659689
-82.1350139536963
-83.2631912630834
-80.2269346451921
-76.2311139771002
-72.1337600807842
-67.0497110282006
-62.1072122515769
-58.4306429121892
-56.1477842335116
-55.6694074556511
-56.2800872207231
-55.8775218160306
-54.4763424200282
-53.7220902697716
-53.7786710257435
-55.0219315891078
-58.2417453132512
-63.5285252039761
-72.1335920863756
-86.3064141770311
-106.925523080370
-134.192598095935
-169.053015667539
-212.183468681886
-261.791524600019
-313.859053847861
-363.450221615645
-403.405492652132
-429.567350703598
-441.522484913293
-435.420025330574
-407.121472220196
-357.285165205336
-289.038074903068
-208.104747291041
-125.045897290038
-46.1255900202316
26.7155957598610
84.9366635248022
118.247637056516
125.719445425074
112.530807692341
85.7869555506203
60.0320716714990
40.9135322340980
23.2507281398756
13.6462238148929
21.1130137702182
45.3279990739648
84.5881998233452
132.587559219540
174.196420958049
206.840650573105
239.484744202970
270.452440198114
298.330992749837
323.952031393768
342.232859668293
354.937162809880
369.486212629981
384.358251997791
393.964671952936
395.999647071977
385.491741136952
361.588017428892
330.288572535218
293.006363465375
250.794792480234
206.626912906907
161.018628838909
117.470728714168
82.1913095116964
55.9607815169324
36.0800402571581
20.8125199714973
5.72538646401684
-10.3015016512265
-23.3616962001414
-34.2685971309740
-44.8681116321250
-54.6140983124004
-64.2048069790882
-72.5403692570856
-76.0206493781867
-74.9818969918525
-72.5102573652974
-69.6163391735357
-68.1479636421478
-68.8523282097042
-69.5527626402090
-70.2287779762991
-71.4740886036277
-72.8019984023148
-74.6268226037772
-76.5101006803052
-76.9726088564146
-76.3898327733527
-76.3065827586977
-77.8202250872780
-82.8356796541610
-92.4550825181988
-106.385782648671
-125.751357746653
-152.081332734624
-185.321878240059
-224.800726202812
-269.384613417337
-316.673169679501
-363.723236351308
-406.945283959684
-439.933391588350
-453.598160915305
-444.011315277100
-411.855787429796
-368.942253232707
-343.760554283176
-342.187205798999
-351.153338579369
-210.486059055219
109.384162054216
341.011104782749
278.609850190524
53.8715437625780
-52.5111182700157
25.6967563994877
106.436791941590
158.573161718989
153.808205519153
98.2195662740988
54.7145615076907
52.0029949389549
23.6428660875888
-9.92533104083338
-53.0974242288734
-98.4386200274414
-94.9746678219049
-44.9570546839656
13.5799406681473
78.9423384446249
146.182883721109
204.374635229209
262.153755492400
314.430562824997
347.479200596751
361.579162092170
358.705085413538
343.380552688226
329.868099238725
320.301230686418
305.455311587260
286.998321506696
266.682110016670
243.430388567579
221.354450913918
198.555177656929
167.744197186438
130.298310182115
92.0120745066684
55.2732865601024
24.9233920132063
2.87395672244996
-14.7635732478025
-27.2949434679316
-32.9641723741527
-34.5692556738411
-35.7225362680096
-42.0225783984137
-62.8901888290806
-94.4384165362543
-119.028902946672
-121.963387918114
-81.7741913773776
-8.52422648556047
47.0684538286082
57.7048626209374
-4.37758041063466
-96.5596199486162
-71.5868905269772
97.3524490830351
271.056143968725
211.108021916487
2.77517298631813
-71.9000023201733
-29.2234138366555
-13.2751054542908
-30.2272296822947
-69.5678858811652
-93.6013455196876
-76.3616710656438
-86.0975063978663
-106.104117131740
-145.289818200949
-210.281528402576
-282.905617661332
-351.029760486385
-397.833545357671
-418.317033206046
-429.408762904820
-432.830626658664
-428.422726941648
-418.482244756660
-392.878233501193
-351.638920910447
-301.958416958932
-244.797714756064
-184.455070658206
-125.957436201786
-71.9250858107831
-24.4157821286501
17.1909502568245
54.2196502231013
89.3343143552329
121.536950648163
144.809660761217
156.880741644068
155.786791858620
141.077162695304
117.558654828849
87.5927797501520
53.1123907537037
18.6374049144919
-11.8215820084044
-31.8698623249893
-32.3003448867845
-11.9732496086217
22.8246067174943
67.3655244984662
112.683351918902
154.403928476793
196.382525281521
233.811929396076
259.166548963150
272.369680345184
274.707250634798
269.962765240050
268.091140476494
270.278505121318
269.296524400523
265.466497327644
258.980001840798
248.729178250236
238.230650838521
226.227795812409
207.754745611738
183.836440715249
157.867603425399
131.527486100858
108.575984679280
90.0248469892966
72.6658753959230
56.4392797258419
41.5913479852998
27.6040105721018
16.0140770719834
6.59296036509349
-2.27244023404021
-10.4037878554981
-17.3750282407758
-23.0251580038408
-26.3957329320064
-27.8200413544110
-29.0566066684060
-30.9816374567607
-34.6598821370002
-40.3713870790322
-46.6626328108331
-52.8387299090009
-58.0964376134498
-61.5867600022028
-63.4294830780261
-62.6654794982488
-57.6786026385198
-49.0282695154778
-38.7690257733856
-29.0446216844194
-23.4218674414594
-24.0556164562479
-31.1223438993285
-47.1068748184101
-75.1182940229669
-114.882233710910
-164.099588594953
-219.645845906225
-275.698129714643
-329.156635634639
-380.175084056819
-424.850780336254
-458.272328365436
-479.231915363805
-487.746640025240
-485.100707126403
-475.784613565368
-459.707451222385
-432.106821503036
-392.561946228215
-340.848443972149
-277.443681586840
-207.053340269826
-132.093297286482
-54.0765068295975
22.0950350345506
90.6610318621286
144.736638197667
174.973615816093
180.230377457698
168.025522553305
143.940722439033
117.704490101909
95.4792106287565
75.5854193735955
65.5535115509157
76.5234034586660
108.608233738199
156.759693458769
214.079248430206
265.539084886547
306.615626824814
344.753987358975
375.636110618327
393.474703538136
399.011578112129
390.950607336425
373.694599489342
359.260507806279
348.776108608938
335.365629262223
319.578496810265
300.707645151071
277.941004478655
255.955527773836
233.712336161337
206.484895774351
175.639089225797
144.383497189473
114.531094685120
90.1793672897770
72.2733564295591
57.4572830093237
45.4952954260157
36.2379649151146
28.7518837692326
24.1293529782559
21.4640396182116
18.3083375488383
14.4469984190955
10.3289912557260
6.02193387619676
2.61653199923914
0.109534974991128
-2.90295685321334
-6.38011196382064
-9.95497235400783
-15.3644323268017
-25.5404136214316
-43.8503330447528
-75.2004715482259
-115.223047215272
-149.205008468883
-163.422365798135
-138.564514181118
-82.2105216487972
-35.5828734927253
-17.5320093365783
-44.2422177388690
-84.9135245620744
-32.5710699552978
144.485305884124
296.569433346620
167.841246237137
-143.998366607709
-323.394018699445
-350.640724148437
-371.181431981810
-419.420248199859
-481.776813133297
-512.381148658303
-484.868925935903
-453.142058697485
-395.555562029690
-328.293228830415
-263.028935596404
-197.491372599860
-138.646094786535
-91.0397938763039
-55.7616732591512
-34.5945047794797
-21.8892913435501
-4.56033790865536
17.2876841043088
32.6047158435806
39.5029625912225
34.7123527891624
17.1957527276733
-3.99327220867844
-27.3980179397060
-54.9008228052843
-81.1044356851362
-100.203485661397
-104.885019546982
-83.1671369971217
-34.1479420602402
32.0059996907901
108.962555434576
185.822616520743
255.630522114735
321.230736941296
374.749038566038
404.073209080085
408.796937059976
392.975365855719
362.845276926408
333.274190967445
307.929317865993
278.278834147900
247.652219992027
220.541638011184
196.158804912643
177.185021519734
160.347541301900
135.416160371715
102.694309349038
69.4617384327994
37.0157991888785
8.57714151944799
-14.1340954695945
-35.6465302064772
-54.8922311113313
-68.2280850192681
-76.4056903429871
-80.0424105374166
-80.0572547706774
-79.7767848831675
-79.7017325139814
-77.8251246904598
-74.3872091050845
-69.4429802018501
-63.4764918183619
-59.1626960130832
-57.8221899152073
-60.2704270215859
-66.9170072156383
-76.2270435881030
-87.0676025552461
-98.0991733471768
-107.828018105769
-115.620719154108
-119.449022506569
-116.354348083364
-106.807463508051
-94.0557365943868
-81.3185627488734
-74.0189243157396
-75.2339504280811
-84.5332442259226
-105.372229893258
-142.272418531936
-194.359986422037
-257.781606132979
-327.252435986729
-393.134769853497
-449.799989411045
-496.277593259080
-525.199688567258
-527.407775917559
-502.002573813263
-452.861930935218
-386.034390903779
-314.517872195865
-237.936943092316
-140.877333491458
-25.0730289317215
101.558149571151
228.970647721121
330.738696173292
361.402690411175
401.072557450976
481.816815378641
467.654972234182
346.937128144417
235.231054419217
191.747416743373
166.266221514335
94.0151757858340
27.3732864866220
3.72638949265992
-6.56706402469482
5.40608352392497
11.1269434975706
4.97331083485414
20.5560497450347
57.4794374628623
119.775185591172
205.944883550535
289.974475589662
355.668597984190
387.276430710695
379.656789370330
353.155778877532
317.844966522681
285.643879619746
263.153254478580
236.220576312475
207.678163957052
187.258097120080
173.092212885999
166.748238758012
164.034825554781
150.521202533972
125.895087438567
99.9633787077823
73.8335450472845
50.9056925214786
33.5155111995397
16.1722269715805
0.767352086701738
-6.93496054302909
-9.17851926136537
-10.5883241127652
-15.6474243658138
-33.1007310041178
-59.8144105568567
-79.2388586539012
-79.0119778436699
-41.6865141905613
23.1137309875581
69.5745465238089
75.9166123284822
24.1719367159459
-54.7920889491458
-49.9147848514402
101.867689569477
278.037401441449
238.783595687097
52.9477610329163
-4.62682498643160
42.8165850676511
49.7619786636522
25.8743408703362
-15.7309230881844
-44.1986521519644
-29.0833283056713
-39.1340978786070
-58.2263110421654
-92.5824669919799
-150.887591325758
-219.830612803155
-293.168190480803
-363.917427166598
-425.478496428906
-480.613975515968
-521.529383305014
-534.315443877011
-519.360068493439
-484.142851034270
-435.826097715219
-389.899484570487
-350.116625858067
-305.444111696562
-257.305206294738
-208.062693592293
-157.373401577436
-112.535066082944
-73.5350233407061
-34.3529184641959
2.88700678985968
33.9392090023530
57.1810980726327
68.4990080265431
67.3718887557529
58.4178228339373
43.0142480624675
22.6495260790902
1.15610673311756
-18.3279015068232
-30.1971595057476
-26.1419253996474
-5.18788191486555
27.0443859815415
66.5832475256456
105.815921866220
141.274127386918
176.973041354888
209.362753568202
232.602331363501
246.747659855395
252.247811949384
251.863711040931
253.396268419469
257.363239728251
257.702600563448
254.100032260593
245.820113877670
232.054753429341
216.538490170661
199.066513686597
177.009644253256
151.981703471830
126.553854581697
102.957111920661
85.4063106932330
74.5768190173557
67.0865917160700
61.7389679550128
56.5207490988620
49.9583155300290
43.5279436579111
35.7656915396399
23.7890538926519
7.81313896423168
-11.0186959502334
-31.1773171411866
-49.0425187274862
-63.7593151654216
-77.4384791583856
-89.4643311059150
-99.0677667831326
-106.439004929283
-110.642544436262
-112.242023461343
-113.299558122956
-113.693640125322
-112.130157284134
-108.386547986997
-101.748753806318
-92.3425933804125
-81.9689793296410
-71.3563914360200
-61.0759080651858
-52.4308824982976
-46.4082665331597
-44.6302029728284
-49.4649282066593
-61.3267965163994
-78.9439102539722
-101.425851935462
-126.886275773434
-155.729953889484
-191.595619594170
-236.229415569392
-291.611881514610
-353.477986279295
-408.693825617917
-444.185764370312
-442.119042407043
-406.961682484164
-370.882689738635
-337.589282138877
-297.880864308294
-278.136215019528
-273.024255973017
-99.3517556023584
295.931990830342
594.552672323958
504.005700846777
225.308665472163
231.495196834367
526.260089464377
680.304883890471
435.796536549451
116.487636102816
55.5809075063968
110.717091827396
131.416470098044
123.587016477293
90.6792490965535
122.256220676323
243.908572585258
314.665711811697
364.861951641300
415.125715256415
443.469858328444
453.775987222208
448.533425964072
416.482364759842
368.889901751230
331.107934253276
304.335840960740
276.712355086537
250.443365309714
224.669311214607
197.721546076964
177.076467590297
159.383820115633
133.812700503176
101.306380333606
67.1128429778190
32.5413415541045
2.56928849969689
-21.4418110778027
-44.5666576754238
-65.8509326341141
-82.5591288203062
-95.3245435987200
-103.497855164840
-107.487027010186
-109.980913053395
-111.296792264645
-110.445989195046
-108.129170673122
-104.877625851348
-101.621366664846
-100.728302116680
-103.893017513549
-112.676909727591
-127.453252768311
-146.417458088946
-168.046564140487
-190.064938845063
-210.728987145822
-229.877342674848
-245.260957996588
-253.654701568810
-255.002360557504
-251.202690679303
-244.449218402641
-239.161332672765
-238.714345738163
-244.892747934148
-263.136123988594
-300.719575003628
-354.396307068184
-411.469467954638
-458.445877590663
-474.143526328932
-453.604443545359
-412.507774092437
-379.871510377397
-415.259155665836
-468.449867433087
-371.984092574828
-57.0485849620164
300.300711771296
368.239677845919
209.928816749784
169.275437136390
264.843467374779
328.734870494335
312.971804695473
222.416841021281
134.748331641258
75.4142294223396
-5.86301380254437
-67.1995652541785
-101.339279924916
-111.776424899476
-99.0445864538342
-72.8074964686007
-51.4778366552470
-37.3691334035126
-16.4180735852896
10.2491719366422
40.1123957449009
74.7004717052534
107.196616999769
139.346389640926
180.613741262796
227.627843575457
270.806960003963
304.595045405075
319.104829158631
312.202328682355
293.486399342332
265.666585710182
232.044419782912
196.827013833573
157.882398334397
119.739637834057
91.2448684862680
72.7398455911251
60.8855335983460
52.5882579497684
39.8075602389431
21.2120104769843
3.66955088133965
-13.1626762514489
-30.3235119148593
-46.4451866072773
-63.5116392338342
-79.7461072348271
-89.7045796198911
-93.4113897445826
-93.5721346585520
-90.6750816314210
-86.7360757792029
-82.5417657407348
-75.9500990057124
-67.6877186858128
-59.5562857353650