-218.184154492924
-214.919735540235
-218.584652655543
-232.470329578206
-256.255448982164
-283.879191452460
-311.766106216666
-335.562741263624
-350.133694804393
-352.783318470431
-337.039315165362
-293.790617999012
-223.151475410709
-132.674572942309
-29.5831828815660
73.1998090156408
168.267479492019
256.884599038178
330.129554426077
375.908972509910
393.491670967261
387.111783981256
363.842470894737
339.790646234069
319.627921110893
295.543067019499
272.475512427530
256.977573446301
248.629726877213
249.104949564789
254.098758296978
251.181931909976
240.150406813056
230.065943955178
221.914521170787
218.257138324867
220.363943537979
221.746588175236
222.443236365082
225.729222764709
228.779850765332
228.157527079024
220.073830354168
197.398312068583
159.413215753801
112.012230241058
57.9285248117758
1.85799547846048
-53.1266058088435
-109.356513830745
-163.684840007615
-210.631663136705
-249.907385611733
-282.419616331441
-310.050420705460
-338.408559914726
-367.969201603321
-393.992046767392
-416.410541272367
-435.224918946856
-449.409582740491
-460.577827398900
-467.577674004932
-466.968557622246
-458.922119660289
-445.133051873421
-426.144642566024
-403.687375698564
-377.996237222105
-346.852189477131
-309.925408647864
-267.162824853695
-217.951761948409
-162.781252055823
-101.225733211741
-32.0632324591728
43.2253172328263
121.122550855530
198.168073522366
269.298966813838
330.459647135802
379.404810632598
411.201001409895
419.852666446879
405.557707496324
373.528336585098
329.595139570195
284.013036206021
243.222939773409
208.017342297880
186.741579199378
190.282819892118
218.896278109343
266.394721350677
324.754255311971
377.893457317719
419.253967161175
453.849103320451
474.204511103581
470.378428457124
442.738678467675
393.558948940788
330.142212180259
269.505263191931
215.572290012329
160.154079121384
106.963192706876
59.9537124698342
18.4025913921303
-14.4641899768311
-42.3805331898680
-76.4198764520695
-116.730550915962
-156.606521578941
-195.592342422157
-231.294412503168
-262.344167064110
-293.119531593123
-322.276588336507
-345.437170495860
-363.364644470038
-377.630694802723
-389.254148921425
-401.539646543353
-414.869934677364
-426.299200964311
-435.524303238187
-442.221063391090
-445.767630552111
-447.480807483827
-447.079703830007
-443.240278150948
-435.586656556311
-423.242330604810
-405.243318280018
-381.004813398816
-349.048533855594
-307.232478293706
-253.472122209995
-185.223451829206
-103.560942574054
-13.7574969277353
79.2685901685992
168.414761211455
247.804635545510
314.647423134396
361.561944629352
379.069108815989
366.999990296857
332.283957243793
282.554567981108
231.943205017890
188.069622698300
149.363312996246
125.239986450472
128.272601406859
158.630631368558
210.846417857666
276.128791367296
335.625997041381
383.143659424460
426.322244641973
458.514174184749
471.178596955130
464.855427518975
439.180411793414
400.485660439452
365.053058554768
335.053978768226
301.275138394221
265.226602167462
227.442573865940
186.927764656692
149.192809060544
112.282279910674
68.5659247073398
19.6079433263627
-29.1195478086433
-75.2378694041154
-113.472259398232
-142.565311029459
-167.845638038726
-189.854469075987
-208.550405848370
-225.802762933429
-241.055809636819
-256.361622998302
-276.244998188601
-300.697389509210
-327.052938220503
-353.553733253365
-376.324343223300
-394.095089665013
-409.544760351837
-421.758929748532
-429.098219833265
-431.275960440446
-426.506089554704
-414.421953265276
-396.273415451437
-370.594675137020
-334.362733191941
-285.526886343438
-221.191355483130
-142.200239410445
-54.3368326641337
37.8909181654718
128.334371046491
211.169008903951
283.363005340510
337.564222041581
364.024597767249
362.112357002133
338.246339631439
299.034797460199
257.101721462244
218.934444054113
182.048998255609
154.381415956833
146.872997500631
159.709535956028
188.959669827145
227.572889518250
259.677215475555
280.999188338368
299.478110481135
310.967002797913
310.196934784786
298.090006124593
273.012583186516
239.537597769018
209.999588719601
185.403251127778
158.674098691910
130.104347355449
98.4665512530797
62.8510511640384
28.2801226585219
-6.22487699520647
-45.2513240983458
-87.4237888813446
-129.938378749921
-171.063176853694
-206.662653853746
-235.892165764992
-262.049995735506
-285.405336239877
-306.259126381041
-325.566805307171
-342.241699364644
-357.228899194096
-372.971858170062
-388.809932271525
-402.470721377250
-411.952846778750
-413.597697636592
-406.267781831598
-392.113497096289
-370.780253619485
-341.854488863111
-303.445299084687
-249.789292205534
-185.526780038470
-124.894803069568
-67.4464962004264
-4.36852587635795
59.6632441125819
116.915090620528
167.935489211208
213.463203148302
252.548221586200
286.582868903598
314.898175184383
334.033216012743
342.631655725203
339.305753601430
324.348885770806
301.662763229280
273.872029269330
243.941093851305
216.227947152603
194.566132354989
184.995323809964
195.620677809216
226.818079814964
271.709903728394
324.269627331045
373.958955608930
414.496954730815
447.171731577347
464.392433723502
455.507515841657
420.412514063419
363.961181831761
293.242176346122
223.455803050368
159.624221007665
95.3392464115241
35.8484443894091
-12.0040994943666
-48.5717287654047
-73.1678138416991
-90.5363779512565
-113.355023634688
-143.052957759993
-172.166170461599
-201.598859221687
-231.376627048898
-260.244518820848
-291.908516087576
-324.137950278426
-350.144813775048
-370.334752048790
-388.193586866720
-404.594781083582
-422.561114918432
-442.558760792546
-460.460589232568
-475.872888917430
-489.246315293872
-499.165279630283
-505.501384731312
-506.830373305932
-500.047444815422
-484.671492647623
-461.830798022220
-431.759820993428
-395.643823389436
-353.528170708657
-303.399768504336
-245.020085302429
-178.573904352548
-105.059960434935
-27.8968423901324
50.0126459558149
125.455930153154
194.356710936216
252.969704361757
295.957155724451
316.568906127079
314.486339417634
295.589565124840
265.340246249035
233.165996191016
205.174975781573
181.449130954494
169.760247909466
180.742808264042
214.774819641313
266.488732185722
328.886859484927
387.353905158282
437.320345931660
486.141013295578
529.794420295300
562.910701119161
583.594785848741
584.727882374505
569.299609034187
550.810835462411
522.941229175634
465.522525568830
410.677037815685
421.806870908545
362.175885790902
204.835045782937
94.6084513047187
19.4398041592875
-77.1428984366417
-166.146998041750
-263.405338396622
-325.874245182371
-353.003300765946
-370.072104875395
-374.419939866927
-373.377197293865
-374.534880014945
-373.587540888113
-375.912890527565
-391.004377374502
-418.004086610656
-452.665914736092
-488.245140850430
-510.052969546086
-513.840147055142
-506.230816659993
-483.343488084649
-440.543661699903
-379.646594706729
-301.350573487186
-212.118667533507
-126.062125180385
-47.5946304059252
26.0256070024221
89.6439794885634
138.426156932804
172.083784396302
189.824869520694
195.800699497623
200.349036154710
205.671161926676
207.718256394179
209.333433536160
213.298108532749
219.575682165716
229.903029499020
241.996536233896
249.123766581965
251.748630594209
255.473127650620
261.627698085763
272.741060674341
289.284255074395
306.048185664963
321.694294940919
335.987978079433
345.767163800802
348.643249530493
340.563661734446
314.991232021673
271.603790185681
215.614003079033
150.738435679028
83.6482433528167
19.9575282890592
-38.3874040872531
-84.0772054338392
-107.414655029841
-108.439037889455
-94.3630294220612
-82.5165063970675
-107.313222381134
-133.646258057317
-102.035392054905
-83.7096344500735
-110.913704995703
-169.757081126904
-222.356814554869
-261.165763400830
-304.262770447433
-354.043464961018
-395.850715251518
-423.782644303082
-452.922684853154
-471.551555775324
-479.816045593580
-479.429932882115
-476.445630054242
-470.098716669064
-455.441915641486
-431.192695944465
-394.696783891201
-345.502826286883
-288.346147734581
-224.409337965098
-154.011567691627
-80.1330944079783
-5.06634160634832
67.2834002085312
130.693842523535
183.503457189412
227.870919704803
264.450541464699
295.796763635126
322.073861763519
338.968578411073
346.277583608257
344.957379317678
335.145853337581
319.555334532460
299.675323776119
275.895274461447
251.750528942300
232.403742791975
223.174366737888
231.165005894701
257.050833941036
294.053868673941
337.206122815519
378.415745811950
412.102968119353
438.950827759010
452.185279350698
441.914902646687
408.013215908816
355.448845931095
290.549815666328
226.682588933275
168.455454970284
110.112224302198
56.3857629035620
13.6384729359472
-18.4934446886054
-39.6398238110036
-54.1544698931056
-73.5578754914101
-99.3300988447301
-124.905185502365
-151.350355842245
-179.043029040582
-206.820436926714
-237.621836184768
-269.092498262249
-294.560376103436
-313.978480699521
-330.387397756307
-344.048739643588
-356.980725802522
-369.994067391500
-380.663942996572
-390.030480459460
-400.665492005959
-412.823839105010
-426.951369660380
-443.642223068766
-462.429672561224
-482.372218474842
-501.770795147623
-517.725971902783
-526.099853982385
-523.588339271020
-507.658809729742
-473.902285069256
-417.183040615187
-337.968222453769
-241.843413008893
-134.859457196646
-27.0993711310314
74.9283717405811
170.264208093668
250.729446883927
305.692776487624
334.145690373117
340.559122042237
331.195611995435
319.685139771896
310.705398497348
298.325200568095
287.816793274011
286.449467653271
294.201656141676
311.554829564599
334.348338874842
350.909596414238
360.786591523747
372.921060095338
388.033602776231
407.825394722778
433.072047916613
456.978282116384
478.752257902866
500.689123115523
518.875748165728
528.429053848934
524.017395117637
496.829881223490
446.058470202925
379.367453327822
301.173803452967
218.892581922746
137.559278156286
55.2336462639677
-22.3844252034938
-86.3599559157651
-135.951131500481
-173.397381897359
-202.255347686740
-231.968133218825
-264.080643851883
-291.530110361227
-315.313964854353
-337.062026488323
-355.756947707986
-373.894819564598
-389.751902008168
-397.414744972937
-397.734948981278
-395.364905275708
-392.127755030283
-391.692042740363
-394.502271182482
-395.228618752941
-392.126688484633
-383.648787718799
-366.931744035494
-341.428810318876
-303.868092979839
-248.720055251333
-176.974643044305
-94.4990368725875
-6.70277974182616
77.2424527208878
151.652746179118
216.436057125077
264.939537947872
288.460482494208
286.923155611437
264.892798282209
228.853196664131
192.009373229939
160.112573664595
130.250357222379
109.436375385307
106.724538972954
122.126419145341
152.947641851128
192.728533611032
226.825618335044
251.417393793439
273.327444384781
288.691321969564
292.922289494931
286.709403700678
268.384040210071
241.999199402226
218.542500739437
198.793884469207
176.298869358359
151.196786355889
122.238014130642
88.5493858965738
54.6707174507860
19.7273316438911
-20.3607215793541
-64.2840463955795
-109.456387402533
-154.171741653283
-194.494597697443
-229.467004573387
-261.839553665584
-291.582457948144
-318.672150410598
-343.494600584340
-364.394994931141
-381.522038922732
-396.252648394372
-408.111998675376
-416.277961862127
-420.047646610213
-417.775056870996
-409.151433144638
-395.334468862290
-376.369644804725
-352.368491245114
-323.517701658256
-289.107313773925
-249.199366474545
-204.329040095565
-154.484407161656
-99.7749937510995
-40.3250757810893
24.0066832459586
91.9303112948878
160.703418172855
227.687107037532
289.420192463003
342.662750080798
385.001928688602
412.458513719869
420.244394936035
408.487201922343
381.742398747525
344.779941011334
305.725343168390
270.084711650700
239.007043787155
219.690542436584
221.597349104667
245.053419770649
284.505863075722
333.171809758100
377.561086096306
412.019278981903
440.751529817192
457.297669552161
452.937583496925
427.936822082966
384.369516396707
328.447791466643
274.685176545059
226.387364598410
176.361217532303
127.670266570973
83.6200012067062
43.5872689176172
10.4984342584482
-18.6898706521906
-53.2490539565859
-93.1182070355085
-132.467477492173
-170.658571521440
-205.307914122929
-235.234618081895
-264.426003622933
-291.981685909038
-314.622378355903
-333.226377356507
-349.020049229981
-363.132022196484
-378.742936011296
-396.408241380593
-413.981975849383
-431.467486512307
-448.703940936184
-465.625983833770
-484.079142776382
-504.443964330395
-526.334671960365
-548.858060953148
-569.123714191283
-584.291159394756
-591.055689114344
-585.621553821401
-564.582568238484
-522.911645960464
-454.329923838372
-359.377194149068
-245.200762273872
-118.766518852709
8.58093167078001
129.063384109114
241.267306605052
335.444682684685
398.735719892787
429.748214616682
433.782790992028
417.908171719234
397.714674103378
378.477199438372
352.994754463402
327.196534012656
309.440283862785
299.941500131611
299.980067434330
305.524855869357
304.103665849777
296.236671885840
293.144936171656
297.063516615054
311.687833761173
338.263504523418
368.046088446867
399.278201565958
432.883699928960
463.603905625810
486.596293090936
494.837742911262
476.818521852254
431.268244628786
366.518576896432
287.654338849028
204.159864079125
122.994346230879
43.7107729875366
-24.0912011002501
-65.9511278166492
-84.5693126130637
-94.2963710833803
-107.888986848479
-146.904344870959
-210.943217722693
-270.815188156018
-291.797178208623
-219.426692966280
-163.255988015964
-240.460718945829
-397.542417735112
-457.621732862660
-420.916224025089
-399.611242146592
-397.244873014713
-413.056204229841
-449.547929104923
-455.774904307827
-426.281598673868
-412.976693514401
-401.258729997690
-370.454618068769
-327.428408270742
-271.700802625670
-200.727470797183
-120.442313707404
-35.6902831493842
47.4857741178623
123.772867008085
191.270622983735
243.443001754324
271.450207221114
274.857694105021
259.117395832359
230.150655707128
199.549922034604
173.040970081948
148.247376922705
132.187687499467
134.420489014065
155.006742844526
190.483355286319
234.433500752800
272.520112231961
300.790051270258
326.104697738365
344.553824845805
351.245817279022
346.847344970856
329.828655777200
304.193362464728
280.902384887223
260.751840001549
237.231450223934
210.498093152459
179.381026525063
143.048720981233
106.102530681055
67.7671568657360
24.0725420469957
-23.5505512969773
-72.3802337159001
-120.552461314677
-163.954539812260
-201.544538530317
-236.088220047381
-267.566037622807
-296.027796789545
-321.867309268088
-343.328460986935
-360.587034518243
-375.090658986943
-386.754117479375
-395.588878227947
-401.733816845348
-404.599141280788
-404.986552678268
-405.044299516546
-406.258493856963
-410.482117946690
-417.489811497712
-424.032500834884
-427.620183924015
-424.811582620548
-412.613871009765
-390.021243847231
-353.354158529800
-297.576277649579
-223.382552648563
-135.814196831288
-40.2723113476902
53.9304889520396
141.258886826170
221.604323091160
288.277942321938
332.650671448936
354.177502322240
356.441585775586
345.005931882648
331.889643801149
321.433581993122
309.292272115572
300.549145958656
301.905856776376
313.333323458475
334.439160260576
360.902166186093
381.641467471647
395.284301506974
408.958014999481
421.938374696954
433.897500456138
445.335964414541
451.525693018588
452.894092688005
453.579649309523
451.166538093141
440.648369764500
418.501086421144
378.681168778946
320.858398349929
252.144043158673
176.232818060047
98.2802929507475
23.2365099316036
-48.3902144117055
-110.705847708891
-154.771187132049
-179.961936902955
-190.628099186370
-191.295499415927
-191.806754342217
-195.747356149532
-198.504385218695
-203.925276085128
-217.593669721770
-239.140062182437
-268.199586528111
-301.105629563859
-328.423795145753
-348.896935552164
-368.259117371529
-385.800718917273
-401.253538835319
-415.462385213734
-425.480644273326
-432.723112747573
-442.013548592058
-452.812255175140
-462.317207653629
-469.592754964515
-472.045105208332
-468.380101929058
-460.011284561669
-445.500875680006
-422.349268250861
-389.425648536189
-344.875351608452
-286.989730237661
-214.802549230626
-129.463718035717
-34.9599324732969
63.9804955340737
160.614983074565
249.192124714468
325.899030926870
383.132319700119
411.501554065067
410.406780495216
386.594648193181
347.260245585366
305.688333531932
269.011783016082
235.299549399232
213.364974092691
215.224517100877
241.098434693014
286.129717716777
342.308599146162
392.080243864052
430.231420350709
464.896684851830
490.803648556969
501.161676808856
496.608931922852
475.608394311601
443.213772289047
413.274165687819
386.845640109896
355.417896307024
319.219701252825
277.010766702898
227.875350576118
177.932017106724
126.542488000785
69.0149883428667
7.71732806611334
-53.1761318463142
-110.497132325697
-158.057565517677
-194.534391545871
-224.525198126687
-248.968279433052
-269.461184413795
-287.599913290426
-301.314048670928
-312.203321444134
-323.980322969308
-336.618176176465
-349.119036233864
-360.420341927608
-367.238091229814
-369.589562237919
-371.109127003287
-372.564259742013
-374.786258727460
-377.965639402284
-379.105057552022
-377.021213691942
-371.127093895014
-359.245529421062
-339.599570014974
-309.360788142240
-264.247387104471
-204.673620370286
-135.443807280821
-60.6294411246588
13.1569726917577
81.4738257689338
144.100424743025
195.762587720695
229.334340259711
244.360981591628
243.973605776317
232.492731708339
219.243939181626
207.700737290806
194.441535359031
183.511977544840
180.349403883640
184.982564999456
197.089722272655
213.358278206612
225.164965585473
231.503063751011
238.087492585427
244.438963621056
250.369361112446
256.444194771877
259.203291702315
259.234088199922
260.096495186066
260.187090934125
255.820650760315
244.572667550546
222.088122488594
187.874115816877
146.654583891036
100.429119940309
51.9105945765530
3.87689310586078
-43.9163995160849
-88.2820688657041
-124.003059711839
-150.706733246626
-170.582971998836
-185.856502041825
-201.757233863582
-219.786842319016
-236.716854175002
-253.936565274562
-273.606778892641
-295.101975799716
-318.394023185243
-341.435499069716
-359.218206153761
-370.903282776721
-378.838297628215
-382.406120105873
-381.402130267030
-376.084124090013
-364.969300326790
-348.782318787790
-329.934491631742
-308.363738686326
-283.025916314690
-253.888403308589
-220.256207782320
-182.106362701159
-140.773045005065
-96.3735946263403
-48.6241442142865
1.86490138659765
54.5455258915110
108.700876869473
163.070102070399
216.530565080529
267.946142370343
315.654001833636
357.704768003832
392.122445746292
416.733211889951
429.049549699403
426.373255361916
409.063421878450
380.799715091375
345.343929078160
308.559385414618
275.074936719615
246.945601553391
230.300541198573
233.077028790808
255.444284016171
291.722438402923
335.665594202211
375.596655378929
405.672679955749
428.122840712707
435.979677010176
419.838949228448
379.859840139900
319.868322434721
246.756178138584
175.450258618130
110.620038461618
46.2392101484070
-12.7903484058664
-60.4282564188247
-97.0486231498933
-121.758791835928
-139.117598822835
-161.175766664853
-189.382866227155
-217.028699569641
-245.187999166206
-274.057627465643
-302.428638184003
-333.409508187697
-364.525858576272
-388.859603676720
-406.366374440583
-420.159672636413
-430.520785208082
-439.582677542573
-447.899586900631
-452.350107150865
-453.397950464102
-452.884734877977
-450.327531227520
-445.644965749509
-438.520856384161
-427.346505430143
-411.616803780008
-391.552376441410
-366.219549394809
-334.500237956885
-295.394627006378
-247.370743899467
-188.946579935156
-118.692883480799
-37.7865449642885
49.4769912195979
138.652531781148
223.416310305515
298.487390258580
360.876744963406
403.877280744272
419.096337721442
406.468343322971
372.637925281951
324.852126542458
276.188927133069
234.098859432272
197.842187680307
176.728156894217
183.131795942714
217.106921676982
272.412624999125
339.932973886912
400.802816449906
448.083131635690
488.368527947044
513.977687567530
514.959193962952
491.857181607975
445.940595801807
384.798006364256
326.654954872185
275.204387361707
221.529057572182
169.045541339124
120.931801902830
76.3876984262532
39.5935082451078
7.05398032965079
-32.1003089972708
-77.5326229100859
-122.431483927589
-165.781161734786
-204.223412136677
-236.338424671604
-267.078406260856
-295.540623648895
-318.262633867815
-336.421882395201
-351.208999230112
-364.097918709131
-379.079383028635
-396.250578089226
-411.963155777939
-424.928348004962
-433.050865295731
-434.810059194003
-431.561926812990
-421.985780054015
-403.531037459353
-376.270968695092
-340.839732548857
-298.290247379776
-251.459937402163
-200.979523983380
-145.248510958995
-84.8345185085766
-20.4264754621587
46.9004891600891
113.988919129325
178.714313080375
239.311032610327
292.504099258295
334.726071174615
361.797362047070
368.392838863860
354.394205770002
325.156657711624
285.343684858496
242.590926931481
202.551038287671
166.407283728032
141.493109811367
137.783640614761
155.747807679844
189.721312383178
233.120482278820
272.650130440921
302.920288629468
328.671501320503
343.869005431675
340.200395222571
317.868722259802
278.210006916060
226.740786350997
176.970991616967
131.362975272716
82.3422324601738
31.8808133701274
-18.1505378641247
-68.2399346493474
-114.084487398538
-157.252007683810
-204.454130580875
-254.138718367937
-300.531163691500
-341.190284778155
-371.380789443423
-389.775542055828
-401.287944506477
-406.501354659621
-405.390181218816
-399.925150076237
-390.016045106765
-378.027939918575
-368.770460423827
-362.091994282432
-354.499361774291
-343.471526713834
-324.091234934045
-294.244486082477
-256.282488549676
-208.269438359206
-147.232498221155
-74.8003321950347
5.83916872371068
89.7839934221623
168.224310522892
236.459071124542
293.872706816053
334.817638083313
352.791595797359
347.892899393534
323.997309434616
287.148616397945
249.077548316163
215.535707066255
185.493901062281
166.318475650282
167.304031536030
188.591535009719
226.163897623674
273.058026950519
314.494682975236
345.615884613446
372.217351528340
389.028731577554
389.361009638384
373.695493811873
341.992006118604
299.467363014230
259.199192689880
223.154575438311
184.244170067326
143.956212375114
103.087464344338
61.0353582200343
22.2026038956956
-14.8994699092570
-56.3656169994207
-100.868687310660
-143.779068179025
-183.123952485967
-214.687638741686
-237.428679300813
-255.678373342467
-269.916214985813
-280.124468726106
-287.976138336332
-293.316995423809
-298.096916670548
-306.343360701025
-318.344457368736
-332.106391610510
-346.490531485944
-358.662997802811
-367.985997594693
-377.209126113311
-386.100836003265
-393.845768875915
-400.253203398059
-403.289419387654
-402.111308148312
-396.886714194401
-385.676920467128
-365.649552088919
-334.090743271647
-287.243951954268
-225.226618968084
-152.661329373251
-73.1073246921996
8.01209275190153
86.4382016248853
161.308640587638
227.358650584449
277.321444791800
310.185418555568
328.609502855043
335.829423642822
339.443339731798
341.684846813881
338.114296693308
331.116275639796
324.324941105864
317.921782715082
313.580678550943
310.223361440273
302.926903162595
293.188165990803
287.341915329890
288.158016795117
299.656058005222
322.324791745279
349.724145337286
378.863917449156
406.560616478459
427.993552450013
440.786488285589
438.739737508497
412.536009630096
361.914181542326
293.754385849335
214.097809740133
134.210251532767
59.8001634979366
-12.1982861574257
-75.3565491030918
-120.540431935311
-147.680997693681
-159.375245099752
-161.228738747062
-166.428780091365
-178.316638308096
-190.385707359959
-205.970012426114
-229.110981970057
-258.585197935462
-294.906820925685
-333.377021096091
-362.710662169658
-381.433552388816
-395.379929683881
-404.714523609506
-411.784813202397
-414.491171328018
-401.338029056436
-379.340236477899
-370.200279753928
-356.584958423378
-292.415500658396
-292.397779676553
-357.792571804477
-354.075157165430
-312.461548195810
-284.702510600676
-268.589398977447
-281.540850579065
-251.087538839831
-183.981794223649
-119.677306145933
-44.8699114185599
49.8245585947799
150.508045851075
244.128851570702
326.949152224166
397.620258832738
447.799192850624
467.983663281605
458.044375359458
423.677211207605
372.813776695512
320.977560254763
275.238224516576
232.541957223592
201.481831100807
193.198514606697
207.701012160185
241.277261081344
285.859101332783
323.464701817210
349.077867997606
370.683813586039
383.110938152277
380.119192885392
362.578130144199
329.146634462274
285.364200110914
245.604486878152
211.515534092357
175.341766314742
138.133063023315
99.5576945123714
58.6355761427206
20.3158242355448
-17.1846836016108
-60.3498284957439
-108.137638532372
-156.761499196868
-204.749659756265
-248.150056824527
-285.760880591529
-320.887330734429
-352.937302940086
-380.454645419337
-403.718575580607
-421.582103631905
-434.111428501748
-442.929587861254
-447.988162271381
-448.691768543345
-445.284341241347
-437.669300075916
-426.458689259953
-413.430266454296
-399.833317736807
-387.015934818334
-374.991555222149
-361.641104174344
-345.277208380992
-323.513728862793
-294.430420851318
-257.640904781259
-210.796860874095
-150.622477886299
-78.0684567278493
2.73277947412761
87.2716742764713
168.084342156195
240.505474125451
303.833687262905
352.468433865205
379.359992892342
384.404928031408
371.625552476874
346.577568576763
320.277427418751
297.791290502142
277.078872378820
264.379268917087
267.775419931820
287.312969172532
320.211315078792
360.674307727072
395.826870118582
422.032595876902
445.026736260363
461.047657439019
465.497333698916
458.731718339430
439.309772917629
410.664212960580
382.423994688890
355.065185223325
322.355988079316
284.120627394065
239.018594546322
186.643039746782
132.253362936542
76.2889231248217
16.7455976828778
-43.6223606797078
-101.311807894090
-152.713478144848
-191.715299545494
-217.407201721186
-234.456433430948
-245.068017233490
-253.138634988996
-261.382978105168
-268.212363470048
-276.731821256359
-292.177365687807
-314.565586838985
-341.908719298317
-371.570615682026
-397.305793006508
-417.686718307109
-436.662988881686
-453.171078137474
-465.711454929620
-474.577478959590
-478.019899363332
-476.887093911018
-474.703231488484
-470.811181583090
-462.154550304646
-447.577182273645
-424.874508558216
-393.361592535798
-355.483798388290
-311.481052512575
-261.167438319062
-205.437853396430
-144.209413955976
-78.5096682248819
-10.5575997577154
58.2727143601800
126.548193673181
192.213964338787
253.265054342151
306.767432472870
348.680561740339
374.981646858923
381.138304665093
367.207487222837
338.716943003071
300.722296010356
261.084229257516
226.002180718893
197.570872468196
183.913369518032
195.904336284670
233.953945564100
291.110095621217
359.649517222726
424.573826930889
479.129036695409
527.597370907184
562.208827625198
572.331220145099
557.939910506748
521.547818982009
470.020387150075
419.679795682732
374.104599341718
324.618815201208
274.477756389493
227.368339602685
182.553194561035
143.630731089401
107.427628745165
63.7551179093518
13.1890768944507
-37.1021880609440
-85.6140696966677
-128.625376526723
-164.478950929815
-198.066770403827
-228.585392772889
-252.908704119081
-272.122157940726
-286.853150342503
-298.428765830297
-310.720739314472
-324.284678793216
-336.913642748249
-348.566777710025
-358.656783066636
-367.431921937901
-377.812297413664
-390.821621039536
-406.864478288845
-425.752378938429
-444.750979885714
-461.669136047212
-474.069835503669
-478.920622175228
-473.895898374620
-454.952374638554
-416.687985954266
-359.043087088904
-286.743721442681
-204.225861980805
-119.233849006464
-36.2903231829305
45.3912234250125
120.399879282930
181.329378784332
227.163354998684
259.298525184210
280.791561016254
299.813000205108
317.658463417588
328.336542729209
332.886059243369
332.930462286054
328.157756188147
321.641343325427
312.872164813350
297.951042931751
279.114743578348
262.081375669721
250.500677126212
250.004711606647
261.435568332884
278.516772447312
298.303759785696
316.828228971890
329.978642088478
337.613387911078
334.743316903829
313.451032064853
273.621026484896
219.929754212313
157.038815144035
94.4775854006999
35.9501374166493
-22.6081625052099
-77.4171366111534
-123.118991797827
-159.760151517226
-187.179994345474
-208.382650294614
-231.697383808857
-258.039208240649
-282.146368193573
-304.575344902812
-325.474857708543
-343.930930851394
-362.316970344146
-379.112678797559
-389.693001757323
-394.361345585219
-395.631787935671
-394.201919695653
-392.229871674884
-390.008383932483
-384.502196683514
-375.238823858756
-362.237563073296
-344.317794075817
-321.340554197654
-292.074525406352
-254.054081957603
-207.595780138141
-155.047448179408
-98.2438556851158
-40.3709799154703
16.5884442250362
72.8259778726837
126.083409413787
173.296409177577
213.754686551295
247.488963309485
275.136878297691
299.191469451151
319.689894233587
334.132899473184
342.499050207321
344.964061700563
341.780190212549
335.202697012781
326.314904473224
315.557464359087
305.381821002750
299.026633749684
300.002928751609
313.045212071385
338.228375082619
370.435071262256
405.642473895119
437.459065159606
461.186599559613
476.353466885171
477.118726399365
455.327555944762
410.888224918915
348.638781646595
274.302488797018
199.312118825354
128.441504934706
58.0881498982259
-6.40366871023792
-57.8594017950843
-96.0966186395201
-121.823604404271
-139.269004803313
-159.292788390905
-183.649827383091
-205.869774793527
-227.400245089271
-249.648994332145
-271.649934398989
-295.914302503879
-320.145242850184
-337.543176430109
-348.348411603109
-356.723354105296
-363.546551466280
-371.392702045086
-381.252646968512
-389.921355200092
-397.947157001745
-407.289219850200
-417.523915495433
-428.872112966684
-441.021274969280
-452.152279044726
-461.481877672138
-468.634617409286
-472.014489555354
-469.744999879509
-459.746702009543
-439.186996035164
-405.024882320440
-353.935900600744
-286.201731745746
-206.298902881344
-118.567318134009
-29.7294494066548
55.2212501992168
134.835689879864
202.754857175971
250.581556546383
277.393805854628
287.053683840082
284.269433711006
279.130614700389
275.305810967559
268.347096957161
262.391676181938
263.328405734041
271.284454563468
286.615426428409
306.343972477041
321.784370424833
332.843994257345
346.761081199657
364.456646730714
387.596583421987
416.713149621995
446.003582887353
474.261308527199
502.346911978493
526.536381603007
542.758074903960
545.976663485089
528.207181502607
488.612330784889
433.549853812480
366.956930045962
295.774243748407
224.259702978558
150.194851968012
78.3891907201988
16.3801086225732
-35.1762316016600
-77.6618205472145
-113.905268682637
-151.890588571870
-192.423024204361
-228.839381944364
-261.254900487397
-290.034143115624
-314.166656606014
-336.590141564311
-356.386379181998
-369.476929236875
-377.200591522900
-383.300095309475
-390.070263026193
-401.768600248862
-418.796835831015
-436.154901745604
-451.718894738199
-462.724638163957
-466.362854062941
-463.007488373647
-449.560337773196
-420.883137919361
-377.217533847306
-321.858056675549
-258.238610570873
-193.194515638963
-129.727550956732
-65.8519314667234
-4.84325803298793
48.9252322113362
94.8125351535071
132.267802445200
162.741377141778
191.274202172195
217.848272768992
238.068072822658
251.633562011489
258.050719423575
257.186767358752
252.472598628521
244.792694005798
233.707222786680
222.030856092078
213.487822541614
212.105614695317
223.790941975213
248.911503025043
281.748101034472
318.343143236453
352.267320513282
378.957881403310
398.845669634273
406.435108647595
393.694579294879
360.418304075335
310.512203202629
248.878758750713
185.986415589428
125.451098429403
62.7106511343582
1.53338245581212
-52.9614802124361
-100.587875881501
-140.147328312637
-174.068760645869
-210.127575664835
-248.203986633503
-281.992129836794
-310.666900242506
-332.545552863174
-346.600846155075
-356.813814784268
-363.002587143828
-362.827502693258
-358.138035417089
-351.452034243552
-345.430463806852
-344.979275551349
-350.288879270717
-356.511601071246
-360.990623294054
-359.502623504173
-349.040849604162
-330.632370830107
-301.016531331103
-255.063718241301
-193.667459527488
-120.886499017252
-41.6097617889910
35.0150622458261
104.464445994523
167.794127178064
219.788385997390
253.931018397676
269.997897154641
270.067547655689
258.663621780983
245.882632686986
235.111851861204
222.948557317800
213.464889579033
211.708096547015
217.813083429300
231.983313534398
251.059956554596
266.602674394790
277.891681146458
290.755258288461
305.018970509171
320.957204046196
338.894201617070
354.515236990316
367.578181057593
380.391199690248
390.321229893619
393.126021422491
385.056841027837
360.090057335135
317.544591061835
263.085392521394
199.742183544188
132.279411379211
64.4516857657399
-4.52209896436657
-70.2442343195743
-125.804872145855
-170.420207894302
-205.986729438915
-234.942129445943
-263.860367502628
-293.744519599331
-319.145850206962
-340.594001289041
-359.231269004496
-374.414135785584
-388.361068248057
-400.302995204296
-406.591987611044
-408.499638286741
-409.957437338705
-413.200825456348
-422.031475303158
-436.535056549608
-451.285348976117
-463.459094391572
-469.467292057595
-465.521602944411
-450.819430793282
-420.874055708278
-368.936035821450
-295.600570063663
-206.664043445467
-107.991523894919
-10.1213889402124
81.1122296099098
166.652334911224
239.630929515889
291.009677604086
320.098111199930
329.608392617972
324.714193227793
317.467082009405
311.365316537857
300.826084499017
289.781248548091
283.373372274568
281.507461651567
285.496506375173
292.287855435552
292.773726123657
287.147295746242
282.812107596402
281.023289306113
284.232172576399
293.287286385610
302.368891977079
310.627957223284
319.256189972440
324.987858038096
324.593983082727
313.694055008055
284.921925747126
237.806653397140
178.554935404069
111.042140233125
41.9995095176075
-24.4614046293310
-90.3865881107957
-151.262654974420
-200.101618050047
-236.627409424331
-262.744677774180
-281.839934762511
-302.371691643110
-326.157124511479
-348.047826937729
-369.623416786754
-392.974541151425
-416.797654460774
-441.313392556365
-463.169902340725
-474.682090858672
-474.206100727246
-464.230955716360
-443.214015691901
-410.350349596259
-366.440799823139
-311.115299856731
-247.230449722969
-180.765333549670
-113.911173179747
-46.6763458226928
17.9958493529112
77.3404224059637
130.243052963302
175.595810273764
214.064765218329
248.635663114670
278.827200545053
301.246501374935
315.301788765991
320.292710330861
316.405215370555
306.948057152751
293.543282908796
277.334176269904
261.844383165350
251.135592079488
250.273877068234
266.187692893114
299.135262291663
342.405969826092
390.670643725706
435.113345176788
469.825890976019
495.184829512630
503.999293047573
486.096300021942
441.381992801801
375.193869606603
294.411013713862
213.289816965708
137.148692434984
60.6825077295220
-10.3554950299683
-68.3249862768416
-113.213267954173
-144.937038855084
-168.162124674400
-195.340400201552
-228.025308112160
-258.586910821449
-288.108043392943
-317.175795641725
-344.475629089280
-373.277137349440
-401.099216147586
-420.652235243718
-432.234730378976
-439.834863995404
-444.370901831552
-448.856818446871
-453.830130495871
-454.897406209625
-451.652122218759
-444.713615877799
-432.576677868378
-415.006132091939
-390.471857527393
-355.628546501497
-310.596415809364
-258.005838795056
-199.523279818340
-138.258575754706
-75.9807678750160
-11.8123942974318
52.3706181152060
113.793990528062
171.375134727936
223.726994700898
270.120936805636
311.245619907012
345.423689754463
368.988759673281
379.716102825067
375.002430364733
355.096334620469
324.641232665853
287.178323815456
247.468946820397
210.569307948310
179.643133992658
161.463179939559
165.122461603427
191.105465572618
232.764583285475
283.700888702016
332.072432850820
371.668917120867
404.958105551652
424.544519214113
420.103533379656
391.645986647517
343.135453890161
281.485703606243
222.026489928475
169.173452805753
115.839275038984
66.4222741557480
26.4345483407620
-4.82541019360277
-26.0391897686564
-41.7347665199167
-64.0112475886851
-94.1373312736261
-125.456481968950
-158.760751965845
-193.643015647584
-228.743203689333
-267.248592667463
-306.623568187491
-340.077307908738
-367.257766812176
-390.389936230122
-409.198260428321
-425.217047641871
-438.882496578004
-447.844535716876
-453.066122567295
-457.062280732319
-460.033621576752
-462.118357050417
-463.904084443653
-465.102604193701
-465.123364294626
-463.048286362465
-456.808080187829
-443.248898133023
-420.324662617767
-386.882568172344
-340.270421178240
-277.489628254829
-199.390143515907
-110.126414161640
-14.5236830485071
79.6042530101534
167.066559143447
246.435317991351
311.216264240633
353.253179359210
372.023791035910
371.892296830090
358.586651639619
343.673814161169
332.173158372202
321.004244386546
316.237769831896
325.990734628888
350.101850203108
386.076922171850
428.056286982314
462.762627016873
486.891440781973
506.910742548551
519.693245983713
521.612302238890
513.319194149672
492.770807446012
463.255904297542
434.100104296740
405.714550389102
372.584633787684
334.582033738226
290.149327588575
238.817647120237
185.344692220828
129.818827589464
70.0355958060460
8.05275780220108
-53.5751465101486
-112.271843598380
-163.280170246743
-205.649508599340
-242.440381760455
-274.531223257048
-303.744862544223
-331.300741064552
-355.445619702364
-377.461618207393
-400.079071863769
-422.859526810070
-444.394392407389
-462.915156606349
-474.534405675829
-478.230912702513
-476.083050779060
-467.377225515818
-451.261323568921
-428.056778271580
-397.112067944838
-359.369053140639
-317.457403138987
-271.759280145490
-221.397137354735
-166.830939284966
-108.154098699873
-46.3884446295770
15.5406940046383
75.7362594434398
132.388605031973
182.697707728670
223.990592595037
252.819249539669
264.776102366086
259.907868471828
242.704647470468
217.249344771470
190.261147225510
166.716198342685
147.895622949792
140.303212142316
152.660458133074
185.128671069248
232.070368297117
287.042270716576
337.555178545149
377.986294887104
411.706182363738
432.237534798875
430.827128560365
407.672782666031
365.380313093158
310.186998546506
256.295692391098
207.415503339252
157.049347641358
108.883074975053
67.1750311896772
31.4245198225671
3.66908357954917
-19.6237106996146
-48.4988015318432
-83.4759494999971
-118.554173453724
-153.770325264884
-187.813982863489
-219.355526421416
-251.558358726918
-282.573079456457
-307.329357957608
-325.882957434953
-339.833113958391
-349.408810422077
-356.645264619236
-362.055958004019
-363.701728010783
-362.317309315458
-359.502857987796
-355.661337090107
-351.900163430227
-349.144673680742
-347.646669480198
-347.121046563719
-346.192658331192
-342.936941433439
-334.571326396367
-318.947757215074
-294.861575230715
-259.465895384638
-209.237237622541
-144.773175747996
-70.1519372502180
10.1659000503531
88.7598806835756
161.197836247327
227.367982998357
282.033295523103
318.480202578038
336.198774765209
337.743374422344
326.333392433011
309.150334903659
294.144092968530
289.384072825184
294.650903182207
298.478379732242
325.684493558970
417.922747458399
447.118178696131
399.782782830767
416.019907773005
482.867613429757
517.132723551625
512.311515651830
464.331682488400
431.499325542302
418.313465698149
381.413144982294
338.725624676036
301.436886117316
261.750154208788
216.747172247811
169.079468873673
122.190907553618
74.9211783184349
23.9924696281463
-29.2999700652450
-81.9967628558584
-132.409168220317
-177.228112365194
-215.523326706868
-249.854387856647
-280.360140606044
-307.093078711332
-330.875710210878
-351.051811700445
-368.595919232643
-385.820917187537
-402.955615783744
-419.331557085009
-434.710575005529
-447.907077449160
-459.289779657882
-471.275933579969
-484.808464216354
-500.797228339454
-518.750726177774
-535.259743542560
-547.742765569563
-553.126274568521
-547.888323898307
-529.575257085410
-493.633185742170
-434.010737851801
-351.113790117154
-251.062575146720
-139.812041367198
-27.4072031700582
79.7655823860147
181.389799002475
269.628972045695
334.082354656062
373.592108398185
391.719369047528
393.879326661762
392.595103612273
391.545719110603
384.262829655206
374.768804084076
368.712404225210
365.908852224854
367.787007081752
371.206959116399
366.513406997765
354.209332562090
342.695541152799
333.849892732749
330.986212087230
335.312740580177
340.433223538331
345.441710807822
351.449812904098
355.116763748226
353.727247393035
342.870835034294
314.837421126677
269.117945026537
211.724014500124
146.355454640690
79.7397970984614
15.5147719681695
-49.2306608112597
-110.758225535688
-163.060745537655
-205.938458057591
-240.207697368586
-268.453702831375
-297.902806099079
-329.457861144285
-357.966457657856
-383.896152820144
-407.733120951551
-428.226180363829
-446.633884274754
-460.829705059372
-465.525798837895
-460.112547415692
-446.413554595762
-424.034132287046
-393.679405365811
-356.006413033827
-310.060335869271
-257.368660426335
-201.063160825593
-142.375368484684
-82.1562861961768
-22.2664280642978
35.7759822564317
90.6777537494763
141.003484247411
186.098656100240
226.081557830602
259.591457497004
284.059825787667
297.893098749011
299.331357996930
288.669433718363
269.283355802735
243.898496538063
216.181407061893
190.285153711417
169.379720156902
159.235757438141
167.457406398792
194.503506135384
234.500482566801
281.997080353844
327.130146580731
364.492872266555
395.925430819568
414.951555011149
412.468761128911
388.295520764171
345.810370058919
290.714346904294
235.830291822478
184.682577639324
130.846838064173
77.7300064412105
29.7083137253556
-13.5553317848066
-49.9532892656759
-82.3492888541018
-119.658035716162
-161.730875599617
-202.128360292286
-239.937010452796
-272.813882410075
-299.527808534332
-324.312596660830
-346.611395410357
-363.556586547193
-376.488720049264
-387.036937049818
-397.011235810249
-410.477134599364
-427.404843066304
-443.600130512988
-457.004518147670
-464.416606831440
-463.464238336824
-455.020131520350
-436.650271937940
-404.440360036184
-358.812674511378
-302.228733039769
-237.744611732409
-171.442582902689
-106.103491689321
-40.6324081396116
21.7420768436665
76.9540001890750
124.153811388324
162.854164178649
194.209847746296
222.457946891135
247.501304615023
265.331587197834
275.651494779510
278.124804295376
272.838136854896
263.215089315680
250.536519661409
235.053552780473
220.012271927564
209.548597769507
208.310468932899
222.824641607795
253.462202391072
293.895165091002
339.450421067297
382.488981944297
417.677347453035
445.339303810999
458.977459092695
449.247936116402
415.876719135313
363.445511894429
297.746038618827
231.080015935453
167.740562149514
102.448938322159
39.7152226421330
-14.3365740483778
-59.6663372210986
-95.3692655299642
-124.794373757503
-157.758922853364
-194.689613814150
-228.493268361237
-258.887956202764
-284.744998225412
-304.870492535295
-323.290182774478
-339.061843852117
-348.114834382961
-351.842928693699
-353.213156120910
-354.352285622710
-359.704552572292
-369.512216053481
-378.856400208043
-385.663692353725
-387.057322729127
-380.354740679723
-366.157001215060
-341.595041600074
-301.893064509546
-247.574061982538
-182.109137923420
-109.249927279810
-36.1769478631328
33.6143195762386
101.367009509010
163.101787604827
213.679252179948
252.364064969377
279.369074560995
296.803048031937
310.758397223401
322.044692327439
326.472333202995
324.850636176764
318.221944354080
306.645695570213
292.893698589881
277.109106237951
257.189954871123
235.478253625953
216.743849630761
204.567572993726
204.146967575574
216.100233328405
234.827220199399
257.145288806652
278.401672606832
294.387448682499
304.755747042688
304.270748573088
285.031380562101
246.709911058455
193.611687058029
130.261240435801
66.0981584318653
4.58129160281627
-58.6280019653211
-119.998819522800
-174.479336856761
-221.977928489115
-261.693978043777
-296.040884282756
-332.507519920476
-371.167728282284
-406.132471514161
-436.808250226751
-461.875827235687
-479.901008066819
-493.477978555274
-501.236494349166
-499.282009800383
-487.869954222240
-468.346480185725
-441.313570755080
-409.065249714594
-372.164064694208
-328.863907734496
-279.620623714213
-225.276838826326
-166.317247047403
-104.567263528717
-41.1576930265081
23.3240956631586
87.2734410188400
148.903669082804
206.356741582522
257.234022293737
299.282410817955
330.373019399468
347.875975770465
348.958986169110
334.063672171644
307.007500980982
271.807932430682
234.764236821837
201.075948050924
173.545089498649
159.252001187766
167.294837877378
198.166009607671
245.591295967094
302.922064317837
357.630748002719
403.560647077688
443.629582470965
470.531179312267
474.189878364376
454.501337709163
414.649848636510
361.143139978011
308.918074194714
261.693179387443
211.775229134804
162.646624998266
118.559642351809
78.8306249640693
46.0079213960047
16.6294061182149
-19.6188574866449
-62.8166490003877
-106.270528315723
-149.307594494061
-189.518248881063
-225.425585153349
-261.130194668699
-295.314827813769
-323.805413434441
-347.175267404407
-366.566356438447
-382.728388116695
-398.591300644403
-414.526610608239
-428.120873918124
-439.387760767723
-448.416844845854
-455.087923484346
-461.010794210031
-466.585246355028
-471.447545464189
-475.200524828086
-476.125855020274
-472.478293389825
-462.298199028797
-443.335709423352
-413.641356617286
-370.232233426990
-309.334098285782
-231.742880442430
-142.677791092928
-47.3077806272502
46.2220295488975
132.141901772477
208.902653326942
269.351443361333
304.237074948167
313.163543340958
301.516318927253
275.953820218539
249.672919641806
228.674730099556
209.825442538813
200.358464148892
209.934367328936
238.564066969837
283.313657338056
337.553673046360
386.156534858187
425.302625934381
462.414356719995
493.783770623906
514.985286089448
526.399753176992
525.134070587193
514.279437552628
503.699043368222
492.919285650072
474.579971648337
447.257664889348
407.681633683635
355.067885951579
295.927676549925
231.333906970050
160.510738621697
86.9339073886365
13.4389159783933
-55.5353751334112
-112.432763245333
-155.966814165745
-190.416571816435
-217.837106673342
-242.765063907719
-267.122812312614
-287.190952133490
-304.824978854961
-323.775175677541
-343.813864787977
-364.907277634858
-385.595894723812
-401.178118751306
-411.971065579235
-422.679532716323
-434.572245140281
-449.531186841257
-467.684590084379
-484.328074457729
-497.464875913141
-505.564270990620
-505.256065988854
-494.302004107058
-468.448024364242
-421.294940171409
-353.047216894935
-269.654055301024
-176.217350402517
-81.5050297748133
9.09048703032801
96.1891981702708
173.415562831730
232.022051349121
271.038450835467
292.816931673743
301.475277714199
307.177739574299
312.382323328068
311.106847576132
305.893265023675
300.329711366676
294.281996539361
290.079249636816
286.092248237458
275.911075549474
261.025733752814
248.428200417946
240.976317478199
243.200614912708
256.127003949832
273.483730145941
293.263327132381
313.824922830291
331.357127326213
344.393204711979
348.083055634345
334.458311010601
302.883010404769
258.140393366263
203.871576671192
147.577382745769
92.1968675337362
33.5031805890184
-25.6789803339132
-80.7730219246910
-131.572150536725
-176.997968197540
-218.470621143668
-261.598081564162
-305.629584042963
-344.743722957042
-377.288341685423
-400.752276768500
-414.004174665764
-420.816851241951
-421.565881526151
-415.454037255875
-404.353921197305
-389.577822229520
-373.678488470654
-361.315882860287
-352.646927897483
-343.890158226434
-332.641819507796
-314.559663091793
-287.401315323006
-253.105894363960
-209.465764232034
-152.947706641260
-84.7297914520985
-7.78292540536021
73.6041845410616
151.413478995466
221.775471655334
285.188661752019
337.183256870435
372.507955059091
390.651349597977
392.733253854454
382.039253954830
366.289350183899
347.887649227297
324.009544823333
297.708819329801
272.799287594494
249.938320788706
230.557352039368
213.532668203304
194.085430479419
173.480994563052
157.861867930302
149.526968237040
151.644104074300
164.863950836938
183.841371012496
206.469379483672
230.974331126688
253.248986763336
270.464593223935
277.042754544571
264.545425041055
232.165226557812
185.576246940658
129.110105165239
71.1168680911670
15.4923015947596
-41.4680762559829
-95.6088325574665
-140.469622435787
-175.953499994815
-202.739085230528
-223.939076930896
-248.108572478606
-276.076197479065
-301.522491793476
-324.558200620656
-345.055694341214
-362.102359870000
-379.041187983791
-395.059885834179
-406.327377435406
-414.071606186009
-421.341691367011
-430.026027998521
-443.938888729017
-462.778978790490
-480.909944634962
-495.255979216504
-501.775197998216
-496.432202619789
-478.260644477784
-442.562444893097
-382.467612040571
-298.672190833535
-197.289383532921
-84.6361333323994
28.0687868119231
134.283133784493
234.246386033005
320.026945396974
381.279903794599
416.942571793979
430.239343741331
426.753509743524
419.511511130431
412.289031450744
398.665637188190
382.872703995319
370.665783801556
361.970752425680
358.377530190771
356.754352864410
347.337338585855
330.758504099617
315.724718608905
304.283591003517
299.958335177445
303.932837274932
309.412206234373
315.212911613137
322.093124415849
326.278973305131
324.736675724505
312.462231216281
280.943796438783
229.684448862825
165.433251481904
92.5750526941780
19.0184297593525
-50.8918149948542
-120.152845282537
-184.177259349806
-235.799959405916
-274.798266221723
-302.518970726935
-322.329255354930
-343.119916009346
-366.380241577535
-386.327366553303
-404.074716371839
-420.949865337911
-435.655149117127
-449.394171690802
-459.416116778568
-458.888447279858
-446.932326320115
-426.180582111955
-396.007057468704
-356.930459535951
-309.990547956033
-254.447763075013
-192.741834875714
-129.721354977672
-67.3415164268317
-6.49899686259918
50.0895338742187
100.079202420954
142.481354161381
176.866254741113
204.134459783658
227.062404455058
245.920959920195
258.647958199842
265.762785665997
268.052837137906
265.824010990842
260.736981202449
253.287024489148
242.914219537473
231.718717555628
223.534467562346
221.627802036866
230.337968858115
250.096505310716
276.248321247609
305.680852806946
333.660287111926
356.313287940875
373.288758101515
379.720791254094
368.502339584855
339.174210660728
295.234710776401
240.587968672015
183.612649653361
127.112793593624
66.8300658072396
5.56518433592229
-52.6239044407794
-107.554916050320
-157.764704320155
-204.772085196628
-254.342660801283
-305.702706066177
-353.138190489876
-395.019875998627
-428.727620323222
-452.897173489883
-470.830926758589
-482.319809762234
-485.802073861088
-482.486123741105
-473.185525355455
-459.624701613274
-445.489772520646
-430.966922845979
-413.206347080882
-390.815773003569
-361.179793748762
-323.187570786146
-278.970453429042
-227.784924451462
-168.013743350020
-101.272419995480
-30.2247358650575
41.4064211232464
107.292461888247
163.705078512824
209.509360015210
240.284169053965
251.018162000106
241.985115688531
217.030387011040
181.435321639672
144.848653552355
112.850603193344
85.9932829641238
71.5981430391723
78.9427436870016
108.548945360357
155.936220072474
214.709956246763
271.549095866848
321.625621353914
370.048495567457
411.415503954335
438.491696484178
451.104809387860
448.862018379923
435.802312455111
423.216081393951
411.742855354415
393.007105805071
366.697181102411
331.725281490360
287.224371560651
238.937935359847
186.913774854988
127.832573150780
64.7054047944125
2.14183619179733
-55.6274995311281
-101.324682088304
-133.768288522417
-158.767359867021
-178.783250001785
-197.993703619916
-219.387699773873
-240.739811087798
-265.291108107206
-298.850477994172
-340.562904634444
-386.719275087047
-432.817673219642
-469.784252941997
-494.158302183666
-508.920855166682
-510.610871805608
-494.905425887138
-462.263993196869
-413.413087777218
-352.164759749885
-287.262907350902
-221.353733671818
-151.998291340755
-82.3753624504417
-15.8508730366984
46.6502836240273
102.902688344922
153.667094303520
203.208116091429
250.233725762184
289.433464859111
318.923890841639
335.991573587435
340.016170658707
335.387757311177
323.655641814080
305.952895887071
285.825769832010
266.199971284109
252.078336040884
250.965095708549
263.571707886894
284.472943077887
309.668898299334
331.704902634139
346.811210856858
357.942543358131
360.973197859390
349.520574902933
323.679535460528
285.082525952554
237.378530853502
189.488049802592
143.124336874935
92.9043038343124
40.0700331175991
-13.9917529412303
-69.4894512891254
-123.166141119001
-175.626772066799
-230.838413400222
-287.287185343637
-340.785899948348
-389.124468843248
-428.430915605282
-457.573203098100
-479.929194077899
-496.018788830310
-506.286446676588
-512.111619005993
-512.968188917208
-510.527385417913
-508.216994506675
-505.886931375016
-501.293574585150
-492.644890565640
-476.261892781072
-450.879558520101
-418.632144962295
-378.534858363613
-329.044073821417
-271.299711511592
-206.809895356296
-138.533739554665
-71.9690109742750
-9.81546892561184
47.6207084845219
97.1125675161674
135.152186668289
161.578403943674
177.924494446313
187.176647814218
195.449182961511
205.494932318460
216.508469239144
232.131715510351
256.938538781130
290.916802932548
332.108616761190
376.937093957432
417.806523172332
452.400151633848
483.952763742509
510.088340653578
527.844010689265
537.207470068988
537.100436227755
529.251849473137
519.015072847219
506.312492190583
487.058797235525
460.695558932963
425.927845280673
382.363803867527
333.342844559562
279.331795130094
219.574736040509
155.943349169392
90.3971732980384
25.4106124497212
-34.8896455872491
-89.3030179294445
-139.439547161202
-185.485827428185
-228.549130477470
-268.648449631250
-303.072317978967
-331.581572539823
-354.808201876832
-372.524475439733
-385.697937664676
-394.709093432530
-399.156942174223
-400.532687575831
-401.493266683768
-404.502711719645
-412.930888147585
-426.843810186705
-442.246243217442
-456.226606033000
-464.352187867588
-463.338551022527
-453.131722576856
-429.816533767009
-387.787287306900
-327.505797440753
-253.168802669936
-169.685639594988
-86.2684293694068
-7.37614772498952
68.5538439737404
136.390666222258
189.517852626916
227.501034152254
251.717382420641
266.059441221119
279.951132480159
295.717728638195
308.729621817666
321.534873414040
337.262665055687
355.324037661669
376.437788021093
397.657277053034
411.365139090548
416.919267632114
418.844843725405
417.045665826896
412.306602264735
405.177763506794
392.378708503405
374.357310548588
353.759172755907
329.497377639843
299.633078579727
262.737765180627
215.769727943688
158.948412920439
96.3157311510646
30.0451914123725
-36.8714009554977
-101.580110689960
-163.554828892496
-219.501263250799
-264.591084476230
-298.360126160017
-322.991885603067
-340.805194915043
-356.933563020470
-373.399256617321
-388.104299032156
-403.431345424698
-422.799843957202
-445.516328779238
-469.750362113931
-492.052369157408
-505.360154835592
-507.276262610581
-499.961763131632
-480.944838108039
-447.433100669721
-400.251997589059
-340.692750447164
-272.605037531715
-203.763324409226
-137.265784122178
-72.2522304623379
-12.4793170440102
37.9671182901393
78.5428720762746
109.385939424835
132.997108164967
155.722385420085
178.861457187746
199.183788156522
218.250113292937
237.874394804873
257.916003024985
279.615517847668
301.682983936982
319.965095380208
335.090042674831
351.046693805463
369.240683440415
392.037802820102
419.563394410248
447.341247113410
473.474422007324
496.221364105485
512.380197886279
520.091034548944
515.294709268890
491.873684255646
449.727897589484
393.734353505477
328.039505077765
260.141664949513
194.212028354809
128.808323033384
68.7589875837098
20.8587087698507
-14.5883808740636
-39.6484109352260
-58.1652952501833
-79.1938532393927
-105.102291470324
-131.241393718779
-160.022544104512
-194.562463542204
-234.018341031153
-278.609687500947
-325.021427441869
-365.235207472298
-397.941886555470
-426.856668445182
-450.967630459247
-469.942769379795
-484.273972990938
-491.793610888077
-493.903950857765
-494.805544190536
-494.587184157761
-491.566873789008
-485.866790795338
-476.576680338430
-463.086240793373
-446.261660789617
-424.863779430873
-396.409996654097
-360.179210618696
-315.902795517174
-262.580396020716
-199.653945801079
-128.309925382747
-51.3012539352499
27.6380435013078
102.928960751756
170.418495409593
227.702931792184
269.480859333794
289.444966203031
287.516863040407
268.634805596317
238.513899750240
207.478809622162
181.410445844580
159.932613873087
150.493970439126
162.909202885607
197.441060882769
249.437417420308
312.017057435013
370.717955567198
420.487470978593
466.955391044274
504.609979510519
526.221506067725
531.788234347947
520.767801059960
497.570765531682
474.286285225273
451.904769082285
422.277436000059
385.623403343542
341.344629205854
288.734789665263
233.467848930921
175.343942869664
110.442286945391
41.6266410590219
-26.1403107014312
-88.8286377968634
-139.460355268463
-176.516074497364
-205.180315194577
-227.039649432087
-244.828083762855
-260.761280096573
-272.542887392049
-282.563347809399
-295.669234688810
-311.858764536800
-329.694966435923
-347.409249385377
-360.131364913483
-367.526036576565
-374.211664113068
-380.706373169153
-387.510284071144
-394.858836414093
-399.219985309106
-399.560458952369
-396.094729808029
-386.400457757638
-367.895087435804
-337.366318298645
-289.854280553504
-225.689464836988
-150.570789046124
-68.9211814550241
12.2594340156762
87.9584930021498
157.791351950485
215.786851750029
253.716513851829
271.106276229803
271.841832341464
260.916706976469
248.956682968481
240.061879021439
230.423331969577
224.789439731938
229.592748735930
244.566087774070
268.510732694980
296.854464958926
318.658830247370
331.780591485300
342.074864449762
347.735849150720
346.990669335543
340.410999508260
325.232277669090
303.364693299299
281.116761565267
257.989015423915
229.691156484397
195.159213225901
151.718337602607
99.1816931305995
42.4818167350110
-16.9785707946449
-78.4832562311887
-139.159523934192
-197.295288916035
-249.411741065070
-289.901788046618
-318.087054550137
-337.274030524603
-349.698470429619
-359.983339988370
-370.352641084020
-378.656529272681
-387.406058077058
-400.605274999943
-417.525688304150
-435.876113323403
-452.063058735812
-458.738022670088
-453.313270041766
-438.119722108981
-410.527245029696
-367.451573662446
-309.943303549820
-239.804679403223
-161.475889724179
-83.6836398996677
-10.2063732142562
59.4861927378829
120.777107765605
168.543814406921
202.255542774968
222.874292459819
233.858564219745
243.282732088458
253.439325231229
261.066149935638
268.982902249982
280.651829813488
295.959349946739
315.308007252345
336.202248928717
352.002797142980
362.410851425541
372.279562459409
381.979678643547
392.525035756335
404.334025833867
413.593145511115
419.911933440844
424.633750082225
425.646139745703
420.329355630796
405.820147542482
377.320873546262
334.621976011038
282.362351884246
223.384208959676
162.282297218973
102.334530004473
42.8958627114704
-12.2822076088851
-57.5598021313081
-92.5111242966210
-119.013364204693
-139.691290804519
-160.887480481157
-184.257061228568
-206.115079404444
-228.091837649268
-252.517563231708
-278.918964301825
-307.870543499366
-337.480484540095
-362.584592245436
-382.904079971952
-401.735847759840
-419.257358310955
-436.339219718384
-453.262279098527
-467.231819877690
-478.043872049670
-486.735450109707
-492.026839286842
-492.496478262381
-486.543864552139
-471.277240125743
-446.234800903435
-413.399657664416
-373.572572722515
-328.299021500494
-278.514100520569
-223.144622052559
-163.153857429950
-100.367725630783
-35.8673984069034
28.4180526551768
90.8222812645208
150.232546205052
203.896114260854
247.875245391463
278.421819467489
291.024972105123
285.592616934826
267.354388689072
240.712723522036
212.500642531524
188.208989704814
169.492281961879
163.510215048784
180.017772813847
219.314361125657
275.141754039584
340.617559691873
402.356383347936
454.373047827689
500.583934057956
534.161937493502
545.759707570748
535.322984560223
504.858286487863
460.285306479335
415.860880254609
374.580807560786
328.714213028329
280.951192668611
234.291168915252
188.114821817649
145.856229548236
104.979953213986
56.9454915652611
2.55008003955216
-51.8425398179280
-104.547586980879
-151.819527912729
-192.063450391791
-229.599726271400
-263.798361457096
-292.240052625725
-315.774145054454
-334.359079297805
-348.943003050733
-362.701082674609
-375.720559496563
-385.808067429933
-393.248891263445
-398.509770562325
-398.051733238741
-385.827821181659
-367.644401908352
-360.358346475960
-343.750271958027
-267.274451902785
-248.246436398653
-266.862778465374
-216.506647691839
-155.314421574549
-108.249351577629
-54.0330499871041
-28.3818667305350
19.5728161191769
77.0483649262959
121.254709703697
157.953132197382
193.230864091733
220.966810246109
237.191484062376
243.304303032558
241.695400721027
234.481137617356
225.768467998214
218.425541126609
213.129894000477
213.648159449219
224.968254325645
247.075541970426
276.561271230123
309.463229103821
338.224596260802
359.338435698652
374.566554749188
379.835315923809
369.708141614471
344.154164207727
304.706814250789
255.025861851943
203.548532164043
152.421747355764
97.6026350809045
41.2263542951542
-14.1849787040117
-68.4340547457531
-119.161203067380
-167.298273867260
-217.305036237661
-267.980866095210
-314.507347122675
-354.956871675274
-386.180902478768
-407.140509138688
-421.405592784674
-429.557459574592
-431.657154737493
-429.568329435556
-424.020454116903
-417.518240553746
-414.541077621029
-415.050121457012
-415.439529442945
-413.055374933650
-403.030327341726
-382.988197418275
-354.825184338885
-316.167648929720
-263.440287430270
-197.912453273574
-122.738174802020
-42.5922139418725
33.8900166828077
102.404518512546
163.169115325259
211.118291130301
240.306782054448
250.726222788663
245.132620913599
228.577606865732
211.421061906183
198.076437687468
186.676656640382
182.791341585845
193.355334769625
218.354652868224
255.431035298162
299.267072896080
338.161729562085
368.826453203167
396.357237350261
417.351714426542
427.729165068395
427.809926522798
416.279448973652
396.274430026402
376.524598224585
357.511250763607
333.694820358332
304.998251828945
270.298099275981
229.010849802413
185.320399256806
139.044296937342
87.5818345252413
32.7175587569531
-22.8617363044399
-76.7864303507586
-124.629435416202
-165.286189095710
-201.439081976916
-233.470859560104
-262.344590464125
-288.690759996789
-310.475019416252
-328.202434143785
-343.669649268747
-356.697547763522
-367.137697456671
-374.626513398346
-377.555352608827
-376.437529669062
-373.779225554614
-370.795311489227
-369.074231522187
-368.551346639479
-366.122495812481
-359.858854820765
-347.418499923251
-326.271081522037
-295.390995483664
-251.669188461159
-190.662570713975
-113.326583402654
-24.9916490654773
68.9591115136186
159.654412393550
241.358925429123
313.234963432437
368.352981427237
397.804521483246
401.270578450057
383.494462462536
350.911453160849
316.563503312809
286.135370078052
256.469461412513
234.465524029777
229.188790243536
240.701892093000
266.555825378228
300.562900493352
328.408480683240
346.703226508848
362.732176003891
373.267111921358
374.523964022778
367.250654126539
349.086033659242
323.472013658455
300.341145731273
279.846116256629
255.678306757809
227.221289972499
192.156379938004
149.666015510385
104.903907881930
57.8440115002632
6.11878076955478
-48.3012112757290
-103.365866184891
-156.651956685856
-203.312381436391
-242.475905791416
-277.125093678268
-308.031745423440
-336.966408991410
-364.836174112304
-389.377326449726
-411.316524731011
-432.653447206851
-453.153889188948
-472.687057334019
-490.604342874567
-504.663943421855
-515.079775927799
-524.248237738474
-532.929477072773
-542.217568777052
-551.859514187680
-558.710075644766
-560.919326995873
-556.513984963570
-542.882808993036
-518.440124333397
-479.949391794620
-422.865626529192
-347.715983851611
-259.400750074292
-162.610117334732
-65.1557547877391
27.8506829923341
115.853240904076
192.598172636524
249.857043396550
286.748704408815
306.364879571911
313.173986495510
317.236935037010
321.873936339925
322.507614856811
322.944949596382
328.470652908256
338.958129451927
354.678411406452
372.451773060415
383.520014408532
387.511962823676
391.080905893213
394.776890657935
399.907832572504
407.086825891712
411.277342882463
411.948186480163
410.880773849580
405.272304498485
391.656602322298
366.230567822789
322.618194017142
260.668215416431
186.800891369987
105.077504827276
21.9937095559592
-57.7669494659042
-134.837662934319
-203.827314329930
-256.758191532629
-293.058063187718
-315.624628729305
-328.385742196337
-340.545897275100
-354.782654995138
-366.222716680520
-377.645679312043
-392.958184524702
-411.005404516652
-430.975501523622
-448.583565203147
-454.206665659892
-445.559097063670
-426.311735256757
-394.353598626885
-347.957839554218
-288.621663536724
-217.027315662414
-137.859904122086
-60.4149248926323
11.5215762535279
77.9234819843086
134.030445969016
175.090643063608
200.710176382264
212.198504509184
213.635550588475
213.818618138729
215.910675293100
217.655514565030
223.149555097833
237.389106712943
260.348245210678
290.991893028997
325.494604516041
354.976763060258
377.744525135302
398.783782564212
416.755241324760
430.305616061208
439.813381402804
442.619479741390
439.940705234205
436.502528298834
431.376942120915
420.597392707492
402.565353692712
374.149544517795
335.070922889461
289.991268997410
240.602556425800
188.518611943673
136.605221719460
85.9202650091238
39.9105925071467
4.05584459387813
-21.1923277419274
-39.0111642219562
-51.9871534269721
-65.4676391307892
-81.8119175202416
-98.7273965834312
-118.825068065293
-146.048757987047
-179.710957764426
-217.843045501795
-256.855293383436
-289.254887153044
-312.514384554483
-329.004275751025
-336.105605144237
-330.829169916975
-313.841273249641
-286.053115023649
-251.067058786227
-216.511565943745
-185.081615424056
-155.394427369155
-130.696819567519
-114.441379963127
-106.736134069078