-1572864
-1507326
-1310717
-1114110
-786432
-589821
-524286
-393214
-131070
-65536
-65535
-65534
-458752
-1441790
-2097152
-2228224
-2162688
-2228223
-1769469
-1376254
-1376256
-1310719
-1376256
-1245184
-1048575
-983040
-983038
-917503
-917503
-1114111
-1310718
-1310717
-1048576
-1114110
-983040
-851965
-851967
-1048573
-786430
-983037
-786430
-524285
-524288
-524288
-524286
-589824
-458751
-786431
-983037
-720895
-589821
-720895
-655358
-786432
-1048574
-917501
-655360
-786432
-720894
-1048573
-720893
1507331
9043970
2555906
-7405566
-2818048
-1703935
-1703934
-1245182
-1376256
-1245181
-917503
-917504
-786430
-589823
-458752
-393213
2
327680
458754
327683
-393215
-1507328
-2359294
-2097151
-1966078
-2031614
-1769469
-1507328
-1441792
-1441790
-1376253
-1310717
-917503
-1048574
-1179647
-1310720
-1376256
-1245181
-1245184
-1376255
-1179647
-917503
-1048576
-1179647
-1245182
-1310718
-1048575
-1179647
-1245184
-1114110
-1310717
-1507326
-1048575
-1376256
-1114110
-1310717
-1245181
-1245181
-1376255
-1179647
-1179647
-1179646
-851968
-786431
-1048576
-1179647
-983040
-1245181
-1048576
-1245183
-786431
2883584
8978432
-524287
-5898240
-4587520
-2359294
-1703935
-2162685
6356993
-5111806
-2097151
-1114110
-1114111
-1114111
-917502
-786430
-589822
-262144
65539
196610
-196605
-1245184
-2162688
-2490368
-2555904
-2293760
-2228221
-1900543
-1638399
-1703934
-1703936
-1638400
-1572862
-1310717
-1310718
-1441790
-1179646
-1048574
-1179645
-1048575
-1048575
-1179646
-1048575
-1179647
-1114112
-1507327
-1572861
-1245182
-1376255
-1310718
-1310717
-1179648
-851967
-1048573
-1179647
-1114110
-1245181
-1114112
-1179647
-1179645
-1048575
-1114110
-917501
-1114109
-1310717
-1245181
-983038
-917504
-1114111
-1048574
-1048573
-917501
-917504
-917504
-1310718
3866626
8257537
-3014653
-7143423
-3997693
-2162686
-1572864
-1441789
-1310719
-1114109
-1179648
-1114112
-851965
-786432
-786429
-524287
-327679
-65535
262146
589826
-196607
-1179647
-2490366
-2555902
-2293758
-1835007
-1507327
-1048574
-1114109
-983039
-786430
-851968
-851965
-786432
-917501
-983040
-1114111
-917502
-1179646
-1310718
-1114109
-1179648
-1310720
-1179645
-1179646
-983039
-1245181
-851968
-983040
-1179646
-1179646
-983040
-1114110
-1048576
-1048573
-1245182
-1310717
-1245181
-1310719
-983038
-917504
-1114112
-917501
-655360
-589822
-983038
-1179647
-851965
-1114109
-1245183
-1310717
-1638397
-1310720
-1900544
2359299
9175041
-458751
-7798781
-5439488
-2490367
-2555903
-2162687
-1769471
-1376253
-1572861
-1441789
-1114110
-1114112
-1048575
-720895
-262141
-131069
327682
327680
-262144
-1048576
-2293758
-2555903
-2228223
-2031616
-1703933
-1376255
-1441791
-1507325
-1114111
-1114112
-917504
-851965
-851968
-1114110
-1245184
-1245184
-1114112
-1114110
-1114111
-1245182
-1179646
-983040
-983039
-1179645
-1048576
-1114109
-1441789
-851968
-983038
-786432
-655360
-524288
-589824
-786430
-851967
-983040
-983039
-917504
-1114109
-1179647
-1114111
-1441789
-1048573
-1507327
-1245182
-917502
-1310717
-720896
-1310719
-131070
8257538
5832705
-7143421
-4390912
-2031614
-2228224
-1638397
-1441792
-1310719
-1179646
-1179646
-1245184
-1114112
-524287
-262144
3
327682
458755
262146
-458750
-983038
-2228223
-2621439
-2621437
-2031616
-1703934
-1441792
-1376254
-1048576
-983039
-1048573
-917501
-851968
-786429
-917502
-1048576
-786431
-1179645
-1376255
-1376253
-1638400
-1310717
-1114111
-1048576
-1048574
-1048575
-1179647
-1179645
-1310717
-1376254
-851967
-983038
-983039
-786431
-1048573
-983040
-786429
-786431
-786430
-1179645
-917503
-917502
-1310717
-720896
-1310720
-1572864
-1048576
-655359
-1572864
-327679
2949120
8650755
-1572864
-7208959
-2293760
-1835005
-1441792
-1048576
-1179645
-1048574
-1376253
-1114111
-851967
-720893
-262144
-131069
-65533
655360
458753
196609
-393213
-1441792
-2162687
-2359294
-1966080
-1703935
-1310717
-1179647
-1376255
-1310717
-1376255
-1376256
-1048573
-1441789
-1245181
-1179648
-1179647
-1376253
-1179646
-1245181
-1507328
-1048573
-786431
5505027
-4587517
5570561
-6946815
-655357
65536
-2097151
-1572864
-1376253
-1507327
-1179647
-1310717
-1441791
-1179646
-1310717
-1703933
-131072
-2555902
7274497
-4325376
4915202
-4194304
-2228221
-1703936
-983038
5898242
6029313
-5898239
-7471104
-2818045
-2424831
-2228223
-1376255
-1245184
-1441790
-1376253
-1507325
-1507327
-1179648
-786429
-393216
131072
196611
-65533
-65533
-786429
-1900541
-2555904
-2490365
-2293759
-2162686
-2031614
-1572864
-1572861
-1703933
-1179648
-1179647
-1048574
-1245183
-1114110
-1048573
-1179647
-1245183
-1179647
-1376256
-1376254
-1179647
-1245183
-1441789
-1376253
-1179648
-1245182
-1048576
-1245181
-851966
-917504
-1310720
-1179647
-1179646
-1310720
-983039
-1310718
-1376254
-1114112
-1114112
-983037
-851965
-917501
-851967
-720895
-589821
-655360
-983040
-917504
-786429
-786432
-1114109
-917501
-1638400
-327677
7012352
5242883
-6029311
-6553600
-1835008
-2162686
-1507327
-1048574
-1114109
-851966
-458752
-2097149
2621442
8388609
-2752511
4718594
-589821
-2555904
131072
-2359293
-3145725
-3211263
-2752510
-2555902
-1966078
-1835006
-1900543
-1769471
-1900541
-1638397
-1572861
-1769471
-1441789
-1310720
-1507328
-1245184
-1245182
-1245183
-1179646
-1048576
-1245184
-1048574
-786432
-1114110
-1310719
-1048576
-655360
-1048575
-1114109
-786429
-851965
-917501
-1048575
-983039
-786429
-917501
-1179646
-1114109
-917504
-1114112
-1179645
-1048573
-983038
-851968
-1048573
-786429
-589824
-1114111
-1048574
-720893
-851966
-851967
-524285
-1900543
458755
7798785
7798787
-2883582
-6094848
-1835006
-2097150
-1638398
-1507328
-1376255
-1114110
-917502
-720893
-917501
-917501
-655358
-262143
-65535
2
262146
131074
-851966
-1835005
-2293760
-2490367
-2228221
-2031613
-1900541
-1376256
-1245183
-1441790
-1048575
-983038
-1048574
-1114109
-786432
-786429
-983039
-1441792
-1179645
-1114112
-1114111
-983039
-1310719
-1376255
-1245181
-1310719
-1245181
-1179648
-1376255
-1376255
-1310718
-1310718
-1376254
-1310717
-1048576
-1114112
-917502
-917501
-1114109
-1245183
-1245184
-1179646
-1048576
-983039
-1179645
-917503
-786429
-1245182
-917504
-1114112
-1310717
-1048575
-917501
-1507327
-1114111
6619137
9437186
458752
-7536640
-2752511
-2359296
-2162687
-1900542
-1703933
-1376256
-1179648
-1114110
-1048576
-983037
-1048575
-720893
-327677
-458749
262144
-65533
-655359
-1835007
-2621439
-2686976
-2424832
-1835005
-1703936
-1900543
-1703936
-1507328
-1507325
-1376256
-1114111
-1048574
-851967
-983038
-1048573
-851966
-655359
-720893
-851965
-1048574
-1179645
-1048575
-983039
-720893
-720896
-917502
-786429
-1245184
-786432
-589823
-589823
-983040
-1376253
-589822
-393214
-917504
-851966
-655359
-851965
-393214
-524285
-720893
-655357
-589823
-720893
-1114110
-786431
-1638399
589824
8781826
4587522
-6946815
-3604480
-1769471
-1769470
-1179645
-1310718
-1245184
-1179648
-1048574
262146
5832705
-3473407
6356993
-6029311
-4456446
786432
-1769472
-2621437
-3276798
-3014656
-2555901
-2228223
-1900541
-2031614
-1966078
-2031615
-917501
-3211262
6946816
-4456448
5308416
-5046270
-2162685
-1835005
-1769471
-2097151
-1966077
-1638400
-1703936
-1638399
-1245182
-1179648
-1245182
-1179645
-1114109
-1179648
-1376256
-1441789
-1245182
-1310720
-1179648
-1048574
-983039
-917502
-983038
-1048576
-983040
-1179646
-851968
-917502
-1572864
2097152
6225922
7405570
-5373951
-5570560
-2162688
-2293758
-1966080
-1900541
-1572864
-1245182
-1376253
-1441789
-1441789
-1114112
-720894
-589821
0
458755
589825
196611
-1245183
-2097150
-2162688
-2031613
-1769470
-1638398
-1441792
-1376254
-1310718
-1572862
-1179648
-1114111
-851967
-851966
-786431
-786432
-851967
-786431
-524286
-589824
-589824
-983039
-1245184
-1114111
-851965
-851968
-851966
-917503
-720896
-917501
-983037
-786430
-983040
-1048575
-983040
-720893
-917504
-655357
-917503
-1179646
-917502
-917504
-1048576
-851965
-1048573
-917502
-1179646
-262144
6488064
6488066
-5505024
-4653055
-1703934
-2031614
-1769470
-1572864
-1376256
-1179648
-786432
-983038
-1114110
-917501
-655359
-131072
-65536
3
-262141
-196608
-655358
-1572864
-2031613
-2555904
-2097149
-1703934
-1769469
-1572864
-1310719
-1179648
-786429
-720894
-851967
-1048575
-983038
-1245183
-1179646
-851968
-1245182
-1179645
-1114112
-1048574
-983037
-1376255
-1179648
-786430
-917502
-1179647
-1441790
-917502
-917503
-1114110
-1114110
-1179646
-1114112
-786432
-655357
-917502
-917504
-720893
-1114109
-851965
-720896
-1179646
-1310719
-1245182
-1114112
-1179646
-1245181
-1245182
-1179648
-1376254
3604482
8126465
-2162688
-6356990
-2293758
-2490367
-1966077
-1638398
-1703933
-1114109
-983040
-1245184
-1048576
-589824
-655358
-524286
0
-393213
-589821
-720895
-1245181
-2097151
-2490365
-2359296
-2555902
-2555903
-2097150
-1572862
-1245182
-1245182
-1048576
-917504
-786431
-786429
-1048575
-983038
-1245181
-1835005
-1376256
-1114110
-1376254
-1769470
-262142
6094848
-6422526
-1179648
262147
-2162686
-1835006
-983039
-917504
-1114112
-1048575
-917501
-851966
-917501
-1310720
-1179645
-1179646
-1179645
-983040
-1048575
-917501
-851965
-1048573
-851968
-786432
-786432
-983038
-917503
-851965
-917502
-655358
-262142
-1572864
2097152
8585216
1310723
-6422527
-2293759
-1769469
-1835006
-1769469
-1507327
-1376255
-1245181
-1048574
-851966
-1048575
-851967
-786429
-196607
458752
720896
262145
-458750
-917504
-2031615
-2490366
-2490365
-2818045
-1835007
-1310718
-1376254
-1310719
-1441789
-1114112
-1310717
-1310719
-1179648
-1114110
-983039
-1114111
-917504
-983038
-1376253
-1507327
-1245184
-1048575
-851968
-1114112
-1310719
-1179645
-720896
-1048574
-1376253
-1179645
-1310719
-917503
-917503
-1048576
-786432
-917501
-1048573
-1114110
-1179648
-1310720
-1572862
-1638399
-1179647
-983040
-1114111
-917502
-1179647
-917502
-1048574
-1179648
-1245183
-1441790
-1179645
-589822
-1376256
-131070
7602179
5242883
-6422525
-4128767
-1769470
-2031616
-1900541
-1376254
-1507326
-1572863
-1310717
-917502
-917501
-851965
-262142
-327678
196609
393219
524289
655360
-524288
-1966080
-2490366
-2424830
-2228221
-2031616
-1572861
-1572863
-1310719
-1310719
-1441789
-1245181
-1245181
-1114112
-1048576
-1507325
-1441790
-1114112
-1310718
-1310718
-1376253
-1245184
-1048574
-786432
-983039
-1048573
-983040
-786432
-1048574
-917501
-655360
-917503
-393216
-65536
2
262145
262146
327681
196608
131075
3
2
65538
-131071
-786431
-720894
-524285
-786429
-589823
-458751
-524286
-589821
-1179646
4390912
9043971
-3473405
-6356992
-2097149
-2490365
-1900542
-1572864
-1441792
-1310717
-917501
-655359
-1245181
-851965
-786430
-851967
-196607
2
131073
65538
-196608
-1376254
-2228221
-2228223
-2293760
-2031613
-1572863
-1376256
-1769470
-1638398
-1441789
-1179646
-1310719
-1376253
-1376254
-1572861
-1114109
-983037
-983040
-1114110
-720895
-1048573
-1179645
-1245184
-1507326
-1638398
-1310717
-1245183
-1376254
-1245183
-917503
-1114110
-1376254
-1507326
-1179647
-1114111
-1376255
-720896
-851965
-851967
-786432
-1048576
-1245181
-1179645
-1245182
-1376254
-1245184
-1245181
-1572862
-1703933
131072
7929857
3276801
-7798782
-4194303
-2818047
-2424831
-1703935
-1441792
-1114109
-1179648
-1245183
-1245183
-1310719
-917503
-589821
-524288
131074
327682
327681
-262141
-1245184
-2293759
-2752512
-2752510
-2555903
-2097149
-2162686
-2097149
-1507328
-983040
-1376256
-1376254
-1179648
-917501
-983040
-1179648
-1245182
-1376253
-1310718
-1179647
-786432
-983039
-1179645
-1245182
-1507328
-1310718
-1376254
-1114110
-1048576
-1245181
-1179647
-917502
-655358
-393215
-458750
-851965
-851966
-786431
-1114112
-917502
-1048573
-1048574
-1179645
-1114112
-1245181
-1245184
-1179647
-983040
-1179645
-1048575
5111809
8126464
-3997694
-5832703
-3014654
-2031613
-1966079
-1638399
-1376254
-1507328
-1376256
-983037
-851967
-917501
-655359
-196607
262145
393217
524288
589826
-262144
-1638398
-2031615
-2686976
-2228224
-2228222
-1966077
-1376253
-1376254
-1441792
-1310717
-983038
-1048573
-983039
-1179648
-1114111
-589823
-917504
-1114109
-983037
-786430
-917504
-1048573
-917501
-851966
-786429
-983040
-720895
-720893
-720896
-1114111
-720895
-983038
-1310717
-1179647
-917501
-851966
-1245181
-1048573
-458751
-917502
-1245182
-1245181
-1179648
-786432
-851965
-1310718
-1114111
-1048574
-1441791
-1048576
-1048574
-917501
-1441789
2752515
8716290
-393214
-6881279
-2490366
-1900544
-1703933
-1507328
-1376256
-1114111
-1376254
-1441789
-983038
-1376255
-1310717
-983037
-524285
-262142
-65533
65536
-327680
-1114111
-2359296
-2555903
-2752512
-2293760
-2162687
-2031614
-1638399
-1179646
-1245181
-1441789
-1048574
-1310717
-1179645
-1179648
-1114111
-1114112
-1048574
-786432
-983037
-851967
-786432
-720893
-655358
-655357
-917502
-786431
-917503
-917504
-786429
-983037
-786432
-655359
-720896
-851967
-1245182
-1179646
-1245183
-1245182
-851965
-1114110
-1114112
-917501
-917503
-720895
-1048575
-720896
-655360
-720893
-720895
-851965
-720896
-1048576
-720896
-1703936
1703939
8978433
917507
-6946813
-4784126
-1638398
-2097149
-1441790
-1179646
-1245184
-1048575
-983039
-917501
-655359
-917503
-655359
-327677
-131070
262146
131072
-262144
-1179645
-2359293
-2883584
-2490366
-2031614
-2162686
-2031616
-1769469
-1769469
-1572862
-1179645
-1114109
-1114112
-1310720
-1310717
-1310720
-1441791
-1310718
-1310718
-1179647
-1310719
-1310720
-917501
-1114112
-1179646
-983038
-589824
-655358
-1048573
-1179647
-1179645
-983039
-851967
-786430
-655358
-983037
-917503
-589822
-655359
-851965
-1310719
-1114112
-786429
-1114111
-1179647
-1048576
-1048573
-1114110
-983039
-1048574
-1310719
-1245183
-1572861
-1179646
-2031614
196609
7798786
3604482
-2752512
-5963773
-1835005
-1835005
-1572864
-1376256
-1179646
-1376255
-1245181
-851965
-655359
-524285
-327678
-327679
-196606
-65535
-131070
-196605
-655360
-1900541
-2359296
-2424829
-2162687
-2293758
-1835005
-1703935
-1835007
-1376253
-1310719
-1245182
-1376256
-1114110
-1114110
-1114112
-1441792
-1179648
-1310719
-1245183
-1703936
-655357
-2097149
6946817
-3670013
-2555901
-393216
-1310717
-1572863
-1507328
-1638397
-1572861
-1048574
-983040
-1114109
-1114111
-1441791
-1245182
-1179648
-1638397
-1179646
-1245181
-1245183
-1114110
-1114109
-524287
-786430
-1048573
-983038
-720896
-917501
-983038
-262143
-1835007
786433
7864322
7536643
-3276800
-6029312
-2359295
-2359296
-2031614
-1769470
-1507327
-1507325
-917504
-1179645
-1114110
-1048575
-1114111
-524288
-65535
262145
589825
393218
-655359
-1769471
-2228221
-2162686
-1900544
-1900543
-2031615
-1966080
-1572864
-1703935
-1507326
-1179648
-1048576
-720896
-983039
-1245183
-983038
-1179648
-1376255
-1310718
-1114109
-786431
-983040
-655359
-851967
-851966
-851966
-917503
-917502
-917501
-720894
-589821
-720896
-1048576
-786429
-917501
-720893
-786430
-1245183
-786432
-983038
-1114110
-1114112
-1507325
-1310718
-1245184
-1245182
-1179648
-983039
-1179647
-1114112
-917504
-917502
-917504
-1507327
4259841
7929858
3080195
-7208960
-3932157
-2490365
-2293760
-1310717
-1507326
-1835005
-1441792
-1179648
-983039
-1114109
-983039
-720895
-458749
-393213
-327677
-131070
-393213
-1114111
-2162688
-2228222
-1835008
-2162687
-1507326
-1769470
-1703936
-1507327
-1048575
-1310719
-1507325
-393216
6750208
-5242879
-1114110
-1638397
-2097150
-1310719
-1179647
-1310718
-1179647
-1441792
-1638400
-1703933
-1638397
-1441792
-1310719
-1507325
-1441791
-1310719
-1376255
-1572862
-1572863
-1507325
-1376256
-1376253
-983040
-1048573
-851966
-983039
-1245182
-1441790
-1376253
-1114110
-720895
-851968
-1114111
-1114111
-1376256
3342338
9699328
-851967
-7012349
-2424831
-1966077
-1835008
-1703933
-1179645
-1245183
-1179647
-720895
-589824
-720896
-720895
-589823
-458749
-262141
327681
196610
-458750
-983037
-1966077
-2621439
-2293757
-1507326
-1245184
-1572863
-1114110
-983040
-1114112
-1179647
-1048575
-1048573
-1048576
-1179645
-1179648
-1376256
-1114112
-983037
-1114109
-1179646
-983040
-1114111
-983040
-720893
-786431
-1114109
-655358
-786432
-983038
-1114111
-1114109
-1048573
-1048574
-1114109
-917503
-458751
-720893
-917504
-1245181
-983040
-1114111
-983040
-983038
-851968
5177346
9043971
3670018
-7143424
-3604479
-2162685
-1703934
-1376255
-1179646
-1048574
-1114110
-1048575
-1179646
-1245182
-917502
-393215
-65536
-131071
-262144
-131069
-262144
-1179648
-2293759
-2424831
-2097151
-1966079
-1900543
-1638398
-1310719
-1441790
-1310718
-1245184
-1048573
-1114109
-1048575
-983037
-589823
-851967
-655357
-458752
-983038
-917502
-524287
-458751
-983037
-851967
-851965
-1310717
-1179648
-589821
-786431
-1048573
-1376254
-1179648
-851968
-983040
-786432
-524285
-851966
-1114110
-1179647
-851967
-1114109
-786429
-1048574
-917502
5046275
7995393
-4521982
-6225918
-2621437
-2031615
-1835007
-1638398
-1245181
-1114111
-1179647
-1179648
-917501
-720895
-524287
-524285
-131072
65538
65539
-458749
-1310718
-2359295
-2228223
-2293757
-2621437
-2097152
-2031616
-1966080
-1048574
-983039
-1245181
-1179648
-1507328
-1179648
-1376255
-1376253
-1114112
-1048576
-983040
-1179648
-720896
-851966
-917502
-786430
-1376256
-655358
-983038
-1114111
-983039
-1114109
-1048573
-1114109
-1048573
-1179645
-1310720
-1310720
-1179645
-1310719
-1638400
-1310718
-1048574
-720896
-786429
-786429
-786429
-1179647
2686978
9371648
-524285
-7340029
-2490367
-2228222
-1638398
-1638397
-1835006
-1638397
-1310720
-1507328
-1703935
-1376256
-917501
-196607
-65535
0
393217
196611
-524286
-1441792
-2359296
-2228224
-2293760
-1966080
-1835007
-1835006
-1835006
-1245181
-917504
-524287
-524286
-589823
-524286
-589824
-851968
-720894
-917504
-720896
-851965
-1310718
-1179646
-720896
-786432
-589823
-655358
-851968
-1048576
-1048576
-720896
-851966
-1114109
-1048574
-655358
-655360
-1114110
-1179648
-851965
-851966
-1310717
-1376255
-1179645
-851968
-851967
-589824
-1507327
1048578
8650754
8060929
-4521981
-5832703
-1835008
-2162688
-1572861
-1572861
-1245183
-1310720
-1245184
-1048576
-720896
-589822
-458751
-393214
-131070
262145
393216
-196605
-1310717
-2031615
-2490368
-2293759
-2228221
-2293759
-2293759
-1376256
-1441789
-1245184
-655360
-851968
-1179646
-1376255
-1114111
-1179646
-1441792
-1114112
-1179647
-1310720
-1114109
-917503
-1310717
-1441789
-1048576
-983040
-1507328
-1441789
-1114109
-1179646
-1376254
-1179645
-851966
-1048575
-851968
-917501
-851966
-655360
-655360
-720893
-851966
-917502
-786431
-589824
-786430
-1114111
-1114110
-1245181
-1114110
-1179647
-655357
-1572861
917507
8454145
2686977
-6225918
-5111808
-1572864
-1310718
-1507325
-1310720
-1179648
-983038
-917501
-983039
-655358
-1048574
-1048574
-327680
-262141
2
393216
65538
-524288
-1900542
-2097150
-2031615
-2031616
-1900541
-1441790
-1245181
-1179648
-1245181
-1048575
-1376255
-1376253
-1441790
-1048576
-1376254
-1507325
-1441792
-1310717
-1048575
-1048575
-1114109
-1245181
-983040
-1114111
-1376255
-1114111
-917501
-983039
-983037
-917504
-983038
-720895
-786430
-983040
-983039
-1310720
-1310720
-917501
-1048574
-851968
-851968
-917503
-786432
-720895
-983037
-917504
-589824
-786431
-983040
-1114112
-1179646
-1376254
-1114112
-1441789
-1835006
4063235
8323072
3866625
-6356989
-3407872
-1835006
-1966080
-1769471
-1441791
-1310718
-1048573
-983040
-786431
-851968
-1114109
-1048575
-524286
-196605
327681
262145
-393213
-1310720
-2031616
-2621437
-2359296
-1769470
-1507327
-1507325
-1507326
-1507326
-1376254
-983038
-917503
-1179648
-1114112
-983040
-1310720
-1245184
-1245181
-1310719
-1310717
-1310720
-1048574
-589823
-917501
-1179647
-1245183
-1245184
-1179646
-917502
-1114109
-917503
-720894
-589823
-655357
-655357
-524288