0
0.0150039607519879
0.0300079215039758
0.0450118822559636
0.0600158430079515
0.0750198037599394
0.0900237645119273
0.105027725263915
0.120031686015903
0.135035646767891
0.150039607519879
0.165043568271867
0.180047529023855
0.195051489775842
0.210055450527830
0.225059411279818
0.240063372031806
0.255067332783794
0.270071293535782
0.285075254287770
0.300079215039758
0.315083175791745
0.330087136543733
0.345091097295721
0.360095058047709
0.375099018799697
0.390102979551685
0.405106940303673
0.420110901055661
0.435114861807648
0.450118822559636
0.465122783311624
0.480126744063612
0.495130704815600
0.510134665567588
0.525138626319576
0.540142587071564
0.555146547823551
0.570150508575539
0.585154469327527
0.600158430079515
0.615162390831503
0.630166351583491
0.645170312335479
0.660174273087467
0.675178233839454
0.690182194591442
0.705186155343430
0.720190116095418
0.735194076847406
0.750198037599394
0.765201998351382
0.780205959103370
0.795209919855357
0.810213880607345
0.825217841359333
0.840221802111321
0.855225762863309
0.870229723615297
0.885233684367285
0.900237645119273
0.915241605871260
0.930245566623248
0.945249527375236
0.960253488127224
0.975257448879212
0.990261409631200
1.00526537038319
1.02026933113518
1.03527329188716
1.05027725263915
1.06528121339114
1.08028517414313
1.09528913489512
1.11029309564710
1.12529705639909
1.14030101715108
1.15530497790307
1.17030893865505
1.18531289940704
1.20031686015903
1.21532082091102
1.23032478166301
1.24532874241499
1.26033270316698
1.27533666391897
1.29034062467096
1.30534458542295
1.32034854617493
1.33535250692692
1.35035646767891
1.36536042843090
1.38036438918288
1.39536834993487
1.41037231068686
1.42537627143885
1.44038023219084
1.45538419294282
1.47038815369481
1.48539211444680
1.50039607519879
1.51540003595078
1.53040399670276
1.54540795745475
1.56041191820674
1.57541587895873
1.59041983971071
1.60542380046270
1.62042776121469
1.63543172196668
1.65043568271867
1.66543964347065
1.68044360422264
1.69544756497463
1.71045152572662
1.72545548647861
1.74045944723059
1.75546340798258
1.77046736873457
1.78547132948656
1.80047529023855
1.81547925099053
1.83048321174252
1.84548717249451
1.86049113324650
1.87549509399848
1.89049905475047
1.90550301550246
1.92050697625445
1.93551093700644
1.95051489775842
1.96551885851041
1.98052281926240
1.99552678001439
2.01053074076638
2.02553470151836
2.04053866227035
2.05554262302234
2.07054658377433
2.08555054452631
2.10055450527830
2.11555846603029
2.13056242678228
2.14556638753427
2.16057034828625
2.17557430903824
2.19057826979023
2.20558223054222
2.22058619129421
2.23559015204619
2.25059411279818
2.26559807355017
2.28060203430216
2.29560599505415
2.31060995580613
2.32561391655812
2.34061787731011
2.35562183806210
2.37062579881408
2.38562975956607
2.40063372031806
2.41563768107005
2.43064164182204
2.44564560257402
2.46064956332601
2.47565352407800
2.49065748482999
2.50566144558198
2.52066540633396
2.53566936708595
2.55067332783794
2.56567728858993
2.58068124934192
2.59568521009390
2.61068917084589
2.62569313159788
2.64069709234987
2.65570105310185
2.67070501385384
2.68570897460583
2.70071293535782
2.71571689610981
2.73072085686179
2.74572481761378
2.76072877836577
2.77573273911776
2.79073669986975
2.80574066062173
2.82074462137372
2.83574858212571
2.85075254287770
2.86575650362968
2.88076046438167
2.89576442513366
2.91076838588565
2.92577234663764
2.94077630738962
2.95578026814161
2.97078422889360
2.98578818964559
3.00079215039758
3.01579611114956
3.03080007190155
3.04580403265354
3.06080799340553
3.07581195415751
3.09081591490950
3.10581987566149
3.12082383641348
3.13582779716547
3.15083175791745
3.16583571866944
3.18083967942143
3.19584364017342
3.21084760092541
3.22585156167739
3.24085552242938
3.25585948318137
3.27086344393336
3.28586740468535
3.30087136543733
3.31587532618932
3.33087928694131
3.34588324769330
3.36088720844528
3.37589116919727
3.39089512994926
3.40589909070125
3.42090305145324
3.43590701220522
3.45091097295721
3.46591493370920
3.48091889446119
3.49592285521318
3.51092681596516
3.52593077671715
3.54093473746914
3.55593869822113
3.57094265897311
3.58594661972510
3.60095058047709
3.61595454122908
3.63095850198107
3.64596246273305
3.66096642348504
3.67597038423703
3.69097434498902
3.70597830574101
3.72098226649299
3.73598622724498
3.75099018799697
3.76599414874896
3.78099810950094
3.79600207025293
3.81100603100492
3.82600999175691
3.84101395250890
3.85601791326088
3.87102187401287
3.88602583476486
3.90102979551685
3.91603375626884
3.93103771702082
3.94604167777281
3.96104563852480
3.97604959927679
3.99105356002878
4.00605752078076
4.02106148153275
4.03606544228474
4.05106940303673
4.06607336378871
4.08107732454070
4.09608128529269
4.11108524604468
4.12608920679667
4.14109316754865
4.15609712830064
4.17110108905263
4.18610504980462
4.20110901055661
4.21611297130859
4.23111693206058
4.24612089281257
4.26112485356456
4.27612881431655
4.29113277506853
4.30613673582052
4.32114069657251
4.33614465732450
4.35114861807648
4.36615257882847
4.38115653958046
4.39616050033245
4.41116446108444
4.42616842183642
4.44117238258841
4.45617634334040
4.47118030409239
4.48618426484438
4.50118822559636
4.51619218634835
4.53119614710034
4.54620010785233
4.56120406860431
4.57620802935630
4.59121199010829
4.60621595086028
4.62121991161227
4.63622387236425
4.65122783311624
4.66623179386823
4.68123575462022
4.69623971537221
4.71124367612419
4.72624763687618
4.74125159762817
4.75625555838016
4.77125951913215
4.78626347988413
4.80126744063612
4.81627140138811
4.83127536214010
4.84627932289208
4.86128328364407
4.87628724439606
4.89129120514805
4.90629516590004
4.92129912665202
4.93630308740401
4.95130704815600
4.96631100890799
4.98131496965998
4.99631893041196
5.01132289116395
5.02632685191594
5.04133081266793
5.05633477341991
5.07133873417190
5.08634269492389
5.10134665567588
5.11635061642787
5.13135457717985
5.14635853793184
5.16136249868383
5.17636645943582
5.19137042018781
5.20637438093979
5.22137834169178
5.23638230244377
5.25138626319576
5.26639022394774
5.28139418469973
5.29639814545172
5.31140210620371
5.32640606695570
5.34141002770768
5.35641398845967
5.37141794921166
5.38642190996365
5.40142587071564
5.41642983146762
5.43143379221961
5.44643775297160
5.46144171372359
5.47644567447557
5.49144963522756
5.50645359597955
5.52145755673154
5.53646151748353
5.55146547823551
5.56646943898750
5.58147339973949
5.59647736049148
5.61148132124347
5.62648528199545
5.64148924274744
5.65649320349943
5.67149716425142
5.68650112500341
5.70150508575539
5.71650904650738
5.73151300725937
5.74651696801136
5.76152092876334
5.77652488951533
5.79152885026732
5.80653281101931
5.82153677177130
5.83654073252328
5.85154469327527
5.86654865402726
5.88155261477925
5.89655657553124
5.91156053628322
5.92656449703521
5.94156845778720
5.95657241853919
5.97157637929118
5.98658034004316
6.00158430079515
6.01658826154714
6.03159222229913
6.04659618305112
6.06160014380310
6.07660410455509
6.09160806530708
6.10661202605907
6.12161598681105
6.13661994756304
6.15162390831503
6.16662786906702
6.18163182981901
6.19663579057099
6.21163975132298
6.22664371207497
6.24164767282696
6.25665163357895
6.27165559433093
6.28665955508292
6.30166351583491
6.31666747658690
6.33167143733888
6.34667539809087
6.36167935884286
6.37668331959485
6.39168728034684
6.40669124109882
6.42169520185081
6.43669916260280
6.45170312335479
6.46670708410678
6.48171104485876
6.49671500561075
6.51171896636274
6.52672292711473
6.54172688786671
6.55673084861870
6.57173480937069
6.58673877012268
6.60174273087467
6.61674669162665
6.63175065237864
6.64675461313063
6.66175857388262
6.67676253463461
6.69176649538659
6.70677045613858
6.72177441689057
6.73677837764256
6.75178233839454
6.76678629914653
6.78179025989852
6.79679422065051
6.81179818140250
6.82680214215448
6.84180610290647
6.85681006365846
6.87181402441045
6.88681798516244
6.90182194591442
6.91682590666641
6.93182986741840
6.94683382817039
6.96183778892238
6.97684174967436
6.99184571042635
7.00684967117834
7.02185363193033
7.03685759268231
7.05186155343430
7.06686551418629
7.08186947493828
7.09687343569027
7.11187739644225
7.12688135719424
7.14188531794623
7.15688927869822
7.17189323945020
7.18689720020219
7.20190116095418
7.21690512170617
7.23190908245816
7.24691304321014
7.26191700396213
7.27692096471412
7.29192492546611
7.30692888621810
7.32193284697008
7.33693680772207
7.35194076847406
7.36694472922605
7.38194868997804
7.39695265073002
7.41195661148201
7.42696057223400
7.44196453298599
7.45696849373798
7.47197245448996
7.48697641524195
7.50198037599394
7.51698433674593
7.53198829749791
7.54699225824990
7.56199621900189
7.57700017975388
7.59200414050587
7.60700810125785
7.62201206200984
7.63701602276183
7.65201998351382
7.66702394426581
7.68202790501779
7.69703186576978
7.71203582652177
7.72703978727376
7.74204374802574
7.75704770877773
7.77205166952972
7.78705563028171
7.80205959103370
7.81706355178568
7.83206751253767
7.84707147328966
7.86207543404165
7.87707939479364
7.89208335554562
7.90708731629761
7.92209127704960
7.93709523780159
7.95209919855357
7.96710315930556
7.98210712005755
7.99711108080954
8.01211504156153
8.02711900231351
8.04212296306550
8.05712692381749
8.07213088456948
8.08713484532147
8.10213880607345
8.11714276682544
8.13214672757743
8.14715068832942
8.16215464908141
8.17715860983339
8.19216257058538
8.20716653133737
8.22217049208936
8.23717445284134
8.25217841359333
8.26718237434532
8.28218633509731
8.29719029584930
8.31219425660128
8.32719821735327
8.34220217810526
8.35720613885725
8.37221009960924
8.38721406036122
8.40221802111321
8.41722198186520
8.43222594261719
8.44722990336917
8.46223386412116
8.47723782487315
8.49224178562514
8.50724574637713
8.52224970712911
8.53725366788110
8.55225762863309
8.56726158938508
8.58226555013707
8.59726951088905
8.61227347164104
8.62727743239303
8.64228139314502
8.65728535389700
8.67228931464899
8.68729327540098
8.70229723615297
8.71730119690496
8.73230515765694
8.74730911840893
8.76231307916092
8.77731703991291
8.79232100066490
8.80732496141688
8.82232892216887
8.83733288292086
8.85233684367285
8.86734080442484
8.88234476517682
8.89734872592881
8.91235268668080
8.92735664743279
8.94236060818477
8.95736456893676
8.97236852968875
8.98737249044074
9.00237645119273
9.01738041194471
9.03238437269670
9.04738833344869
9.06239229420068
9.07739625495266
9.09240021570465
9.10740417645664
9.12240813720863
9.13741209796062
9.15241605871261
9.16742001946459
9.18242398021658
9.19742794096857
9.21243190172056
9.22743586247254
9.24243982322453
9.25744378397652
9.27244774472851
9.28745170548050
9.30245566623248
9.31745962698447
9.33246358773646
9.34746754848845
9.36247150924043
9.37747546999242
9.39247943074441
9.40748339149640
9.42248735224839
9.43749131300038
9.45249527375236
9.46749923450435
9.48250319525634
9.49750715600833
9.51251111676031
9.52751507751230
9.54251903826429
9.55752299901628
9.57252695976827
9.58753092052025
9.60253488127224
9.61753884202423
9.63254280277622
9.64754676352820
9.66255072428019
9.67755468503218
9.69255864578417
9.70756260653616
9.72256656728814
9.73757052804013
9.75257448879212
9.76757844954411
9.78258241029610
9.79758637104808
9.81259033180007
9.82759429255206
9.84259825330405
9.85760221405604
9.87260617480802
9.88761013556001
9.90261409631200
9.91761805706399
9.93262201781598
9.94762597856796
9.96262993931995
9.97763390007194
9.99263786082393
10.0076418215759
10.0226457823279
10.0376497430799
10.0526537038319
10.0676576645839
10.0826616253359
10.0976655860878
10.1126695468398
10.1276735075918
10.1426774683438
10.1576814290958
10.1726853898478
10.1876893505998
10.2026933113518
10.2176972721037
10.2327012328557
10.2477051936077
10.2627091543597
10.2777131151117
10.2927170758637
10.3077210366157
10.3227249973677
10.3377289581196
10.3527329188716
10.3677368796236
10.3827408403756
10.3977448011276
10.4127487618796
10.4277527226316
10.4427566833836
10.4577606441355
10.4727646048875
10.4877685656395
10.5027725263915
10.5177764871435
10.5327804478955
10.5477844086475
10.5627883693995
10.5777923301515
10.5927962909034
10.6078002516554
10.6228042124074
10.6378081731594
10.6528121339114
10.6678160946634
10.6828200554154
10.6978240161674
10.7128279769193
10.7278319376713
10.7428358984233
10.7578398591753
10.7728438199273
10.7878477806793
10.8028517414313
10.8178557021833
10.8328596629352
10.8478636236872
10.8628675844392
10.8778715451912
10.8928755059432
10.9078794666952
10.9228834274472
10.9378873881992
10.9528913489511
10.9678953097031
10.9828992704551
10.9979032312071
11.0129071919591
11.0279111527111
11.0429151134631
11.0579190742151
11.0729230349671
11.0879269957190
11.1029309564710
11.1179349172230
11.1329388779750
11.1479428387270
11.1629467994790
11.1779507602310
11.1929547209830
11.2079586817349
11.2229626424869
11.2379666032389
11.2529705639909
11.2679745247429
11.2829784854949
11.2979824462469
11.3129864069989
11.3279903677508
11.3429943285028
11.3579982892548
11.3730022500068
11.3880062107588
11.4030101715108
11.4180141322628
11.4330180930148
11.4480220537668
11.4630260145187
11.4780299752707
11.4930339360227
11.5080378967747
11.5230418575267
11.5380458182787
11.5530497790307
11.5680537397827
11.5830577005346
11.5980616612866
11.6130656220386
11.6280695827906
11.6430735435426
11.6580775042946
11.6730814650466
11.6880854257986
11.7030893865505
11.7180933473025
11.7330973080545
11.7481012688065
11.7631052295585
11.7781091903105
11.7931131510625
11.8081171118145
11.8231210725664
11.8381250333184
11.8531289940704
11.8681329548224
11.8831369155744
11.8981408763264
11.9131448370784
11.9281487978304
11.9431527585824
11.9581567193343
11.9731606800863
11.9881646408383
12.0031686015903
12.0181725623423
12.0331765230943
12.0481804838463
12.0631844445983
12.0781884053502
12.0931923661022
12.1081963268542
12.1232002876062
12.1382042483582
12.1532082091102
12.1682121698622
12.1832161306142
12.1982200913661
12.2132240521181
12.2282280128701
12.2432319736221
12.2582359343741
12.2732398951261
12.2882438558781
12.3032478166301
12.3182517773820
12.3332557381340
12.3482596988860
12.3632636596380
12.3782676203900
12.3932715811420
12.4082755418940
12.4232795026460
12.4382834633980
12.4532874241499
12.4682913849019
12.4832953456539
12.4982993064059
12.5133032671579
12.5283072279099
12.5433111886619
12.5583151494139
12.5733191101658
12.5883230709178
12.6033270316698
12.6183309924218
12.6333349531738
12.6483389139258
12.6633428746778
12.6783468354298
12.6933507961817
12.7083547569337
12.7233587176857
12.7383626784377
12.7533666391897
12.7683705999417
12.7833745606937
12.7983785214457
12.8133824821976
12.8283864429496
12.8433904037016
12.8583943644536
12.8733983252056
12.8884022859576
12.9034062467096
12.9184102074616
12.9334141682136
12.9484181289655
12.9634220897175
12.9784260504695
12.9934300112215
13.0084339719735
13.0234379327255
13.0384418934775
13.0534458542295
13.0684498149814
13.0834537757334
13.0984577364854
13.1134616972374
13.1284656579894
13.1434696187414
13.1584735794934
13.1734775402454
13.1884815009973
13.2034854617493
13.2184894225013
13.2334933832533
13.2484973440053
13.2635013047573
13.2785052655093
13.2935092262613
13.3085131870132
13.3235171477652
13.3385211085172
13.3535250692692
13.3685290300212
13.3835329907732
13.3985369515252
13.4135409122772
13.4285448730292
13.4435488337811
13.4585527945331
13.4735567552851
13.4885607160371
13.5035646767891
13.5185686375411
13.5335725982931
13.5485765590451
13.5635805197970
13.5785844805490
13.5935884413010
13.6085924020530
13.6235963628050
13.6386003235570
13.6536042843090
13.6686082450610
13.6836122058129
13.6986161665649
13.7136201273169
13.7286240880689
13.7436280488209
13.7586320095729
13.7736359703249
13.7886399310769
13.8036438918288
13.8186478525808
13.8336518133328
13.8486557740848
13.8636597348368
13.8786636955888
13.8936676563408
13.9086716170928
13.9236755778448
13.9386795385967
13.9536834993487
13.9686874601007
13.9836914208527
13.9986953816047
14.0136993423567
14.0287033031087
14.0437072638607
14.0587112246126
14.0737151853646
14.0887191461166
14.1037231068686
14.1187270676206
14.1337310283726
14.1487349891246
14.1637389498766
14.1787429106285
14.1937468713805
14.2087508321325
14.2237547928845
14.2387587536365
14.2537627143885
14.2687666751405
14.2837706358925
14.2987745966444
14.3137785573964
14.3287825181484
14.3437864789004
14.3587904396524
14.3737944004044
14.3887983611564
14.4038023219084
14.4188062826604
14.4338102434123
14.4488142041643
14.4638181649163
14.4788221256683
14.4938260864203
14.5088300471723
14.5238340079243
14.5388379686763
14.5538419294282
14.5688458901802
14.5838498509322
14.5988538116842
14.6138577724362
14.6288617331882
14.6438656939402
14.6588696546922
14.6738736154441
14.6888775761961
14.7038815369481
14.7188854977001
14.7338894584521
14.7488934192041
14.7638973799561
14.7789013407081
14.7939053014600
14.8089092622120
14.8239132229640
14.8389171837160
14.8539211444680
14.8689251052200
14.8839290659720
14.8989330267240
14.9139369874760
14.9289409482279
14.9439449089799
14.9589488697319
14.9739528304839
14.9889567912359
15.0039607519879
15.0189647127399
15.0339686734919
15.0489726342438
15.0639765949958
15.0789805557478
15.0939845164998
15.1089884772518
15.1239924380038
15.1389963987558
15.1540003595078
15.1690043202597
15.1840082810117
15.1990122417637
15.2140162025157
15.2290201632677
15.2440241240197
15.2590280847717
15.2740320455237
15.2890360062756
15.3040399670276
15.3190439277796
15.3340478885316
15.3490518492836
15.3640558100356
15.3790597707876
15.3940637315396
15.4090676922915
15.4240716530435
15.4390756137955
15.4540795745475
15.4690835352995
15.4840874960515
15.4990914568035
15.5140954175555
15.5290993783075
15.5441033390594
15.5591072998114
15.5741112605634
15.5891152213154
15.6041191820674
15.6191231428194
15.6341271035714
15.6491310643234
15.6641350250753
15.6791389858273
15.6941429465793
15.7091469073313
15.7241508680833
15.7391548288353
15.7541587895873
15.7691627503393
15.7841667110912
15.7991706718432
15.8141746325952
15.8291785933472
15.8441825540992
15.8591865148512
15.8741904756032
15.8891944363552
15.9041983971071
15.9192023578591
15.9342063186111
15.9492102793631
15.9642142401151
15.9792182008671
15.9942221616191
16.0092261223711
16.0242300831231
16.0392340438750
16.0542380046270
16.0692419653790
16.0842459261310
16.0992498868830
16.1142538476350
16.1292578083870
16.1442617691390
16.1592657298909
16.1742696906429
16.1892736513949
16.2042776121469
16.2192815728989
16.2342855336509
16.2492894944029
16.2642934551549
16.2792974159068
16.2943013766588
16.3093053374108
16.3243092981628
16.3393132589148
16.3543172196668
16.3693211804188
16.3843251411708
16.3993291019228
16.4143330626747
16.4293370234267
16.4443409841787
16.4593449449307
16.4743489056827
16.4893528664347
16.5043568271867
16.5193607879387
16.5343647486906
16.5493687094426
16.5643726701946
16.5793766309466
16.5943805916986
16.6093845524506
16.6243885132026
16.6393924739546
16.6543964347065
16.6694003954585
16.6844043562105
16.6994083169625
16.7144122777145
16.7294162384665
16.7444201992185
16.7594241599705
16.7744281207224
16.7894320814744
16.8044360422264
16.8194400029784
16.8344439637304
16.8494479244824
16.8644518852344
16.8794558459864
16.8944598067383
16.9094637674903
16.9244677282423
16.9394716889943
16.9544756497463
16.9694796104983
16.9844835712503
16.9994875320023
17.0144914927543
17.0294954535062
17.0444994142582
17.0595033750102
17.0745073357622
17.0895112965142
17.1045152572662
17.1195192180182
17.1345231787702
17.1495271395221
17.1645311002741
17.1795350610261
17.1945390217781
17.2095429825301
17.2245469432821
17.2395509040341
17.2545548647861
17.2695588255380
17.2845627862900
17.2995667470420
17.3145707077940
17.3295746685460
17.3445786292980
17.3595825900500
17.3745865508020
17.3895905115539
17.4045944723059
17.4195984330579
17.4346023938099
17.4496063545619
17.4646103153139
17.4796142760659
17.4946182368179
17.5096221975699
17.5246261583218
17.5396301190738
17.5546340798258
17.5696380405778
17.5846420013298
17.5996459620818
17.6146499228338
17.6296538835858
17.6446578443377
17.6596618050897
17.6746657658417
17.6896697265937
17.7046736873457
17.7196776480977
17.7346816088497
17.7496855696017
17.7646895303536
17.7796934911056
17.7946974518576
17.8097014126096
17.8247053733616
17.8397093341136
17.8547132948656
17.8697172556176
17.8847212163696
17.8997251771215
17.9147291378735
17.9297330986255
17.9447370593775
17.9597410201295
17.9747449808815
17.9897489416335
18.0047529023855
18.0197568631374
18.0347608238894
18.0497647846414
18.0647687453934
18.0797727061454
18.0947766668974
18.1097806276494
18.1247845884014
18.1397885491533
18.1547925099053
18.1697964706573
18.1848004314093
18.1998043921613
18.2148083529133
18.2298123136653
18.2448162744173
18.2598202351692
18.2748241959212
18.2898281566732
18.3048321174252
18.3198360781772
18.3348400389292
18.3498439996812
18.3648479604332
18.3798519211851
18.3948558819371
18.4098598426891
18.4248638034411
18.4398677641931
18.4548717249451
18.4698756856971
18.4848796464491
18.4998836072011
18.5148875679530
18.5298915287050
18.5448954894570
18.5598994502090
18.5749034109610
18.5899073717130
18.6049113324650
18.6199152932170
18.6349192539689
18.6499232147209
18.6649271754729
18.6799311362249
18.6949350969769
18.7099390577289
18.7249430184809
18.7399469792329
18.7549509399848
18.7699549007368
18.7849588614888
18.7999628222408
18.8149667829928
18.8299707437448
18.8449747044968
18.8599786652488
18.8749826260008
18.8899865867527
18.9049905475047
18.9199945082567
18.9349984690087
18.9500024297607
18.9650063905127
18.9800103512647
18.9950143120167
19.0100182727686
19.0250222335206
19.0400261942726
19.0550301550246
19.0700341157766
19.0850380765286
19.1000420372806
19.1150459980326
19.1300499587845
19.1450539195365
19.1600578802885
19.1750618410405
19.1900658017925
19.2050697625445
19.2200737232965
19.2350776840485
19.2500816448004
19.2650856055524
19.2800895663044
19.2950935270564
19.3100974878084
19.3251014485604
19.3401054093124
19.3551093700644
19.3701133308164
19.3851172915683
19.4001212523203
19.4151252130723
19.4301291738243
19.4451331345763
19.4601370953283
19.4751410560803
19.4901450168323
19.5051489775842
19.5201529383362
19.5351568990882
19.5501608598402
19.5651648205922
19.5801687813442
19.5951727420962
19.6101767028482
19.6251806636001
19.6401846243521
19.6551885851041
19.6701925458561
19.6851965066081
19.7002004673601
19.7152044281121
19.7302083888641
19.7452123496160
19.7602163103680
19.7752202711200
19.7902242318720
19.8052281926240
19.8202321533760
19.8352361141280
19.8502400748800
19.8652440356320
19.8802479963839
19.8952519571359
19.9102559178879
19.9252598786399
19.9402638393919
19.9552678001439
19.9702717608959
19.9852757216479
20.0002796823998
20.0152836431518
20.0302876039038
20.0452915646558
20.0602955254078
20.0752994861598
20.0903034469118
20.1053074076638
20.1203113684157
20.1353153291677
20.1503192899197
20.1653232506717
20.1803272114237
20.1953311721757
20.2103351329277
20.2253390936797
20.2403430544316
20.2553470151836
20.2703509759356
20.2853549366876
20.3003588974396
20.3153628581916
20.3303668189436
20.3453707796956
20.3603747404475
20.3753787011995
20.3903826619515
20.4053866227035
20.4203905834555
20.4353945442075
20.4503985049595
20.4654024657115
20.4804064264635
20.4954103872154
20.5104143479674
20.5254183087194
20.5404222694714
20.5554262302234
20.5704301909754
20.5854341517274
20.6004381124794
20.6154420732313
20.6304460339833
20.6454499947353
20.6604539554873
20.6754579162393
20.6904618769913
20.7054658377433
20.7204697984953
20.7354737592472
20.7504777199992
20.7654816807512
20.7804856415032
20.7954896022552
20.8104935630072
20.8254975237592
20.8405014845112
20.8555054452631
20.8705094060151
20.8855133667671
20.9005173275191
20.9155212882711
20.9305252490231
20.9455292097751
20.9605331705271
20.9755371312791
20.9905410920310
21.0055450527830
21.0205490135350
21.0355529742870
21.0505569350390
21.0655608957910
21.0805648565430
21.0955688172950
21.1105727780469
21.1255767387989
21.1405806995509
21.1555846603029
21.1705886210549
21.1855925818069
21.2005965425589
21.2156005033109
21.2306044640628
21.2456084248148
21.2606123855668
21.2756163463188
21.2906203070708
21.3056242678228
21.3206282285748
21.3356321893268
21.3506361500787
21.3656401108307
21.3806440715827
21.3956480323347
21.4106519930867
21.4256559538387
21.4406599145907
21.4556638753427
21.4706678360947
21.4856717968466
21.5006757575986
21.5156797183506
21.5306836791026
21.5456876398546
21.5606916006066
21.5756955613586
21.5906995221106
21.6057034828625
21.6207074436145
21.6357114043665
21.6507153651185
21.6657193258705
21.6807232866225
21.6957272473745
21.7107312081265
21.7257351688784
21.7407391296304
21.7557430903824
21.7707470511344
21.7857510118864
21.8007549726384
21.8157589333904
21.8307628941424
21.8457668548943
21.8607708156463
21.8757747763983
21.8907787371503
21.9057826979023
21.9207866586543
21.9357906194063
21.9507945801583
21.9657985409103
21.9808025016622
21.9958064624142
22.0108104231662
22.0258143839182
22.0408183446702
22.0558223054222
22.0708262661742
22.0858302269262
22.1008341876781
22.1158381484301
22.1308421091821
22.1458460699341
22.1608500306861
22.1758539914381
22.1908579521901
22.2058619129421
22.2208658736940
22.2358698344460
22.2508737951980
22.2658777559500
22.2808817167020
22.2958856774540
22.3108896382060
22.3258935989580
22.3408975597099
22.3559015204619
22.3709054812139
22.3859094419659
22.4009134027179
22.4159173634699
22.4309213242219
22.4459252849739
22.4609292457259
22.4759332064778
22.4909371672298
22.5059411279818
22.5209450887338
22.5359490494858
22.5509530102378
22.5659569709898
22.5809609317418
22.5959648924937
22.6109688532457
22.6259728139977
22.6409767747497
22.6559807355017
22.6709846962537
22.6859886570057
22.7009926177577
22.7159965785096
22.7310005392616
22.7460045000136
22.7610084607656
22.7760124215176
22.7910163822696
22.8060203430216
22.8210243037736
22.8360282645256
22.8510322252775
22.8660361860295
22.8810401467815
22.8960441075335
22.9110480682855
22.9260520290375
22.9410559897895
22.9560599505415
22.9710639112934
22.9860678720454
23.0010718327974
23.0160757935494
23.0310797543014
23.0460837150534
23.0610876758054
23.0760916365574
23.0910955973093
23.1060995580613
23.1211035188133
23.1361074795653
23.1511114403173
23.1661154010693
23.1811193618213
23.1961233225733
23.2111272833252
23.2261312440772
23.2411352048292
23.2561391655812
23.2711431263332
23.2861470870852
23.3011510478372
23.3161550085892
23.3311589693411
23.3461629300931
23.3611668908451
23.3761708515971
23.3911748123491
23.4061787731011
23.4211827338531
23.4361866946051
23.4511906553571
23.4661946161090
23.4811985768610
23.4962025376130
23.5112064983650
23.5262104591170
23.5412144198690
23.5562183806210
23.5712223413730
23.5862263021249
23.6012302628769
23.6162342236289
23.6312381843809
23.6462421451329
23.6612461058849
23.6762500666369
23.6912540273889
23.7062579881408
23.7212619488928
23.7362659096448
23.7512698703968
23.7662738311488
23.7812777919008
23.7962817526528
23.8112857134048
23.8262896741567
23.8412936349087
23.8562975956607
23.8713015564127
23.8863055171647
23.9013094779167
23.9163134386687
23.9313173994207
23.9463213601727
23.9613253209246
23.9763292816766
23.9913332424286
24.0063372031806
24.0213411639326
24.0363451246846
24.0513490854366
24.0663530461886
24.0813570069405
24.0963609676925
24.1113649284445
24.1263688891965
24.1413728499485
24.1563768107005
24.1713807714525
24.1863847322045
24.2013886929564
24.2163926537084
24.2313966144604
24.2464005752124
24.2614045359644
24.2764084967164
24.2914124574684
24.3064164182204
24.3214203789723
24.3364243397243
24.3514283004763
24.3664322612283
24.3814362219803
24.3964401827323
24.4114441434843
24.4264481042363
24.4414520649883
24.4564560257402
24.4714599864922
24.4864639472442
24.5014679079962
24.5164718687482
24.5314758295002
24.5464797902522
24.5614837510042
24.5764877117561
24.5914916725081
24.6064956332601
24.6214995940121
24.6365035547641
24.6515075155161
24.6665114762681
24.6815154370201
24.6965193977720
24.7115233585240
24.7265273192760
24.7415312800280
24.7565352407800
24.7715392015320
24.7865431622840
24.8015471230360
24.8165510837879
24.8315550445399
24.8465590052919
24.8615629660439
24.8765669267959
24.8915708875479
24.9065748482999
24.9215788090519
24.9365827698039
24.9515867305558
24.9665906913078
24.9815946520598
24.9965986128118
25.0116025735638
25.0266065343158
25.0416104950678
25.0566144558198
25.0716184165717
25.0866223773237
25.1016263380757
25.1166302988277
25.1316342595797
25.1466382203317
25.1616421810837
25.1766461418357
25.1916501025876
25.2066540633396
25.2216580240916
25.2366619848436
25.2516659455956
25.2666699063476
25.2816738670996
25.2966778278516
25.3116817886036
25.3266857493555
25.3416897101075
25.3566936708595
25.3716976316115
25.3867015923635
25.4017055531155
25.4167095138675
25.4317134746195
25.4467174353714
25.4617213961234
25.4767253568754
25.4917293176274
25.5067332783794
25.5217372391314
25.5367411998834
25.5517451606354
25.5667491213873
25.5817530821393
25.5967570428913
25.6117610036433
25.6267649643953
25.6417689251473
25.6567728858993
25.6717768466513
25.6867808074032
25.7017847681552
25.7167887289072
25.7317926896592
25.7467966504112
25.7618006111632
25.7768045719152
25.7918085326672
25.8068124934191
25.8218164541711
25.8368204149231
25.8518243756751
25.8668283364271
25.8818322971791
25.8968362579311
25.9118402186831
25.9268441794351
25.9418481401870
25.9568521009390
25.9718560616910
25.9868600224430
26.0018639831950
26.0168679439470
26.0318719046990
26.0468758654510
26.0618798262029
26.0768837869549
26.0918877477069
26.1068917084589
26.1218956692109
26.1368996299629
26.1519035907149
26.1669075514669
26.1819115122188
26.1969154729708
26.2119194337228
26.2269233944748
26.2419273552268
26.2569313159788
26.2719352767308
26.2869392374828
26.3019431982348
26.3169471589867
26.3319511197387
26.3469550804907
26.3619590412427
26.3769630019947
26.3919669627467
26.4069709234987
26.4219748842507
26.4369788450026
26.4519828057546
26.4669867665066
26.4819907272586
26.4969946880106
26.5119986487626
26.5270026095146
26.5420065702666
26.5570105310185
26.5720144917705
26.5870184525225
26.6020224132745
26.6170263740265
26.6320303347785
26.6470342955305
26.6620382562825
26.6770422170344
26.6920461777864
26.7070501385384
26.7220540992904
26.7370580600424
26.7520620207944
26.7670659815464
26.7820699422984
26.7970739030503
26.8120778638023
26.8270818245543
26.8420857853063
26.8570897460583
26.8720937068103
26.8870976675623
26.9021016283143
26.9171055890663
26.9321095498182
26.9471135105702
26.9621174713222
26.9771214320742
26.9921253928262
27.0071293535782
27.0221333143302
27.0371372750822
27.0521412358341
27.0671451965861
27.0821491573381
27.0971531180901
27.1121570788421
27.1271610395941
27.1421650003461
27.1571689610981
27.1721729218500
27.1871768826020
27.2021808433540
27.2171848041060
27.2321887648580
27.2471927256100
27.2621966863620
27.2772006471140
27.2922046078659
27.3072085686179
27.3222125293699
27.3372164901219
27.3522204508739
27.3672244116259
27.3822283723779
27.3972323331299
27.4122362938819
27.4272402546338
27.4422442153858
27.4572481761378
27.4722521368898
27.4872560976418
27.5022600583938
27.5172640191458
27.5322679798978
27.5472719406497
27.5622759014017
27.5772798621537
27.5922838229057
27.6072877836577
27.6222917444097
27.6372957051617
27.6522996659137
27.6673036266656
27.6823075874176
27.6973115481696
27.7123155089216
27.7273194696736
27.7423234304256
27.7573273911776
27.7723313519296
27.7873353126815
27.8023392734335
27.8173432341855
27.8323471949375
27.8473511556895
27.8623551164415
27.8773590771935
27.8923630379455
27.9073669986974
27.9223709594494
27.9373749202014
27.9523788809534
27.9673828417054
27.9823868024574
27.9973907632094
28.0123947239614
28.0273986847134
28.0424026454653
28.0574066062173
28.0724105669693
28.0874145277213
28.1024184884733
28.1174224492253
28.1324264099773
28.1474303707293
28.1624343314812
28.1774382922332
28.1924422529852
28.2074462137372
28.2224501744892
28.2374541352412
28.2524580959932
28.2674620567452
28.2824660174971
28.2974699782491
28.3124739390011
28.3274778997531
28.3424818605051
28.3574858212571
28.3724897820091
28.3874937427611
28.4024977035131
28.4175016642650
28.4325056250170
28.4475095857690
28.4625135465210
28.4775175072730
28.4925214680250
28.5075254287770
28.5225293895290
28.5375333502809
28.5525373110329
28.5675412717849
28.5825452325369
28.5975491932889
28.6125531540409
28.6275571147929
28.6425610755449
28.6575650362968
28.6725689970488
28.6875729578008
28.7025769185528
28.7175808793048
28.7325848400568
28.7475888008088
28.7625927615608
28.7775967223127
28.7926006830647
28.8076046438167
28.8226086045687
28.8376125653207
28.8526165260727
28.8676204868247
28.8826244475767
28.8976284083286
28.9126323690806
28.9276363298326
28.9426402905846
28.9576442513366
28.9726482120886
28.9876521728406
29.0026561335926
29.0176600943446
29.0326640550965
29.0476680158485
29.0626719766005
29.0776759373525
29.0926798981045
29.1076838588565
29.1226878196085
29.1376917803605
29.1526957411124
29.1676997018644
29.1827036626164
29.1977076233684
29.2127115841204
29.2277155448724
29.2427195056244
29.2577234663764
29.2727274271284
29.2877313878803
29.3027353486323
29.3177393093843
29.3327432701363
29.3477472308883
29.3627511916403
29.3777551523923
29.3927591131443
29.4077630738962
29.4227670346482
29.4377709954002
29.4527749561522
29.4677789169042
29.4827828776562
29.4977868384082
29.5127907991602
29.5277947599121
29.5427987206641
29.5578026814161
29.5728066421681
29.5878106029201
29.6028145636721
29.6178185244241
29.6328224851761
29.6478264459280
29.6628304066800
29.6778343674320
29.6928383281840
29.7078422889360
29.7228462496880
29.7378502104400
29.7528541711920
29.7678581319439
29.7828620926959
29.7978660534479
29.8128700141999
29.8278739749519
29.8428779357039
29.8578818964559
29.8728858572079
29.8878898179599
29.9028937787118
29.9178977394638
29.9329017002158
29.9479056609678
29.9629096217198
29.9779135824718
29.9929175432238
30.0079215039758
30.0229254647277
30.0379294254797
30.0529333862317
30.0679373469837
30.0829413077357
30.0979452684877
30.1129492292397
30.1279531899917
30.1429571507436
30.1579611114956
30.1729650722476
30.1879690329996
30.2029729937516
30.2179769545036
30.2329809152556
30.2479848760076
30.2629888367595
30.2779927975115
30.2929967582635
30.3080007190155
30.3230046797675
30.3380086405195
30.3530126012715
30.3680165620235
30.3830205227755
30.3980244835274
30.4130284442794
30.4280324050314
30.4430363657834
30.4580403265354
30.4730442872874
30.4880482480394
30.5030522087914
30.5180561695433
30.5330601302953
30.5480640910473
30.5630680517993
30.5780720125513
30.5930759733033
30.6080799340553
30.6230838948073
30.6380878555592
30.6530918163112
30.6680957770632
30.6830997378152
30.6981036985672
30.7131076593192
30.7281116200712
30.7431155808232
30.7581195415751
30.7731235023271
30.7881274630791
30.8031314238311
30.8181353845831
30.8331393453351
30.8481433060871
30.8631472668391
30.8781512275911
30.8931551883430
30.9081591490950
30.9231631098470
30.9381670705990
30.9531710313510
30.9681749921030
30.9831789528550
30.9981829136070
31.0131868743589
31.0281908351109
31.0431947958629
31.0581987566149
31.0732027173669
31.0882066781189
31.1032106388709
31.1182145996229
31.1332185603748
31.1482225211268
31.1632264818788
31.1782304426308
31.1932344033828
31.2082383641348
31.2232423248868
31.2382462856388
31.2532502463907
31.2682542071427
31.2832581678947
31.2982621286467
31.3132660893987
31.3282700501507
31.3432740109027
31.3582779716547
31.3732819324067
31.3882858931586
31.4032898539106
31.4182938146626
31.4332977754146
31.4483017361666
31.4633056969186
31.4783096576706
31.4933136184226
31.5083175791745
31.5233215399265
31.5383255006785
31.5533294614305
31.5683334221825
31.5833373829345
31.5983413436865
31.6133453044385
31.6283492651904
31.6433532259424
31.6583571866944
31.6733611474464
31.6883651081984
31.7033690689504
31.7183730297024
31.7333769904544
31.7483809512063
31.7633849119583
31.7783888727103
31.7933928334623
31.8083967942143
31.8234007549663
31.8384047157183
31.8534086764703
31.8684126372223
31.8834165979742
31.8984205587262
31.9134245194782
31.9284284802302
31.9434324409822
31.9584364017342
31.9734403624862
31.9884443232382
32.0034482839901
32.0184522447421
32.0334562054941
32.0484601662461
32.0634641269981
32.0784680877501
32.0934720485021
32.1084760092541
32.1234799700060
32.1384839307580
32.1534878915100
32.1684918522620
32.1834958130140
32.1984997737660
32.2135037345180
32.2285076952700
32.2435116560219
32.2585156167739
32.2735195775259
32.2885235382779
32.3035274990299
32.3185314597819
32.3335354205339
32.3485393812859
32.3635433420379
32.3785473027898
32.3935512635418
32.4085552242938
32.4235591850458
32.4385631457978
32.4535671065498
32.4685710673018
32.4835750280538
32.4985789888057
32.5135829495577
32.5285869103097
32.5435908710617
32.5585948318137
32.5735987925657
32.5886027533177
32.6036067140697
32.6186106748216
32.6336146355736
32.6486185963256
32.6636225570776
32.6786265178296
32.6936304785816
32.7086344393336
32.7236384000856
32.7386423608375
32.7536463215895
32.7686502823415
32.7836542430935
32.7986582038455
32.8136621645975
32.8286661253495
32.8436700861015
32.8586740468535
32.8736780076054
32.8886819683574
32.9036859291094
32.9186898898614
32.9336938506134
32.9486978113654
32.9637017721174
32.9787057328694
32.9937096936213
33.0087136543733
33.0237176151253
33.0387215758773
33.0537255366293
33.0687294973813
33.0837334581333
33.0987374188853
33.1137413796373
33.1287453403892
33.1437493011412
33.1587532618932
33.1737572226452
33.1887611833972
33.2037651441492
33.2187691049012
33.2337730656531
33.2487770264051
33.2637809871571
33.2787849479091
33.2937889086611
33.3087928694131
33.3237968301651
33.3388007909171
33.3538047516690
33.3688087124210
33.3838126731730
33.3988166339250
33.4138205946770
33.4288245554290
33.4438285161810
33.4588324769330
33.4738364376850
33.4888403984369
33.5038443591889
33.5188483199409
33.5338522806929
33.5488562414449
33.5638602021969
33.5788641629489
33.5938681237009
33.6088720844528
33.6238760452048
33.6388800059568
33.6538839667088
33.6688879274608
33.6838918882128
33.6988958489648
33.7138998097168
33.7289037704688
33.7439077312207
33.7589116919727
33.7739156527247
33.7889196134767
33.8039235742287
33.8189275349807
33.8339314957327
33.8489354564847
33.8639394172366
33.8789433779886
33.8939473387406
33.9089512994926
33.9239552602446
33.9389592209966
33.9539631817486
33.9689671425006
33.9839711032525
33.9989750640045
34.0139790247565
34.0289829855085
34.0439869462605
34.0589909070125
34.0739948677645
34.0889988285165
34.1040027892684
34.1190067500204
34.1340107107724
34.1490146715244
34.1640186322764
34.1790225930284
34.1940265537804
34.2090305145324
34.2240344752844
34.2390384360363
34.2540423967883
34.2690463575403
34.2840503182923
34.2990542790443
34.3140582397963
34.3290622005483
34.3440661613003
34.3590701220522
34.3740740828042
34.3890780435562
34.4040820043082
34.4190859650602
34.4340899258122
34.4490938865642
34.4640978473162
34.4791018080681
34.4941057688201
34.5091097295721
34.5241136903241
34.5391176510761
34.5541216118281
34.5691255725801
34.5841295333321
34.5991334940840
34.6141374548360
34.6291414155880
34.6441453763400
34.6591493370920
34.6741532978440
34.6891572585960
34.7041612193480
34.7191651801000
34.7341691408519
34.7491731016039
34.7641770623559
34.7791810231079
34.7941849838599
34.8091889446119
34.8241929053639
34.8391968661159
34.8542008268678
34.8692047876198
34.8842087483718
34.8992127091238
34.9142166698758
34.9292206306278
34.9442245913798
34.9592285521318
34.9742325128837
34.9892364736357
35.0042404343877
35.0192443951397
35.0342483558917
35.0492523166437
35.0642562773957
35.0792602381477
35.0942641988996
35.1092681596516
35.1242721204036
35.1392760811556
35.1542800419076
35.1692840026596
35.1842879634116
35.1992919241636
35.2142958849156
35.2292998456675
35.2443038064195
35.2593077671715
35.2743117279235
35.2893156886755
35.3043196494275
35.3193236101795
35.3343275709315
35.3493315316834
35.3643354924354
35.3793394531874
35.3943434139394
35.4093473746914
35.4243513354434
35.4393552961954
35.4543592569474
35.4693632176993
35.4843671784513
35.4993711392033
35.5143750999553
35.5293790607073
35.5443830214593
35.5593869822113
35.5743909429633
35.5893949037152
35.6043988644672
35.6194028252192
35.6344067859712
35.6494107467232
35.6644147074752
35.6794186682272
35.6944226289792
35.7094265897311
35.7244305504831
35.7394345112351
35.7544384719871
35.7694424327391
35.7844463934911
35.7994503542431
35.8144543149951
35.8294582757471
35.8444622364990
35.8594661972510
35.8744701580030
35.8894741187550
35.9044780795070
35.9194820402590
35.9344860010110
35.9494899617630
35.9644939225149
35.9794978832669
35.9945018440189
36.0095058047709
36.0245097655229
36.0395137262749
36.0545176870269
36.0695216477789
36.0845256085308
36.0995295692828
36.1145335300348
36.1295374907868
36.1445414515388
36.1595454122908
36.1745493730428
36.1895533337948
36.2045572945467
36.2195612552987
36.2345652160507
36.2495691768027
36.2645731375547
36.2795770983067
36.2945810590587
36.3095850198107
36.3245889805627
36.3395929413146
36.3545969020666
36.3696008628186
36.3846048235706
36.3996087843226
36.4146127450746
36.4296167058266
36.4446206665786
36.4596246273305
36.4746285880825
36.4896325488345
36.5046365095865
36.5196404703385
36.5346444310905
36.5496483918425
36.5646523525945
36.5796563133464
36.5946602740984
36.6096642348504
36.6246681956024
36.6396721563544
36.6546761171064
36.6696800778584
36.6846840386104
36.6996879993624
36.7146919601143
36.7296959208663
36.7446998816183
36.7597038423703
36.7747078031223
36.7897117638743
36.8047157246263
36.8197196853782
36.8347236461302
36.8497276068822
36.8647315676342
36.8797355283862
36.8947394891382
36.9097434498902
36.9247474106422
36.9397513713942
36.9547553321461
36.9697592928981
36.9847632536501
36.9997672144021
37.0147711751541
37.0297751359061
37.0447790966581
37.0597830574101
37.0747870181620
37.0897909789140
37.1047949396660
37.1197989004180
37.1348028611700
37.1498068219220
37.1648107826740
37.1798147434260
37.1948187041780
37.2098226649299
37.2248266256819
37.2398305864339
37.2548345471859
37.2698385079379
37.2848424686899
37.2998464294419
37.3148503901939
37.3298543509458
37.3448583116978
37.3598622724498
37.3748662332018
37.3898701939538
37.4048741547058
37.4198781154578
37.4348820762098
37.4498860369617
37.4648899977137
37.4798939584657
37.4948979192177
37.5099018799697
37.5249058407217
37.5399098014737
37.5549137622257
37.5699177229776
37.5849216837296
37.5999256444816
37.6149296052336
37.6299335659856
37.6449375267376
37.6599414874896
37.6749454482416
37.6899494089935
37.7049533697455
37.7199573304975
37.7349612912495
37.7499652520015
37.7649692127535
37.7799731735055
37.7949771342575
37.8099810950095
37.8249850557614
37.8399890165134
37.8549929772654
37.8699969380174
37.8850008987694
37.9000048595214
37.9150088202734
37.9300127810254
37.9450167417773
37.9600207025293
37.9750246632813
37.9900286240333
38.0050325847853
38.0200365455373
38.0350405062893
38.0500444670413
38.0650484277932
38.0800523885452
38.0950563492972
38.1100603100492
38.1250642708012
38.1400682315532
38.1550721923052
38.1700761530572
38.1850801138091
38.2000840745611
38.2150880353131
38.2300919960651
38.2450959568171
38.2600999175691
38.2751038783211
38.2901078390731
38.3051117998251
38.3201157605770
38.3351197213290
38.3501236820810
38.3651276428330
38.3801316035850
38.3951355643370
38.4101395250890
38.4251434858410
38.4401474465929
38.4551514073449
38.4701553680969
38.4851593288489
38.5001632896009
38.5151672503529
38.5301712111049
38.5451751718569
38.5601791326088
38.5751830933608
38.5901870541128
38.6051910148648
38.6201949756168
38.6351989363688
38.6502028971208
38.6652068578728
38.6802108186247
38.6952147793767
38.7102187401287
38.7252227008807
38.7402266616327
38.7552306223847
38.7702345831367
38.7852385438887
38.8002425046406
38.8152464653926
38.8302504261446
38.8452543868966
38.8602583476486
38.8752623084006
38.8902662691526
38.9052702299046
38.9202741906566
38.9352781514085
38.9502821121605
38.9652860729125
38.9802900336645
38.9952939944165
39.0102979551685
39.0253019159205
39.0403058766725
39.0553098374244
39.0703137981764
39.0853177589284
39.1003217196804
39.1153256804324
39.1303296411844
39.1453336019364
39.1603375626884
39.1753415234403
39.1903454841923
39.2053494449443
39.2203534056963
39.2353573664483
39.2503613272003
39.2653652879523
39.2803692487043
39.2953732094562
39.3103771702082
39.3253811309602
39.3403850917122
39.3553890524642
39.3703930132162
39.3853969739682
39.4004009347202
39.4154048954722
39.4304088562241
39.4454128169761
39.4604167777281
39.4754207384801
39.4904246992321
39.5054286599841
39.5204326207361
39.5354365814881
39.5504405422401
39.5654445029920
39.5804484637440
39.5954524244960
39.6104563852480
39.6254603460000
39.6404643067520
39.6554682675040
39.6704722282559
39.6854761890079
39.7004801497599
39.7154841105119
39.7304880712639
39.7454920320159
39.7604959927679
39.7754999535199
39.7905039142718
39.8055078750238
39.8205118357758
39.8355157965278
39.8505197572798
39.8655237180318
39.8805276787838
39.8955316395358
39.9105356002878
39.9255395610397
39.9405435217917
39.9555474825437
39.9705514432957
39.9855554040477
40.0005593647997
40.0155633255517
40.0305672863037
40.0455712470557
40.0605752078076
40.0755791685596
40.0905831293116
40.1055870900636
40.1205910508156
40.1355950115676
40.1505989723196
40.1656029330715
40.1806068938235
40.1956108545755
40.2106148153275
40.2256187760795
40.2406227368315
40.2556266975835
40.2706306583355
40.2856346190874
40.3006385798394
40.3156425405914
40.3306465013434
40.3456504620954
40.3606544228474
40.3756583835994
40.3906623443514
40.4056663051033
40.4206702658553
40.4356742266073
40.4506781873593
40.4656821481113
40.4806861088633
40.4956900696153
40.5106940303673
40.5256979911193
40.5407019518712
40.5557059126232
40.5707098733752
40.5857138341272
40.6007177948792
40.6157217556312
40.6307257163832
40.6457296771352
40.6607336378872
40.6757375986391
40.6907415593911
40.7057455201431
40.7207494808951
40.7357534416471
40.7507574023991
40.7657613631511
40.7807653239031
40.7957692846550
40.8107732454070
40.8257772061590
40.8407811669110
40.8557851276630
40.8707890884150
40.8857930491670
40.9007970099189
40.9158009706709
40.9308049314229
40.9458088921749
40.9608128529269
40.9758168136789
40.9908207744309
41.0058247351829
41.0208286959349
41.0358326566868
41.0508366174388
41.0658405781908
41.0808445389428
41.0958484996948
41.1108524604468
41.1258564211988
41.1408603819508
41.1558643427028
41.1708683034547
41.1858722642067
41.2008762249587
41.2158801857107
41.2308841464627
41.2458881072147
41.2608920679667
41.2758960287187
41.2908999894706
41.3059039502226
41.3209079109746
41.3359118717266
41.3509158324786
41.3659197932306
41.3809237539826
41.3959277147346
41.4109316754865
41.4259356362385
41.4409395969905
41.4559435577425
41.4709475184945
41.4859514792465
41.5009554399985
41.5159594007505
41.5309633615024
41.5459673222544
41.5609712830064
41.5759752437584
41.5909792045104
41.6059831652624
41.6209871260144
41.6359910867664
41.6509950475183
41.6659990082703
41.6810029690223
41.6960069297743
41.7110108905263
41.7260148512783
41.7410188120303
41.7560227727823
41.7710267335343
41.7860306942862
41.8010346550382
41.8160386157902
41.8310425765422
41.8460465372942
41.8610504980462
41.8760544587982
41.8910584195502
41.9060623803021
41.9210663410541
41.9360703018061
41.9510742625581
41.9660782233101
41.9810821840621
41.9960861448141
42.0110901055661
42.0260940663180
42.0410980270700
42.0561019878220
42.0711059485740
42.0861099093260
42.1011138700780
42.1161178308300
42.1311217915820
42.1461257523339
42.1611297130859
42.1761336738379
42.1911376345899
42.2061415953419
42.2211455560939
42.2361495168459
42.2511534775979
42.2661574383499
42.2811613991018
42.2961653598538
42.3111693206058
42.3261732813578
42.3411772421098
42.3561812028618
42.3711851636138
42.3861891243658
42.4011930851177
42.4161970458697
42.4312010066217
42.4462049673737
42.4612089281257
42.4762128888777
42.4912168496297
42.5062208103817
42.5212247711336
42.5362287318856
42.5512326926376
42.5662366533896
42.5812406141416
42.5962445748936
42.6112485356456
42.6262524963976
42.6412564571495
42.6562604179015
42.6712643786535
42.6862683394055
42.7012723001575
42.7162762609095
42.7312802216615
42.7462841824135
42.7612881431655
42.7762921039174
42.7912960646694
42.8063000254214
42.8213039861734
42.8363079469254
42.8513119076774
42.8663158684294
42.8813198291814
42.8963237899333
42.9113277506853
42.9263317114373
42.9413356721893
42.9563396329413
42.9713435936933
42.9863475544453
43.0013515151973
43.0163554759492
43.0313594367012
43.0463633974532
43.0613673582052
43.0763713189572
43.0913752797092
43.1063792404612
43.1213832012132
43.1363871619651
43.1513911227171
43.1663950834691
43.1813990442211
43.1964030049731
43.2114069657251
43.2264109264771
43.2414148872291
43.2564188479810
43.2714228087330
43.2864267694850
43.3014307302370
43.3164346909890
43.3314386517410
43.3464426124930
43.3614465732450
43.3764505339970
43.3914544947489
43.4064584555009
43.4214624162529
43.4364663770049
43.4514703377569
43.4664742985089
43.4814782592609
43.4964822200129
43.5114861807648
43.5264901415168
43.5414941022688
43.5564980630208
43.5715020237728
43.5865059845248
43.6015099452768
43.6165139060288
43.6315178667808
43.6465218275327
43.6615257882847
43.6765297490367
43.6915337097887
43.7065376705407
43.7215416312927
43.7365455920447
43.7515495527967
43.7665535135486
43.7815574743006
43.7965614350526
43.8115653958046
43.8265693565566
43.8415733173086
43.8565772780606
43.8715812388126
43.8865851995645
43.9015891603165
43.9165931210685
43.9315970818205
43.9466010425725
43.9616050033245
43.9766089640765
43.9916129248285
44.0066168855804
44.0216208463324
44.0366248070844
44.0516287678364
44.0666327285884
44.0816366893404
44.0966406500924
44.1116446108444
44.1266485715963
44.1416525323483
44.1566564931003
44.1716604538523
44.1866644146043
44.2016683753563
44.2166723361083
44.2316762968603
44.2466802576123
44.2616842183642
44.2766881791162
44.2916921398682
44.3066961006202
44.3217000613722
44.3367040221242
44.3517079828762
44.3667119436282
44.3817159043801
44.3967198651321
44.4117238258841
44.4267277866361
44.4417317473881
44.4567357081401
44.4717396688921
44.4867436296441
44.5017475903960
44.5167515511480
44.5317555119000
44.5467594726520
44.5617634334040
44.5767673941560
44.5917713549080
44.6067753156600
44.6217792764119
44.6367832371639
44.6517871979159
44.6667911586679
44.6817951194199
44.6967990801719
44.7118030409239
44.7268070016759
44.7418109624279
44.7568149231798
44.7718188839318
44.7868228446838
44.8018268054358
44.8168307661878
44.8318347269398
44.8468386876918
44.8618426484438
44.8768466091957
44.8918505699477
44.9068545306997
44.9218584914517
44.9368624522037
44.9518664129557
44.9668703737077
44.9818743344597
44.9968782952116
45.0118822559636
45.0268862167156
45.0418901774676
45.0568941382196
45.0718980989716
45.0869020597236
45.1019060204756
45.1169099812275
45.1319139419795
45.1469179027315
45.1619218634835
45.1769258242355
45.1919297849875
45.2069337457395
45.2219377064915
45.2369416672434
45.2519456279954
45.2669495887474
45.2819535494994
45.2969575102514
45.3119614710034
45.3269654317554
45.3419693925074
45.3569733532594
45.3719773140113
45.3869812747633
45.4019852355153
45.4169891962673
45.4319931570193
45.4469971177713
45.4620010785233
45.4770050392753
45.4920090000272
45.5070129607792
45.5220169215312
45.5370208822832
45.5520248430352
45.5670288037872
45.5820327645392
45.5970367252912
45.6120406860431
45.6270446467951
45.6420486075471
45.6570525682991
45.6720565290511
45.6870604898031
45.7020644505551
45.7170684113071
45.7320723720590
45.7470763328110
45.7620802935630
45.7770842543150
45.7920882150670
45.8070921758190
45.8220961365710
45.8371000973230
45.8521040580750
45.8671080188269
45.8821119795789
45.8971159403309
45.9121199010829
45.9271238618349
45.9421278225869
45.9571317833389
45.9721357440909
45.9871397048428
46.0021436655948
46.0171476263468
46.0321515870988
46.0471555478508
46.0621595086028
46.0771634693548
46.0921674301068
46.1071713908587
46.1221753516107
46.1371793123627
46.1521832731147
46.1671872338667
46.1821911946187
46.1971951553707
46.2121991161227
46.2272030768746
46.2422070376266
46.2572109983786
46.2722149591306
46.2872189198826
46.3022228806346
46.3172268413866
46.3322308021386
46.3472347628906
46.3622387236425
46.3772426843945
46.3922466451465
46.4072506058985
46.4222545666505
46.4372585274025
46.4522624881545
46.4672664489065
46.4822704096584
46.4972743704104
46.5122783311624
46.5272822919144
46.5422862526664
46.5572902134184
46.5722941741704
46.5872981349224
46.6023020956743
46.6173060564263
46.6323100171783
46.6473139779303
46.6623179386823
46.6773218994343
46.6923258601863
46.7073298209383
46.7223337816902
46.7373377424422
46.7523417031942
46.7673456639462
46.7823496246982
46.7973535854502
46.8123575462022
46.8273615069542
46.8423654677061
46.8573694284581
46.8723733892101
46.8873773499621
46.9023813107141
46.9173852714661
46.9323892322181
46.9473931929701
46.9623971537221
46.9774011144740
46.9924050752260
47.0074090359780
47.0224129967300
47.0374169574820
47.0524209182340
47.0674248789860
47.0824288397380
47.0974328004900
47.1124367612419
47.1274407219939
47.1424446827459
47.1574486434979
47.1724526042499
47.1874565650019
47.2024605257539
47.2174644865058
47.2324684472578
47.2474724080098
47.2624763687618
47.2774803295138
47.2924842902658
47.3074882510178
47.3224922117698
47.3374961725217
47.3525001332737
47.3675040940257
47.3825080547777
47.3975120155297
47.4125159762817
47.4275199370337
47.4425238977857
47.4575278585377
47.4725318192896
47.4875357800416
47.5025397407936
47.5175437015456
47.5325476622976
47.5475516230496
47.5625555838016
47.5775595445536
47.5925635053056
47.6075674660575
47.6225714268095
47.6375753875615
47.6525793483135
47.6675833090655
47.6825872698175
47.6975912305695
47.7125951913215
47.7275991520734
47.7426031128254
47.7576070735774
47.7726110343294
47.7876149950814
47.8026189558334
47.8176229165854
47.8326268773374
47.8476308380893
47.8626347988413
47.8776387595933
47.8926427203453
47.9076466810973
47.9226506418493
47.9376546026013
47.9526585633532
47.9676625241052
47.9826664848572
47.9976704456092
48.0126744063612
48.0276783671132
48.0426823278652
48.0576862886172
48.0726902493692
48.0876942101211
48.1026981708731
48.1177021316251
48.1327060923771
48.1477100531291
48.1627140138811
48.1777179746331
48.1927219353851
48.2077258961371
48.2227298568890
48.2377338176410
48.2527377783930
48.2677417391450
48.2827456998970
48.2977496606490
48.3127536214010
48.3277575821530
48.3427615429049
48.3577655036569
48.3727694644089
48.3877734251609
48.4027773859129
48.4177813466649
48.4327853074169
48.4477892681689
48.4627932289208
48.4777971896728
48.4928011504248
48.5078051111768
48.5228090719288
48.5378130326808
48.5528169934328
48.5678209541848
48.5828249149367
48.5978288756887
48.6128328364407
48.6278367971927
48.6428407579447
48.6578447186967
48.6728486794487
48.6878526402007
48.7028566009527
48.7178605617046
48.7328645224566
48.7478684832086
48.7628724439606
48.7778764047126
48.7928803654646
48.8078843262166
48.8228882869686
48.8378922477205
48.8528962084725
48.8679001692245
48.8829041299765
48.8979080907285
48.9129120514805
48.9279160122325
48.9429199729845
48.9579239337364
48.9729278944884
48.9879318552404
49.0029358159924
49.0179397767444
49.0329437374964
49.0479476982484
49.0629516590004
49.0779556197523
49.0929595805043
49.1079635412563
49.1229675020083
49.1379714627603
49.1529754235123
49.1679793842643
49.1829833450163
49.1979873057683
49.2129912665202
49.2279952272722
49.2429991880242
49.2580031487762
49.2730071095282
49.2880110702802
49.3030150310322
49.3180189917842
49.3330229525361
49.3480269132881
49.3630308740401
49.3780348347921
49.3930387955441
49.4080427562961
49.4230467170481
49.4380506778001
49.4530546385520
49.4680585993040
49.4830625600560
49.4980665208080
49.5130704815600
49.5280744423120
49.5430784030640
49.5580823638160
49.5730863245679
49.5880902853199
49.6030942460719
49.6180982068239
49.6331021675759
49.6481061283279
49.6631100890799
49.6781140498319
49.6931180105838
49.7081219713358
49.7231259320878
49.7381298928398
49.7531338535918
49.7681378143438
49.7831417750958
49.7981457358478
49.8131496965998
49.8281536573517
49.8431576181037
49.8581615788557
49.8731655396077
49.8881695003597
49.9031734611117
49.9181774218637
49.9331813826157
49.9481853433676
49.9631893041196
49.9781932648716
49.9931972256236
50.0082011863756
50.0232051471276
50.0382091078796
50.0532130686316
50.0682170293835
50.0832209901355
50.0982249508875
50.1132289116395
50.1282328723915
50.1432368331435
50.1582407938955
50.1732447546475
50.1882487153994
50.2032526761514
50.2182566369034
50.2332605976554
50.2482645584074
50.2632685191594
50.2782724799114
50.2932764406634
50.3082804014154
50.3232843621673
50.3382883229193
50.3532922836713
50.3682962444233
50.3833002051753
50.3983041659273
50.4133081266793
50.4283120874313
50.4433160481832
50.4583200089352
50.4733239696872
50.4883279304392
50.5033318911912
50.5183358519432
50.5333398126952
50.5483437734472
50.5633477341991
50.5783516949511
50.5933556557031
50.6083596164551
50.6233635772071
50.6383675379591
50.6533714987111
50.6683754594631
50.6833794202151
50.6983833809670
50.7133873417190
50.7283913024710
50.7433952632230
50.7583992239750
50.7734031847270
50.7884071454790
50.8034111062309
50.8184150669829
50.8334190277349
50.8484229884869
50.8634269492389
50.8784309099909
50.8934348707429
50.9084388314949
50.9234427922469
50.9384467529988
50.9534507137508
50.9684546745028
50.9834586352548
50.9984625960068
51.0134665567588
51.0284705175108
51.0434744782628
51.0584784390147
51.0734823997667
51.0884863605187
51.1034903212707
51.1184942820227
51.1334982427747
51.1485022035267
51.1635061642787
51.1785101250307
51.1935140857826
51.2085180465346
51.2235220072866
51.2385259680386
51.2535299287906
51.2685338895426
51.2835378502946
51.2985418110466
51.3135457717985
51.3285497325505
51.3435536933025
51.3585576540545
51.3735616148065
51.3885655755585
51.4035695363105
51.4185734970625
51.4335774578144
51.4485814185664
51.4635853793184
51.4785893400704
51.4935933008224
51.5085972615744
51.5236012223264
51.5386051830784
51.5536091438303
51.5686131045823
51.5836170653343
51.5986210260863
51.6136249868383
51.6286289475903
51.6436329083423
51.6586368690943
51.6736408298462
51.6886447905982
51.7036487513502
51.7186527121022
51.7336566728542
51.7486606336062
51.7636645943582
51.7786685551102
51.7936725158622
51.8086764766141
51.8236804373661
51.8386843981181
51.8536883588701
51.8686923196221
51.8836962803741
51.8987002411261
51.9137042018781
51.9287081626300
51.9437121233820
51.9587160841340
51.9737200448860
51.9887240056380
52.0037279663900
52.0187319271420
52.0337358878940
52.0487398486459
52.0637438093979
52.0787477701499
52.0937517309019
52.1087556916539
52.1237596524059
52.1387636131579
52.1537675739099
52.1687715346618
52.1837754954138
52.1987794561658
52.2137834169178
52.2287873776698
52.2437913384218
52.2587952991738
52.2737992599258
52.2888032206778
52.3038071814297
52.3188111421817
52.3338151029337
52.3488190636857
52.3638230244377
52.3788269851897
52.3938309459417
52.4088349066937
52.4238388674456
52.4388428281976
52.4538467889496
52.4688507497016
52.4838547104536
52.4988586712056
52.5138626319576
52.5288665927096
52.5438705534615
52.5588745142135
52.5738784749655
52.5888824357175
52.6038863964695
52.6188903572215
52.6338943179735
52.6488982787255
52.6639022394774
52.6789062002294
52.6939101609814
52.7089141217334
52.7239180824854
52.7389220432374
52.7539260039894
52.7689299647414
52.7839339254933
52.7989378862453
52.8139418469973
52.8289458077493
52.8439497685013
52.8589537292533
52.8739576900053
52.8889616507573
52.9039656115093
52.9189695722612
52.9339735330132
52.9489774937652
52.9639814545172
52.9789854152692
52.9939893760212
53.0089933367732
53.0239972975252
53.0390012582771
53.0540052190291
53.0690091797811
53.0840131405331
53.0990171012851
53.1140210620371
53.1290250227891
53.1440289835411
53.1590329442930
53.1740369050450
53.1890408657970
53.2040448265490
53.2190487873010
53.2340527480530
53.2490567088050
53.2640606695570
53.2790646303089
53.2940685910609
53.3090725518129
53.3240765125649
53.3390804733169
53.3540844340689
53.3690883948209
53.3840923555729
53.3990963163249
53.4141002770768
53.4291042378288
53.4441081985808
53.4591121593328
53.4741161200848
53.4891200808368
53.5041240415888
53.5191280023408
53.5341319630928
53.5491359238447
53.5641398845967
53.5791438453487
53.5941478061007
53.6091517668527
53.6241557276047
53.6391596883567
53.6541636491086
53.6691676098606
53.6841715706126
53.6991755313646
53.7141794921166
53.7291834528686
53.7441874136206
53.7591913743726
53.7741953351245
53.7891992958765
53.8042032566285
53.8192072173805
53.8342111781325
53.8492151388845
53.8642190996365
53.8792230603885
53.8942270211405
53.9092309818924
53.9242349426444
53.9392389033964
53.9542428641484
53.9692468249004
53.9842507856524
53.9992547464044
54.0142587071564
54.0292626679084
54.0442666286603
54.0592705894123
54.0742745501643
54.0892785109163
54.1042824716683
54.1192864324203
54.1342903931723
54.1492943539242
54.1642983146762
54.1793022754282
54.1943062361802
54.2093101969322
54.2243141576842
54.2393181184362
54.2543220791882
54.2693260399402
54.2843300006921
54.2993339614441
54.3143379221961
54.3293418829481
54.3443458437001
54.3593498044521
54.3743537652041
54.3893577259560
54.4043616867080
54.4193656474600
54.4343696082120
54.4493735689640
54.4643775297160
54.4793814904680
54.4943854512200
54.5093894119720
54.5243933727239
54.5393973334759
54.5544012942279
54.5694052549799
54.5844092157319
54.5994131764839
54.6144171372359
54.6294210979879
54.6444250587399
54.6594290194918
54.6744329802438
54.6894369409958
54.7044409017478
54.7194448624998
54.7344488232518
54.7494527840038
54.7644567447558
54.7794607055077
54.7944646662597
54.8094686270117
54.8244725877637
54.8394765485157
54.8544805092677
54.8694844700197
54.8844884307717
54.8994923915236
54.9144963522756
54.9295003130276
54.9445042737796
54.9595082345316
54.9745121952836
54.9895161560356
55.0045201167876
55.0195240775395
55.0345280382915
55.0495319990435
55.0645359597955
55.0795399205475
55.0945438812995
55.1095478420515
55.1245518028035
55.1395557635555
55.1545597243074
55.1695636850594
55.1845676458114
55.1995716065634
55.2145755673154
55.2295795280674
55.2445834888194
55.2595874495714
55.2745914103233
55.2895953710753
55.3045993318273
55.3196032925793
55.3346072533313
55.3496112140833
55.3646151748353
55.3796191355873
55.3946230963392
55.4096270570912
55.4246310178432
55.4396349785952
55.4546389393472
55.4696429000992
55.4846468608512
55.4996508216032
55.5146547823551
55.5296587431071
55.5446627038591
55.5596666646111
55.5746706253631
55.5896745861151
55.6046785468671
55.6196825076191
55.6346864683710
55.6496904291230
55.6646943898750
55.6796983506270
55.6947023113790
55.7097062721310
55.7247102328830
55.7397141936350
55.7547181543870
55.7697221151389
55.7847260758909
55.7997300366429
55.8147339973949
55.8297379581469
55.8447419188989
55.8597458796509
55.8747498404029
55.8897538011548
55.9047577619068
55.9197617226588
55.9347656834108
55.9497696441628
55.9647736049148
55.9797775656668
55.9947815264188
56.0097854871707
56.0247894479227
56.0397934086747
56.0547973694267
56.0698013301787
56.0848052909307
56.0998092516827
56.1148132124347
56.1298171731866
56.1448211339386
56.1598250946906
56.1748290554426
56.1898330161946
56.2048369769466
56.2198409376986
56.2348448984506
56.2498488592026
56.2648528199545
56.2798567807065
56.2948607414585
56.3098647022105
56.3248686629625
56.3398726237145
56.3548765844665
56.3698805452185
56.3848845059704
56.3998884667224
56.4148924274744
56.4298963882264
56.4449003489784
56.4599043097304
56.4749082704824
56.4899122312344
56.5049161919863
56.5199201527383
56.5349241134903
56.5499280742423
56.5649320349943
56.5799359957463
56.5949399564983
56.6099439172503
56.6249478780022
56.6399518387542
56.6549557995062
56.6699597602582
56.6849637210102
56.6999676817622
56.7149716425142