-1048573
-1703933
-1703935
-1441790
-1441789
-1638399
-1114111
-1310717
-1376256
-1179646
-1572861
-1572862
-1114112
-1245183
-1376255
-1310720
-1441792
-1507325
-1179646
-1245182
-1114112
-983039
-1114112
-1114110
-1114110
-1048574
-851965
-327677
262146
-589824
-1376254
-1048575
-1179647
-1114111
-1310719
-851965
-2621437
2424834
21037057
19070978
-7143423
-8060925
-3211263
-3473406
-2424831
-2097150
-2228223
-2097152
-1703933
-1638398
-1376256
-1114112
-720893
-458751
-262141
-196606
-262141
65536
-720896
-1376253
-1966079
-2162685
-1703936
-1835008
-1376256
-1572861
-1376256
-1310720
-1245182
-1245181
-1703936
-1835005
-1966080
-1703936
-1572861
-1769469
-1966079
-917503
-1769470
917507
-4390912
-1245182
-983039
-1638400
-1507325
-1310718
-720896
-1507326
-3342333
3211267
3735555
-11599870
4915203
-2883584
720897
-1572861
-1966077
-1835008
-1900543
-1507328
-1179647
-720895
-2228222
-1114109
17432578
13565954
-10747903
-5701630
-3211262
-3276800
-2293760
-2359294
-1966078
-1703935
-1900543
-1572863
-1310719
-1048576
-786430
-524285
-262144
65538
720897
327681
-655358
-1703934
-2162686
-2359296
-2490368
-2228224
-2293757
-2162686
-1835006
-2293758
-1835005
-1572864
-1835005
-1638400
-1835007
-1703934
-1638399
-1703933
-1507325
-1507326
-1507327
-1310717
-1507328
-1441789
-1048574
-1769471
-1703933
-1638398
-1376255
-1114109
-458751
-393213
-851967
-1703935
-1376256
-1441792
-1572863
-1572861
-1179647
-1245184
-3080191
7340034
21823491
-983039
-10092544
-3080190
-3473406
-2555903
-2228221
-2162687
-1638399
-1572863
-1966078
-1900544
-1376254
-983039
-1245181
-393216
-131072
196608
393216
-65536
-1310718
-1835008
-2293758
-2293757
-2228221
-1835008
-1310718
-1572862
-1441791
-1376255
-1376255
-1441791
-1376255
-1179646
-1441792
-1507326
-1048576
-1114111
-1310718
-1441791
-1245182
-1048574
-1638398
-1572863
655361
1900545
-3276800
-1048575
589827
-851967
-2031614
-1507325
-1703933
-1507326
-1638398
-1048573
-2555903
720897
19595267
8978432
-11403262
-8912893
-2686974
-2949120
-2818046
-2097149
-1703934
-1572864
-1310720
-1376253
-1507326
-1245182
-589821
-458751
-196608
131075
327680
327681
-393214
-1507328
-2162687
-2031615
-1769471
-1835007
-1703934
-1638399
-1507326
-1245182
-1245181
-1114109
-1441791
-1638398
-1310719
-1114110
-1048574
-1179645
-1114112
-1114109
-1179647
-1441789
-1507328
-1310717
-1245181
-1376255
-1048576
-786431
-393215
-524288
-1769470
-1114112
-1441789
-1179645
-1245182
-851968
-1376255
-2031615
13762562
18808834
-7995390
-7340031
-3145725
-3276799
-2752510
-2359294
-2359293
-1769469
-1572864
-1572862
-917501
-393215
-720894
1114113
-3145728
10092547
917504
-10289150
3735555
-4456445
-1769469
-2031613
-1900541
-1900543
-1441789
-983038
-1048573
-4128765
4194306
2424834
-10878974
4390915
-4194302
-786430
-1179646
-1245182
-1376254
-1310718
-1310717
-1114112
-1441790
-1179648
-1048575
-1245182
-1048574
-851968
-1114112
-983037
-851966
-1179646
-655357
2
196608
-983037
-1179648
-851965
-1048575
-1114112
-1179648
-851968
-2424832
196608
19398657
11665411
-11141120
-4915200
-3407871
-2883583
-2490368
-2424829
-2097152
-2162686
-2228224
-1638397
-1310718
-917503
-524288
-458752
-131070
262144
327682
3
-786429
-1638400
-2293757
-2359294
-2097149
-1835007
-1441790
-2162688
-2162687
524290
2621441
-8454141
1638403
-3866623
-589824
-1572862
-1703934
-1769472
-1966079
-1441791
-1507328
-1638400
-1245182
-1507327
-1638400
-1441792
-1507328
-1310719
-1310718
-1179645
-1310717
-1179647
-1245182
-917504
-983037
-655359
-131071
65536
-327677
-1572862
-1507327
-1441792
-1572861
-1245182
-851967
-2883583
3997699
21757954
17563649
-8519680
-7208958
-3342334
-3604477
-2818047
-2228224
-1966080
-1769471
-1114111
-1114110
-3801088
3670017
-11010048
2818051
8585217
-10354687
3670016
-7143421
5373953
524288
3538947
-4653054
-1245183
-1835005
-2228224
-1769472
-3276799
2293762
4063234
-12320767
-4194304
-458749
-1769470
-2097152
-2162685
720897
-5439487
1310722
5505025
-12124157
3276802
-3604478
-786430
-1507328
-1507327
-1638398
-917501
-327678
3
-917503
-1245183
-1245184
-1376256
-1245182
-1376254
-655357
-2293757
-655359
17956867
13303809
-10420222
-5570560
-3801088
-3538942
-2490366
-2293760
-2031615
-2031616
-2162688
-1966078
-1507328
-1310719
-1114111
-720893
-196606
-196608
131075
131075
-786431
-1835005
-2228221
-2424832
-2293759
-2031614
-1769470
-1703933
-1179648
-1310718
-1638400
-1769472
-1507327
-1769469
-1441791
-1507328
-1638399
-1572864
-1638397
-1572861
-1376255
-1376256
-983040
-1507328
-1638400
-1507325
-1376255
-1507328
-1114112
-524285
-65533
-1048573
-4325374
-2490366
4128771
-7929856
-655360
-1703935
-2228224
3735555
21626883
3014659
-11599869
-3735550
-3735549
-2949119
-2424831
-2490366
-2424831
-2293757
-1900544
-1441792
-1441789
-1245182
-786432
-393215
65538
720896
720899
262146
-1179647
-2031615
-2228221
-2162687
-2031615
-1835006
-1703933
-1769471
-1835007
-1572863
-1310719
-1507325
-1441789
-1376253
-1179646
-1179648
-1114111
-1179648
-1114109
-1179645
-1114110
-1310719
-1179645
-1048576
-1179647
-786429
-327679
-327677
-1245184
-1507327
-1310720
-1376256
-1507327
-1638397
-851966
-2883581
1114113
20054016
7995395
-11468798
-4587517
-3538941
-2949120
-2228222
-1900542
-1835006
-1507328
-1376255
-1114111
-1048574
-1114112
-458750
-262141
-131071
589824
393218
327680
-196607
-1376253
-1769470
-1900544
-1507326
-1441791
-1703936
-1703935
-1572864
-1310718
-1507327
-1572864
-1638397
-1703934
-1572864
-1376254
-1507326
-1507325
-1441791
-1507326
-1572864
-1310720
-1310717
-917504
-524288
-131069
-655360
-1572862
-2031613
-720894
-1835008
458755
-3604478
-1638399
-2621439
11796481
19202048
-7012349
-8650750
-2883584
-3407870
-2752510
-2293759
-2031616
-1966079
-1835008
-1441789
-1376256
-1245181
-720896
-655357
-131072
393217
524290
786433
262145
-983038
-1638400
-1703933
-1507327
-1703935
-1245184
-917503
-1114111
-917502
-983040
-917504
-655359
-786429
-917504
-917503
-983039
-786432
-720894
-851966
-655360
-655359
-589824
-851966
-720895
-917503
-524287
1
-65535
-1310718
-1179646
-1376256
-1376253
-1507325
-1376253
-917501
-2490365
3735555
21889024
4718593
-11534334
-3473406
-3342334
-2818047
-2293758
-1900543
-1769469
-1245184
-1441790
-1507326
-1245181
-720894
-589824
-262143
131073
458754
524291
262145
-1114112
-2162688
-2228224
-2031616
-1769470
-1769471
-1703936
-1572863
-1507326
-1572862
-1572863
-1507325
-1441792
-1507325
-1310718
-1310717
-1376253
-1245181
-1179645
-1114109
-1507328
-1441789
-786432
196609
-3997694
-262143
-1900543
-1376254
-1507326
-1048576
-1179646
-851965
-524287
-458750
-65533
-1114109
-1114112
-1048574
-1245182
-1507327
-393214
-1966079
-2555903
24313859
14614530
-20054015
524288
-6488063
-2621440
-2424829
-2621439
-2490366
-2097150
-1769469
-1835006
-1703936
-1245183
-1179646
-589822
-458750
131074
393216
262146
-524288
-1638400
-2162688
-2555902
-2490366
-1966080
-1835005
-1769469
-1572861
-1376255
-1638398
-1835005
-1572862
-1703935
-1835005
-1703933
-1835006
-1835006
-1703934
-1638399
-1441791
-1310719
-1507327
-1638397
-1441789
-1376256
-1376256
-1376254
-1441791
-1507328
-1376256
-1048576
-1245184
-1441791
-1441791
-1179648
-786430
-196606
-393213
-1769471
-983037
-1376256
-1441791
-1114109
-917502
-2490368
2555904
21233665
6684675
-6684670
-7798784
-3211262
-3145726
-2490367
-2031615
-2031615
-1572863
-1572862
-3080191
1507330
851968
-5439486
-786430
786435
786432
196608
65539
-786429
-1572861
-2359293
-2359295
-2031614
-1703936
-1572862
-1703935
-1900541
-1572861
-1441790
-1703934
-1900544
-1638400
-1638398
-1638398
-1572862
-1703933
-1507325
-1507328
-1572864
-1507328
-1245183
-1310719
-1245182
-1179648
-1376253
-1245183
-1245182
-983040
-1048574
-655359
2
-720896
-1769469
-1376256
-1507327
-1507328
-1376255
-1245181
-2031615
-1638400
15269889
16777217
-9043968
-7340030
-3145727
-3276800
-3014653
-2555903
-2162688
-1966080
-1769471
-1310720
-1179647
-1114110
-1048574
-720894
-327678
65537
524288
393217
-262143
-1441792
-2097149
-2424831
-2293759
-2097151
-2031615
-2031615
-1966078
-1769471
-1703935
-1572861
-1572861
-1441789
-1441791
-1245183
-1441789
-1179648
-1245182
-1572863
-1376254
-1572863
-1769470
-1769472
-1507325
-1441790
-1572862
-1507326
-983040
-655360
-131072
-1048576
-1769470
-1441791
-1638397
-1179646
-1835008
-917503
-2686973
7995394
18350080
2228225
-12124157
-2686973
-3342334
-3145727
-2490366
-2359295
-2031616
-1835006
-1703934
-1441791
-1441790
-1048576
-262144
65538
262147
524290
786435
786432
65539
-1048573
-1835005
-2031615
-1900544
-1966078
-1835008
-1900543
-1769471
-1507325
-1703934
-1572861
-1376254
-1507327
-1507326
-1245182
-1245181
-1048576
-917503
-1179646
-1310720
-1638400
-1769470
-983040
-851965
-131071
-1048573
-1966078
-1376256
-1376255
-1310720
-1441790
-655360
-1703933
-1769472
14221315
17498112
-8454144
-7340032
-3211264
-3014656
-2228223
-1769472
-1703934
-1966078
-1507328
-1507325
-1507326
-1179647
-720896
-458750
-65534
655360
524288
458753
-131071
-851967
-1703934
-2097150
-1835007
-1572861
-1507326
-1376256
-1245182
-1441790
-1376256
-1245184
-2949118
2424834
-4915199
-1507327
65538
-3407872
1376259
-3801087
-1179646
-2293758
-3145728
65537
10944514
-9109503
-3604480
10420224
-917504
18546691
-1048574
-12845055
-3080192
-4063231
-3342334
-2686975
-2424832
-2359294
-2228221
-2359293
-1769469
-1441790
-1245184
-1048576
-589824
-131070
-65536
458752
1
-1048576
-1507328
-1900544
-1900541
-1703936
-1835007
-1769469
-1703934
-1376254
-1703934
-1441790
-1376253
-1507325
-1310720
-1507326
-983038
-1114110
-1048573
-983037
-1310718
-1048575
-983039
-1179645
-1048573
-786429
-786429
-524286
2
-65535
-1376253
-1507328
-1572862
-1376255
-1245181
-1048573
-1245184
-2752512
6488066
22216707
1
-10944510
-3145726
-3538943
-2555901
-2228222
-2097152
-1835007
-1572863
-1310719
-1245181
-1245182
-1179647
-851965
-393214
131074
262147
327683
131075
-655358
-1310719
-1638398
-1507327
-1376254
-1179648
-1507326
-1441791
-1179646
-1310717
-1507328
-1572864
-1769470
-1703934
-1572862
-1638398
-1376253
-1376253
-1441790
-1572863
-1835007
-1179648
-917503
196609
-3866622
-262144
-1703935
-1507326
-1441789
-983037
-786429
-851966
-655359
-851968
-655359
-131071
327682
-983039
-1310720
-1048573
-1376255
-1310719
-917502
-1048575
-2949118
2424832
21233665
6881280
-11796478
-4194303
-3670014
-3211263
-2818045
-2293759
-1966079
-1769469
-1966077
-1966080
-1703933
-1245183
-1310717
-917503
-327679
-65533
65538
65536
-786429
-1441791
-1966078
-2031616
-2097151
-1900544
-1900541
-1703935
-1638400
-1966078
-1703933
-1835006
-1703936
-1638398
-1638398
-1638399
-1638397
-1900542
-1703934
-1507325
-1703934
-1769469
-1572862
-1638399
-1703935
-1572863
-1703936
-1441791
-1376255
-1310718
-1179648
-1507325
-1376254
-983040
-589824
-262142
-983038
-1572862
-1376254
-1310720
-1376254
-1441789
-1310718
-3014653
3276801
21364736
4849664
-11403264
-3866624
-3670014
-2949118
-2424830
-2097149
-2162685
-1703936
-1638398
-1572862
-1376256
-1179648
-720894
-655359
-327680
1310721
-65534
2555907
-3145727
-1179645
-2228224
-1441789
-1966078
-1900541
-1703935
-1572864
-1572862
-1703936
-1835006
-1638397
-1572863
-1638398
-1703933
-1638398
-1507328
-1703936
-1638400
-1310718
-1310720
-1245184
-1245181
-1179647
-983037
-1245183
-1441790
-1441792
-1048575
-655360
2
-458750
-1572861
-1048574
-1114112
-1245183
-917503
-1114109
-3080192
-1114111
17235971
14680067
-10223615
-6356992
-3604479
-3735551
-2686976
-2031613
-1966078
-1769471
-1441791
-1572861
-1441792
-1179646
-983039
-589823
-196607
327681
327680
720896
-262144
-1507328
-2228222
-2424830
-2097152
-2293758
-2162686
-1966079
-2031613
-1835005
-1572864
-1966078
-1835008
-1572861
-1638399
-1835005
-1572861
-1179648
-1376254
-1572861
-1507326
-1441791
-1245183
-1179648
-1441790
-1179648
-851968
131072
-393216
-1703935
-1114111
-1114109
-983039
-851967
-720896
-2424829
3604480
21823488
5898242
-11141119
-7667709
-3145728
-3407872
-2949119
-2228221
-1966079
-2097150
-1966080
-1572862
-1310718
-1572863
-1638397
-655358
-131072
1441792
-2097149
851968
-1310719
-1310719
-2424830
-2359295
-2228223
-2097149
-1835006
-1835007
-1769469
-1376256
-1507327
-1048576
-1179646
-1179645
-1310720
-1507327
-1310720
-1310717
-1310718
-1441790
-1572861
-1376253
-983039
-1507326
-1441790
-458751
-1507325
-2097151
-1703933
-1638400
-1835008
-2097149
-1507327
-3276799
-2359294
14024706
16842755
-8585213
-7405565
-3604480
-3604480
-2883581
-2359294
-2162687
-2097152
-1638400
-1638399
-1179648
-983038
-917501
-524288
-393213
-196608
-65535
-65534
-393213
-1245182
-2293760
-1966080
-2424829
-2359294
-1835008
-1966077
-1769472
-1703934
-1703936
-1835006
-1507328
-1310719
-1245181
-851967
-1376254
-1507326
-1114112
-917503
-917503
-65534
131074
-983040
-1572863
-1441790
-1310719
-1507327
-1114112
-458751
-2818045
2424835
20709378
5439491
-11665407
-3735550
-3342336
-2883583
-2424831
-2097149
-2359294
-2031616
-917502
655361
-3211261
458755
-1179646
-458752
65536
196611
589826
131073
-786430
-1441789
-1835007
-2031616
-2097150
-1638397
-1572863
-1441791
-983039
-1441789
-1507326
-1048574
-851966
-983037
-786432
-983039
-983039
-983039
-655357
-327680
327680
-196606
-1179646
-983037
-1572861
-1245182
-1179648
-917501
-1245184
-2686974
8454144
20643843
-2883581
-9830397
-2883582
-3342334
-2555902
-2097151
-1900543
-1769472
-1769469
-1572862
-1507327
-1245183
-917503
-655358
-196605
65537
-131071
-131072
-458752
-1572863
-2162687
-2162688
-2097150
-2097149
-1572861
-1310717
-1376255
-1310717
-1310720
-1179647
-1179645
-1376254
-1179648
-1048576
-1179646
-1376253
-1376253
-1048575
-1310718
-1245184
-1245181
-1114110
-1048573
-720894
-131070
-524285
-1376254
-1245184
-983037
-786431
-917502
-524285
-1966078
-458750
17891328
13893634
-10682365
-10289149
-2752511
-3407871
-2818046
-2359294
-2031615
-2162686
-2162685
-1835005
-1507326
-1638397
-1114112
-393216
-131069
-196608
-262142
-65534
-65536
-1245183
-2097149
-2293759
-2031614
-1966077
-1769470
-1310718
-1638398
-1245183
-1441790
-1376253
-1310718
-1507327
-1835008
-1900543
-1441792
-1769469
-1572864
-1638399
-1703933
-1572861
-1114112
-1310719
-1376253
-851965
-1179646
-1245181
-1048574
-1310719
-1245183
-917501
-851966
-786429
-524286
-131069
-1179645
-1245182
-851966
-1310717
-1114111
-851968
-1638397
-2883583
11075587
20709378
8650752
-11599871
-4259838
-3276798
-2883581
-2359295
-1900543
-2097152
-2097152
-1572862
-1310720
-1310719
-1245182
-786430
-589824
-393213
65536
131074
65536
-983040
-1703935
-2162686
-2424830
-2293759
-2097151
-1900543
-1769469
-1835008
-1966077
-1638397
-1638397
-1835005
-1900541
-1769471
-1638400
-1638397
-1245184
-1835005
-1703936
-1769469
-1507325
-1507326
-1310717
-1572861
-1376254
-1441791
-1572861
-1310717
-1310718
-1310720
-1310718
-983040
-983039
-1114109
-917502
-1114109
-1048573
-458749
2
131072
-1179646
-1310720
-1114109
-1441792
-1310718
-1048575
-983040
-3342336
5046273
21757954
1966082
-11010046
-3866623
-4063232
-3080191
-2555904
-2359295
-2228221
-2097149
-1769469
-1572861
-1245183
-1114109
-851967
-720895
-196606
0
196611
196609
-983038
-1572864
-2293758
-2424829
-1835008
-2162686
-2228221
-1900543
-1835007
-1835007
-1638400
-1572864
-1966078
-1703933
-1769470
-1835007
-1703936
-1638398
-1638397
-1310720
-1441790
-1441789
-1376253
-1441789
-1376255
-1310717
-720896
-786431
-983038
-1245181
-1114112
-1310720
-1245181
-1245181
-1310718
-1114111
-393214
131074
-1376256
-1572863
-1507326
-1638400
-1703935
-1114109
-2162688
-2490365
14614528
17039361
3342336
-11272191
-3866622
-3801086
-3080192
-2424829
-2490366
-2162687
-2031614
-1769469
-1376254
-1310718
-1179647
-917501
-524287
-196605
327682
524290
393217
-589824
-1638399
-2293760
-1966079
-1769472
-1441792
-1245182
-1376255
-1572864
-1441789
-1638399
-1507327
-1507327
-1703936
-1703933
-1638399
-1310719
-1245182
-1441792
-1507328
-1245184
-1703933
-1572862
-1376256
-1376256
-1507328
-1245184
-720896
-262141
-458750
-1638400
-1572864
-1376254
-1507327
-1376253
-917501
-2490367
-196606
18808834
11862016
-11206654
-10027007
-3080190
-3866621
-3014656
-2490365
-1966080
-1900543
-1572863
-1507326
-1048576
-589824
-720896
-327678
-65535
131074
458752
524291
393218
-851968
-1835008
-2228221
-2162687
-1900544
-1900542
-1835006
-1572862
-1310718
-1179646
-1441789
-1114112
-1114110
-1114112
-1114110
-1376256
-1114110
-1114111
-1376253
-1114112
-917503
-1441789
-983037
-589821
-65535
-196608
-1572862
-1507328
-1572864
-1703933
-1703933
-1245182
-1900544
-3276797
11665408
18677760
-6291455
-8257533
-3145727
-2883584
-2424829
-2424832
-2424831
-1966080
-2031613
-1769471
-1507325
-1572864
-1245182
-1114109
-458750
-196605
-131070
131073
-262142
-1048576
-1900543
-2097150
-2031615
-1835005
-1245182
-1245184
-1441791
-1507326
-1310720
-1441789
-1179645
-1179646
-1245182
-1179648
-1245183
-1376255
-1245182
-1179647
-1179645
-1048574
-524287
196610
-262141
-1507328
-917501
-1114112
-983040
-1048575
-524285
-2097151
-196606
17825795
12648448
-10485759
-9764863
-2686974
-3080190
-2424829
-2097152
-1835005
-1769471
-1769471
-1572864
-1507325
-1114111
-655359
-458750
2
131072
3
327680
-458750
-1441790
-1900543
-2359295
-2031616
-1966080
-1703936
-1835006
-1638397
-1507326
-1638399
-1507328
-1507327
-1572861
-1638397
-1507326
-1441791
-1507328
-1703934
-1507325
-1245183
-1376254
-1441790
-1310719
-720894
-262144
-65535
-1048574
-1310719
-1245183
-1179645
-1179648
-1376256
-1441789
-3080189
5636096
21364738
393218
-11010046
-3080191
-3604478
-2752511
-2490367
-2359295
-1900542
-1769471
-1900543
-1638397
-1376254
-1310717
-917502
-458749
65538
262147
262147
-65536
-1245182
-1703935
-2490366
-2228221
-1769472
-1572863
-1572862
-1572862
-1376254
-1048574
-1179648
-1310719
-1114110
-1245184
-1376254
-1441792
-1376254
-1245182
-1048575
-1441789
-1441790
-1245181
-1245182
-1245181
-1310718
-1441790
-1245184
-1179648
-1310718
-1179646
-1179645
-1179646
-1048576
-1048574
-1048574
-917502
-458751
196610
131075
-1048576
-1048574
-1048573
-1179648
-1179645
-524287
-1900543
-524286
17760257
13565954
-10485757
-5242879
-3014653
-3276800
-2752510
-2490365
-1900543
-1900544
-1769469
-1441791
-1572864
-1441791
-983040
-655359
-327679
-131070
458755
393218
65537
-655358
-2031614
-2228223
-2097152
-2031615
-1966078
-1638398
-1507328
-1769470
-1572864
-1638400
-1638400
-1638399
-1507327
-1703934
-1769470
-1572862
-1769470
-1769470
-1703934
-1638397
-1376255
-1441789
-1572864
-1310720
-983039
-983040
-1048576
-983037
-1114109
-1245182
-1179646
-1507327
-1179645
-917501
-458750
131075
-458750
-1638399
-1114112
-1310719
-1310720
-1179646
-851968
-1900544
-2293759
14811137
17039360
-8454144
-6946814
-3473406
-3604477
-2555904
-2228223
-2162687
-2097152
-1900541
-1507325
-1376254
-1376253
-1179648
-983039
-589823
-131072
393218
655360
-65535
-1245182
-1966078
-1966079
-1835005
-1769469
-1441791
-1507328
-1245182
-1310718
-1572861
-1310719
-1441791
-1507326
-1572862
-1507326
-1310720
-1572861
-1769470
-1638398
-1441789
-1376253
-1376255
-1376254
-1245181
-1376253
-1179648
-1310717
-1310720
-1507328
-1114112
-786429
-327678
-983038
-2097150
-1507327
-1572862
-1507325
-1638397
-1310718
-2293757
-2097149
15400963
16187395
-9109502
-7012350
-3538943
-3342336
-2883583
-2818048
-2424830
-2097151
-1900543
-2031613
-1769469
-1638400
-1310717
-720896
-393215
1
131073
131072
-458750
-1376255
-1966078
-2031616
-2162685
-1966080
-1572864
-1638397
-1441791
-1310717
-1638397
-1376253
-1376255
-1638400
-1638400
-1769472
-1638399
-1507327
-1638397
-1572864
-1572863
-1572864
-1572863
-1507326
-1114109
-917504
-1966079
-983040
-589821
-262142
-1310717
-1835008
-1310719
-1572863
-1441791
-1114111
-1376255
-2883583
7077891
21561345
13631490
-10485759
-6029312
-3211262
-3014655
-2621439
-2490368
-1966077
-1966078
-1507327
-1507327
-1376255
-1245181
-851966
-65536
65539
262145
524290
262147
-131071
-851968
-1638400
-1966079
-1900543
-1966077
-1769470
-1638399
-1638397
-1572864
-1769469
-1835007
-2031616
-1835007
-1638399
-1310717
-1507326
-1703933
-1245182
-1114112
-1376253
-1376254
-786429
-655358
-1507326
-1310719
-1507326
-1441789
-1507328
-1179645
-1179647
-3145728
7405569
20774915
-1179647
-9633790
-3473406
-3670013
-3211264
-2686973
-2424832
-2031613
-2097149
-1835005
-1572863
-1245183
-983038
-917503
-458749
-131072
-196606
196609
-196606
-917501
-1703935
-2031613
-1900543
-1769470
-1835007
-1769472
-1769469
-1835006
-1703934
-1769469
-1376254
-1441790
-1376256
-1376254
-1376254
-1441792
-1638400
-1179648
-1245183
65537
-2555903
-327678
-1114110
65537
-131071
-393216
-1441790
-1310718
-1376256
-1638400
-1245181
-458751
-2621438
-458749
17825795
11403267
-10223616
-5242879
-3538941
-3604478
-2883583
-2490368
-2490367
-2031615
-1966078
-1835007
-1441789
-1179648
-1114109
-720896
-327677
3
65537
196610
-65534
-983040
-1638397
-2097149
-1966078
-1900541
-1900541
-1572861
-1703933
-1638400
-1638399
-851968
-1179648
-3276800
2621440
196608
-7405568
2621443
-3735550
-1179645
-1507327
-1048573
-327679
-524287
-1769470
-1638397
-1507326
-1703935
-1507325
-786432
-2359295
-1638399
15138816
14155778
851969
-10289150
-3538942
-3407870
-2949118
-2359294
-2293757
-2097152
-1638400
-1769469
-1376254
-1179645
-983037
-720895
-589824
-458749
-327678
-65533
-65534
-983038
-1441790
-2031614
-1966078
-1966078
-1835008
-1441792
-1376256
-1310719
-1572863
-1376255
-1048575
-1179646
-1572861
-1245183
-1376254
-1245184
-1245182
-1114109
-1048576
-851965
-196606
-131070
-524288
-1572861
-1376253
-1179647
-1114112
-1179647
-1048575
-1179648
-2490368
7536640
20381697
-2097150
-9043967
-2818046
-3473406
-2621438
-1900542
-1835005
-1769470
-1441789
-1572864
-1507327
-1114109
-786430
-524286
65538
196609
393216
655360
-65536
-1048573
-1638398
-2031615
-1835008
-1638399
-1310719
-1572864
-1245184
-1245182
-1703935
-524285
458752
-3014654
-1835005
-851966
-1572861
-1507327
-983039
-1179647
-1179645
-1048576
-1114111
-786429
-917502
-786432
-983040
-1114112
-1048576
-1048573
-851965
-655357
-1114111
-1245184
-1245182
-851965
-393215
65536
-983037
-1179648
-1114109
-1441791
-1245182
-1310719
-917504
-1245181
-2228221
10747905
19464195
-5308415
-7733248
-3145727
-3473408
-2621440
-2490365
-1900544
-1703935
-1507328
-1441791
-1507328
-1245182
-720893
-458752
-131071
65538
327680
262147
-65533
-851966
-1376256
-1900542
-2097149
-1703933
-1441792
-1507325
-1441791
-1507328
-1376253
-1048575
-1376256
-1441792
-1441789
-1835005
-1835006
-2097150
-1835006
-1572863
-1572861
-1638400
-1572862
-1376256
-1376255
-1572861
-1572863
-1310718
-1441791
-1310719
-1245183
-1441789
-1179646
-917501
-720896
-917503
-786431
-917502
-1048574
-786429
-458752
65539
-196607
-1507328
-655360
-1572864
589824
-3211262
-1114109
-589822
-2490367
4259842
20905985
2883585
-10092542
-3145726
-3407871
-2555904
-2293758
-2293757
-2097152
-1835007
-1572861
-1572862
-1441791
-1245182
-1114111
-589823
-327679
131075
2
65537
-786432
-1966078
-2097152
-2162687
-2228223
-1638399
-1638398
-1703936
-1507328
-1441789
-1310717
-1441790
-1441789
-1572863
-1703933
-1441792
-1441791
-1507326
-1638399
-1572864
-1507325
-1441789
-1507325
-1245182
-1310720
-1310717
-1507327
-1245182
-1310718
-1310717
-1114110
-786431
-3670016
2883584
3997697
-7012349
131075
-983037
262144
-262142
-1048575
-1572862
-1048573
-1441792
-1507327
-1441789
-917502
-2621438
1114114
10158083
19333120
-4587518
-8257534
-3276800
-3735550
-3014655
-2686973
-2424829
-2424831
-1900542
-1572864
-1572863
-1310719
-1179645
-983039
-458751
-131072
65536
131075
0
-1114112
-2162685
-2228224
-2162688
-2228223
-1966079
-1900543
-1572861
-1441792
-1441791
-1310718
-1507326
-1441790
-1376253
-1310720
-1703935
-1769472
-1572864
-1572861
-1441791
-1441790
-1572862
-1441791
-1179648
-1179645
-1376256
-1441790
-1245182
-1376254
-1179646
-1310718
-1179648
-1310718
-1507326
-1179646
-655358
-65536
-655360
-1310717
-1048575
-1245181
-1376256
-1245183
-1048576
-1572861
-3014656
7995395
20250624
-2555904
-9502718
-3604477
-3801086
-3276798
-2752510
-2031613
-1966078
-1966080
-1572862
-1310720
-1572862
-1310717
-917501
-524285
131074
262147
458753
327680
-655357
-2162686
-2359295
-1966080
-589821
-4325373
-851966
-2162687
-1310717
-1900542
-1376255
-1310720
-1507327
-1441789
-1376256
-1179648
-1179646
-1245184
-1114109
-1245183
-851966
-917504
-917503
-1048576
-1114112
-917502
-851968
-917502
-917503
-1179646
-851965
-458752
3
-851968
-1310718
-1245183
-1638398
-1376254
-1179647
-1048574
-1572863
-2555901
10878977
18874368
-5570560
-8454141
-3211261
-3407870
-2752510
-2555902
-2293759
-1966079
-1507328
-1572863
-1179647
-917503
-983037
-655360
3
458752
589827
655362
327680
-589822
-1638397
-1835005
-1900541
-2228221
-1835007
-1703934
-1638398
-1572863
-1441791
-1245181
-1245181
-1179647
-1245183
-1441790
-1114109
-917503
-1048575
-917502
-917503
-1048574
-1048573
-1179645
-1114112
-917502
-786432
-983040
-1114110
-720894
-131071
196610
-917503
-1179647
-1179646
-1245181
-983037
-983040
-1179646
-2031614
-327677
16973826
13434881
-9633790
-5111805
-3211261
-3145728
-2555904
-2359293
-2162685
-1769469
-1376256
-1376254
-1245181
-1245183
-1245181
-524286
3
131075
524291
720896
-196608
-1441789
-2031616
-2097151
-2031615
-1900542
-1638397
-1572863
-1441791
-1245184
-1179648
-1245184
-1179646
-1507328
-1703933
-1310719
-1245182
-1310719
-1114109
-1245182
-1048576
-1179647
-1179646
-1310719
-1507325
-1310719
-1310719
-1245182
-1310720
-1376255
-1441792
-983038
-786432
-262144
131072
-1572862
-2490365
1638403
3014659
-8585216
3473411
-4128766
-393216
15990785
15073282
-8847359
-6094845
-3342336
-3473406
-2752511
-2621439
-2097151
-1966080
-1900544
-1703936
-1310720
-1310717
-1114109
-720896
-458749
131072
393218
589824
131072
-851965
-1703933
-2293760
-2293758
-1966078
-1703935
-1507328
-1376253
-1376253
-1507326
-1441790
-1441790
-1376253
-1114111
-1245183
-1441790
-1179647
-1376256
-1638398
-1572863
-1441791
-1507328
-1245181
-1441789
-1441792
-1245183
-1507325
-1376253
-1179646
-1245182
-1245184
-1245184
-1179646
-524285
-196606
-1179648
-1441790
-1507325
-1769472
-1376253
-1048576
-1245184
-3080189
7405571
20774912
12976131
-9043966
-4915200
-3211264
-3080192
-2752511
-2162688
-1703935
-1900543
-1769470
-1441790
-1507327
-1245181
-1114111
-720893
-393216
-65534
262145
65539
-589823
-1441789
-2293757
-2424832
-2359296
-2031613
-1769469
-1638400
-1572861
-1507326
-1376254
-1179646
-1572861
-1835008
-851967
-327678
-4128768
-2359295
-720894
-1572862
-1638399
-1572864
-1310717
-1245181
-1114110
-1048576
-983038
-917503
-917501
-786432
-524288
2
262145
-524287
-1441791
-1245181
-1376253
-1245184
-1245183
-1114111
-3276797
3145728
20971520
5308416
-10289151
-3932158
-3735552
-3014653
-2752509
-2555901
-2424832
-2228222
-1900542
-1966077
-1703935
-1441792
-1441792
-1114110
-458750
-196605
458754
262147
-589822
-1114110
-2031615
-2293757
-1900541
-1507325
-1769469
-1441792
-1114109
-1507328
-2686973
1245184
1048576
-7208960
1769475
-3735552
-1179646
-2162688
-1638398
-1769472
-1900542
-1638400
-1703936
-1638400
-1572863
-1638399
-1769469
-917501
-786429
-1900544
1441792
3080193
-9895933
2818048
-3604477
-131071
-2293760
-2293759
14221312
16187393
-7995391
-6881277
-3932157
-3801086
-3473405
-2949119
-2490367
-2228224
-2359294
-2031616
-1900542
-1572861
-1376255
-851965
-196605
-65533
-1638400
4259840
2162689
-9109501
2293763
-4456448
-1703935
-2031616
-2031614
-1703935
-1769469
-1835008
-1703936
-1507328
-1769472
-1572861
-1638397
-1638397
-1376256
-1835008
-1769470
-1638399
-1572862
-1310719
-1441789
-1310717
-983040
-1245181
-1310718
-1245184
-1179645
-851966
-393215
1
-1048573
-1769472
-1310719
-1310720
-1245182
-1245184
-1179645
-2424832
-983039
17301506
12845056
-9895933
-5373950
-3407869
-3276797
-2686976
-2555904
-2293759
-2162686
-1769471
-1703933
-1638400
-1507326
-1114109
-655358
-458750
-196607
196608
393218
-196608
-1114112
-1966080
-2424829
-2031614
-1900543
-1900541
-1900541
-1638397
-1310719
-1835005
-1310720
-1245184
-1507325
-1310717
-1245181
-1310717
-1179645
-1441789
-1638400
-1114112
-1179645
-1048575
-917502
-983040
-917502
-655359
-393214
2
-1507326
-1572861
-1245181
-1507326
-1441789
-1310720
-1507326
-2883584
6029312
16121858
14221314
-9306110
-5701632
-3145727
-3211262
-2555904
-2228222
-2162686
-2031615
-1638398
-1310719
-1114112
-851966
-655357
-262141
-131072
65538
458755
589827
196608
-1048573
-1769471
-1966079
-2031614
-1638397
-1507327
-1310720
-1179648
-1507326
-1507326
-1310718
-1507325
-1441791
-1245181
-1376256
-1179645
-1114110
-1245184
-1441790
-983039
-1114109
-851968
-589823
-131071
-589822
-1638397
-1310719
-1179647
-1703933
-1638397
-1572861
-1245183
-2621440
5701635
20971523
1310722
-10092541
-3342333
-3407870
-2555903
-2293757
-2097151
-1900544
-1835005
-1638398
-1507328
-917502
-983037
-589821
-65533
393216
524291
720898
393219
-655357
-1638399
-1966077
-2097150
-1835008
-1572861
-1572863
-1507326
-1245182
-1114112
-1179647
-1114112
-1441790
-1179646
-1376254
-1114111
-1048573
-1048573
-1114110
-1179646
-1245182
-1310719
-1376253
-1310720
-1310718
-1376253
-1179647
-1245184
-720895
-524286
-983038
-1638399
-1441791
-1179647
-1179647
-1441789
-1048575
-1376253
-2883583
8192001
20512771
-2555904
-9240575
-3342336
-3866622
-3080190
-2555903
-2424829
-1966080
-1966080
-1769470
-1245184
-1310720
-1769470
1638401
-1376253
327681
-1114112
5242883
1900544
-9764861
3080192
-4259837
-1179645
-1114109
-1310718
-1441789
-1638397
-1310717
-1245184
-1376255
-1703935
-1638400
-1507328
-1703933
-1638397
-1376254
-1245184
-1310719
-1441790
-1179645
-1245183
-1441792
-1507328
-1048574
-589823
-4194302
4063232
-786430
-6881280
196610
-262141
-2228223
-1507326
-1179647
-327677
-4259838
5242880
-2752509
-3145728
25493507
2555907
-10223613
-7536639
-3604479
-3342335
-2228224
-2031616
-2162688
-1900543
-1572864
131075
-4784127
6488065
5373955
-9175038
2818049
-1114111
1310721
-524286
-1441790
-1835007
-2097152
-2228224
-1900542
-1900543
-1835006
-1507327
-1835007
-1966077
-1507327
-1769471
-1900542
-1769471
-1769470
-1703934
-1703934
-1572864
-1245182
-1179648
-1179647
-1376253
-1310719
-1507326
-1245182
-1114112
-1441791
-1310719
-1245181
-1179645
-983037
-327677
65539
-655359
-1507326
-1179648
-1179648
-1245184
-1245181
-720895
-1441790
-2686976
11272192
18743299
-5767165
-8126464
-3342336
-3735549
-3342333
-2752511
-2359295
-2228222
-1900543
-1900541
-1507327
-1507325
-1572862
-983037
-720895
-262142
131075
262147
-131070
-1048576
-1769469
-2293759
-2293758
-1769472
-1966077
-2228224
-2162685
-1638399
-1507326
-1638400
-1900544
-1769470
-1835007
-1441792
-1572864
-1769469
-1376253
-1572861
-1572862
-1441791
-1376253
-1376256
-1572863
-1310717
-1179645
-1179647
-983040
-458749
-393216
-1703935
-1245183
-1376253
-1441789
-1441790
-1048573
-2097149
-3080191
3473409
20774914
4521984
-10551293
-4063229
-3932160
-3080192
-2490368
-2359294
-2228223
-2162688
-1966078
-1572863
-1441792
-1310717
-983037
-524287
-393215
65538
196611
131073
-458749
-1507328
-2162687
-2424831
-1966077
-1835006
-1966079
-1703935
-1572863
-1376255
-1638399
-1703935
-1900543
-1835008
-1638397
-1769469
-1572863
-1245183
-1441791
-1376256
-1310719
-1048574
-1114111
-1179647
-1245183
-983037
-196607
-458751
-1900542
-1310720
-1441791
-1703934
-1769470
-1245182
-2424831
-1572862
15335426
14286849
-9371647
-10420222
-3473406
-3801085
-3211264
-2752509
-2228223
-2031613
-2031613
-1638397
-1376253
-1376254
-1245181
-655358
-327678
131072
458753
327681
131074
-524286
-1572863
-1769471
-2097149
-2162686
-1900542
-1638397
-1507325
-1048576
-1310717
-1310718
-1245183
-1376253
-1179646
-1179648
-1310717
-1048575
-1114112
-983040
-917501
-1179647
-1376253
-1048575
-917504
-786429
-262143
-655357
-1245183
-1572861
-1441792
-1441791
-1376254
-1310717
-1114111
-2883582
5505024
20316160
983042
-10092543
-3014653
-3342336
-2555901
-2293758
-2228221
-1769470
-1376254
-1441791
-1114111
-983037
-851968
-720895
-196607
65539
131073
-65535
-655359
655361
-3932159
-1507327
-2293758
393217
-4784126
1179648
4194306
-10420223
-3014655
-720895
-1769470
-2097150
-1572861
65538
-5046269
6553601
-4259837
-10223613
2162690
-2490366
-196606
-851966
-393213
-1572863
-1638399
-1572863
-1507328
-1572863
-1441789
-1245182
-3080190
5308418
20709379
14614531
-9109503
-5898238
-3276798
-2621440
-2228224
-2031616
-1769469
-1638400
-1507326
-1441789
-1114111
-655357
-655360
-327680
-131069
131074
262146
393216
-65534
-1114112
-1769471
-1900543
-1966077
-1835006
-1703935
-1507328
-1376255
-1310720
-1441791
-1638399
-1507328
-1245184
-1507325
-1310719
-1179648
-1376254
-1245184
-1179647
-1179648
-1310718
-1507325
-1310718
-1507326
-1441789
-1048573
-458749
-65535
-851966
-1703933
-1376253
-1376254
-1507325
-1572863
-917501
-3080190
327680
18808835
9895938
-10682368
-4980733
-3014656
-2883582
458755
-5701632
-655357
-1900544
-917503
-1310720
-1572861
-1048575
-851967
-720894
65539
196610
131072
-851966
-1441791
-786430
-5439485
5111810
-3604479
-9830397
1179648
-2424830
-196606
-1507328
-1835005
-1310719
-1179648
-1638397
-1310719
-1507328
-1441789
-1376255
-1245184
-1310719
-1376256
-1376254
-1245184
-1245184
-1179648
-1179646
-1114109
-1048575
-983039
-1114111
-983040
-1245181
-1114109
-786431
-327680
262144
-131072
-1310719
-1114110
-1114111
-1048575
-1310717
-983040
-1966077
-1441792
15073281
15400962
-8650752
-6291455
-3538944
-3604478
-2949119
-2752511
-2359294
-2097149
-1900542
-1900542
-1703933
-1638398
-1376254
-1179648
-655358
-65536
65538
131075
-393214
-1441789
-1900542
-2097149
-2162687
-1703933
-1507327
-1310720
-1179647
-1376255
-1310718
-1376254
-1441789
-1638397
-1572861
-1376254
-1572864
-2031616
-1441790
-1376256
1048576
-5373952
-196606
-2097152
-917502
-1441791
-1441792
-1114110
-1245181
-1310718
-1114111
-1048576
-917502
-786432
-917501
-524285
-327679
-196607
-1245184
-1245184
-1114112
-917504
-1245182
-786430
-786432
-2621439
3276800
20512771
4784131
-10289151
-3473406
-3342336
-2818045
-2424832
-2293760
-2359294
-2228222
-1769472
-1441789
-1441789
-1441790
-1179648
-786429
-196606
65538
458752
196611
-655359
-1376254
-1638397
-2031615
-1900544
-1572864
-1441790
-1376256
-1572864
-1966079
-1835006
-1966078
-1769472
-1835005
-1769470
-1900543
-1900544
-2162685
-2097149
-1900542
-1900543
-1703934
-1900541
-1966078
-1638399
-1572864
-1441789
-1114109
-983037
-983037
-1441792
1441792
65539
-4915199
-1572864
-524285
-1179646
-1245184
-917503
-2818047
2424834
20447233
6160384
-10813439
-4194302
-3801086
-3211263
-2555901
-2490365
-2424829
-2162685
-1966077
-1703933
-1441791
-1245181
-1179647
-983040
-327679
-327679
196608
-65535
-720894
-1769470
-2424830
-2424831
-2359294
-2162685
-2162687
-2031615
-1835006
-1638397
-1900542
-1900542
-1769469
-2031613
-1900541
-1638399
-1703933
-1900544
-1703934
-1507326
-1638399
-1703936
-1507326
-1638397
-1638397
-1376253
-1376255
-1114110
-393216
-196606
-1376253
-1572861
-1310720
-1310717
-1048573
-786431
-2162686
-1441792
14876675
15859713
-7995389
-6619136
-4194303
-1441791
-786431
-6291455
458754
-983039
-1703934
-1966080
-1441791
-1179647
-1048574
-393215
-196605
196609
458755
327680
-458752
-1703935
-2293757
-2031614
-1310718
-655360
-4063231
3670018
-65533
-7798782
3538944
-3473406
-851968
-1835006
-1703935
-1507325
-1376254
-1310719
-1507328
-1572861
-1441791
-1310717
-1179648
-917503
-327677
-196608
-1769470
-1507327
-1507326
-1507327
-1441790
-1376255
-1048574
-2883581
1769472
19136512
7012353
-10682366
-3997696
-3407869
-3014653
-2228224
-1900541
-2097149
-1638400
-1572864
-1638398
-1048576
-851965
-917502
-589824
-196605
65539
196608
131072
-589824
-1507327
-2162686
-2097152
-1769471
-1572864
-1572863
-1703933
-1966079
-786431
-3604477
8847362
-5701629
-6422528
2097155
-2555902
-1114112
-1638398
-1376256
-1179645
-393215
-327677
-1835005
-2162687
-1572861
-262144
-4653053
5701635
-3211262
-7929853
1835011
16121856
12713986
-10354688
-5177342
-3014653
-2818047
-2621440
-2293758
-2097152
-2031614
-1769470
-1441789
-1376253
-1114110
-1048573
-983037
-393216
-131071
65538
262144
-262143
-1376253
-1900541
-1966080
-2031613
-1835007
-1835005
-1310717
-1179646
-1376254
-1179645
-1114110
-1179645
-1179647
-1310720
-1179648
-1245182
-1441790
-1245181
-1114109
-851968
-131070
-262141
-1376255
-1310718
-1179646
-1376256
-1441791
-1376253
-655360
-2424830
524289
18350080
9371651
-10682367
-4325375
-3604478
-3014656
-2424832
-2228224
-2228222
-1900544
-1638397
-1572861
-1376256
-1441791
-1048576
-524286
-131071
3
196609
458755
-393213
-1310717
-1966077
-1966077
-1769469
-1703933
-1507326
-1310717
-1179645
-1114109
-1114109
-1245182
-1441790
-1441792
-1245182
-1114111
-1245183
-1310719
-1048575
-851965
-1114110
-983040
-1048576
-917504
-786429
-524288
524291
-2228223
-1245184
-917502
-1310720
-1507327
-851967
-1769471
-2162688
13107200
17498115
-7340029
-6619134
-3407870
-2621440
-2293758
-1966077
-1310719
-327677
-4587520
4915203
65537
-9830400
4849666
4259840
-7929856
4259841
-2031613
-131071
-1769472
-2293759
-2162686
-1769472
-1507326
-1376256
-1179645
-1376254
-1245181
-1245181
-1638400
-1703935
-1572864
-1507326
-1572861
-1835006
-1572862
-983038
-1703934
-1835008
1114114
3538945
2424834
-3342336
-65535
-1179645
-1507328
655361
-4325374
1310723
5242883
-8716286
2752512
-3145727
-262141
-1507328
-1572861
-1245182
-1376254
-3145728
7274499
21102593
-1245181
-9043967
-3407872
-3014656
-2555904
-2424829
-1966079
-917503
-4980736
4915203
-2818047
-9371648
1048578
-1835006
-65536
-589823
-458751
-65533
-458749
-1376255
-2162685
-2097150
-2031614
-1900541
-1441790
-1441791
-1310719
-1245182
-1638398
-1703935
-1638399
-1769472
-1703933
-1638397
-1572862
-1441790
-1441790
-1572861
-1310717
-1245182
-1310718
-1310720
-1507327
-1310718
-1179647
-1376254
-1179645
-1179645
-1114109
-720895
-65535
0
-1048576
-1376255
-1048576
-1048576
-1048573
-786429
-851968
-2555903
2752512
20381698
6488064
-10289150
-4128767
-3473405
-2883583
-2621439
-2359295
-2162686
-2097149
-1703935
-1441790
-1114112
-1048573
-1048576
-786431
-131069
3
-65536
-65533
-589824
-1376254
-1835006
-1966080
-1769470
-1638398
-1572862
-1703933
-1638398
-1441789
-1376253
-1376255
-1507327
-1638398
-1572863
-1572864
-1638400
-1507327
-1900541
-1507327
-1441792
-1638399
-1638398
-1769470
-1703936
-1441789
-1572862
-1310718
-917504
-655357
-327678
-1572862
-2097149
-1441791
-1769470
-1703934
-1376254
-1769470
-3342333
-786431
17104898
12255235
-9633792
-5308416
-3342334
-3080190
-2293758
-1900544
-2031615
-1638400
-1507328
-1507328
-1245184
-917504
-720895
-589823
-262142
0
393216
327683
-589823
-1245183
-1966078
-2228223
-2097150
-1835005
-1966077
-1572864
-1507325
-1441790
-1310720
-1376255
-1441791
-1441790
-1507327
-1572861
-1048576
-917502
-1245184
-1114111
-1310720
-1441789
-1310718
-1179645
-1114111
-589823
-196608
-786430
-1769469
-1376255
-1507327
-851965
-1048575
-851965
-2490365
2490371
20381696
6619138
-10485760
-4194304
-3538942
-3407870
-2883581
-2490368
-2424830
-2162687
-2097151
-1966078
-1769470
-1572863
-1114109
-851965
-524285
-131072
3
65539
-589822
-1572862
-2097150
-2031615
-1966077
-1900542
-2097149
-2162686
262144
786434
-5439488
851970
-196607
-1245184
-1507327
-1048573
-917503
-917503
-1245182
-1048576
-1245182
-1048576
-1179648
-851965
-589824
-131069
-196606
-1048575
-1179648
-1310718
-1179647
-1245181
-983040
-1114112
-3080190
4128771
20250626
2949120
-10420221
-3670013
-3604478
-3080190
-2293758
-2228222
-2228221
-2031615
-1835007
-1376253
-1441789
-1114109
-983039
-458749
0
262145
589825
327680
-393215
-1114112
-1703934
-2031613
-1966078
-1441790
-1441791
-1245183
-1572861
-1310717
-1507328
-1376253
-1441792
-1507328
-1114112
-1245182
-1310717
-1376254
-1441789
-1245183
-1114111
-1179648
-1114112
-1245181
-917504
-262142
-524287
-1769469
-1638398
-1572864
-1310718
-1572862
-786432
-2162687
-1703936
5177344
20512769
720898
-10158079
-3473405
-3604480
-3014655
-2424830
-2097150
-1900543
-1835006
-2162685
-1376253
-1376254
393219
-2818047
131075
-262142
327682
196609
-589823
-851967
-1703933
-2359293
-2162685
-1900544
-1638397
-1507326
-1441790
-1835006
-1572862
-1441791
-1310718
-1310717
-1310720
-1114109
-1376254
-1179646
-1114112
-1245181
-917503
-851965
-1114109
-917504
-1048575
-1245182
-1114112
-983039
-917503
-589824
-327680
393218
-327680
-1114112
-1114112
-1048573
-1245181
-1310720
-786432
-1769471
-2031613
12910592
18022401
-6946816
-7471103
-3014655
-3211262
-2818048
-2097151
-2031613
-1835006
-1507327
-1376255
-1048576
-983037
-1048573
-720896
-131071
196610
0
458755
196609
-851967
-1572864
-1835008
-1900541
-1900541
-1310717
-1441792
-1441792
-1376254
-1507325
-1310717
-1572861
-1507325
-1310718
-1310718
-1245182
-1376255
-1310717
-1245184
-1245181
-1179646
-1245184
-1441791
-1376254
-1245183
-1310718
-1310719
-1114109
-1441791
-1441790
-1179648
-1310717
-1114110
-1114110
-1245181
-655360
-327678
1
-262142
-1441791
-1441790
-1703934
-1376256
-1507326
-1179646
-2490368
-131069
18022402
10616834
-10289151
-8781823
-3211261
-3866624
-3080190
-2424832
-2424830
-2293757
-2097152
-1900543
-1638399
-1638400
-1245183
-917504
-786430
-131070
196609
131075
-65534
-983037
-1835005
-2228221
-2097151
-1966077
-1835007
-1769470
-1769471
-1835005
-1769471
-1769470
-1769471
-1703933
-1769469
-1835007
-1507327
-1310720
-1376253
-1245182
-1376256
-1441790
-1507328
-1048574
-1179647
-1245183
-1310718
-1114112
-1048573
-983037
-983039
-917503
-1048575
-1376254
-917503
-524288
-131070
-393214
-1310718
-589824
-917501
-1114112
-1179645
-1179647
-3080190
4784129
15007745
16056321
-8126464
-6488064
-3407872
-3538942
-2752512
-2555903
-1966077
-1769472
-2031615
-1966080
-2162685
-3604480
-4325373
-3997694
-3604479
-3211261
-2555901
-2359295
-2359296
-3538941
-4063229
-4128766
-4063230
-3407869
-3145725
-2949119
-2555902
-2359296
-2293758
-2293759
-2228224
-2162687
-1769472
-1835008
-1703933
-1703935
-1310718
-1114112
-1048576
-983039
-1310718
-1179647
-1245181
-1048573
-1048576
-1114110
-458752
3
-262144
-1245184
-589824
-851965
-786430
-655358
-262143
-1900541
655363
19005441
11337729
-9764863
-8585215
-2818048
-2883581
-2228221
-1900544
-1703935
-1441792
-1376255
-1048575
-720895
-655357
-262142
-196608
196610
655362
851969
983040
524289
-327680
-1245184
-1638399
-1900544
-1769471
-1638400
-1507327
-1245182
-1507328
-1441791
-1376255
-1572864
-1376254
-1245181
-1048575
-983038
-1310720
-1048576
-851965
-1048574
-983039
-1179647
-1114112
-851966
-1048574
-786431
-65536
262145
-1048576
-1572863
-1179647
-1310717
-1310717
-851967
-524287
-2621437
1179649
19333122
8781827
-10354688
-4390910
-3670015
-3211262
-2555902
-2162686
-2228224
-2359293
-2031616
-1572863
-1507327
-1179645
-1048574
-1048575
-524288
1
327683
131072
-524288
-1245181
-2359293
-2359296
-1769469
-1835007
-1835008
-1376256
-1245181
-1507327
-1245184
-1572863
-1245181
-1179645
-1638399
-720894
-1245181
524290
-3014654
-720893
-1179647
-524285
-851965
-655359
-327678
327683
-983037
-1310717
-1048576
-1114111
-1048575
-786431
-917502
-2490365
6291457
20578307
589825
-9895935
-3342333
-3407872
-3080191
-2490367
-2162688
-1900544
-1441789
-1441789
-1179646
-589822
-1245184
-1638400
2228226
4980739
-9895933
10420225
-3604479
-7340031
2621440
-4259838
-1507326
-1769472
-1572863
-1310718
-1245182
-1179648
-1310717
-1507327
-1179647
-1507325
-1507326
-1376253
-1114112
-1245184
-1310720
-1245181
-1245181
-1245184
-1441789
-851965
-458752
-196608
-1507325
-1638397
-1441789
-1769471
-1441789
-917504
-1441791
-2686974
8781824
20054018
-2949117
-10354685
-4653056
-3276800
-3080190
-2555902
-2162685
-2031616
-1769471
-1703933
-1572864
-1245184
-1114109
-1114110
-655358
-327680
65536
3
-196605
-589822
-1572863
-1900542
-1900544
-1835005
-1703936
-1703934
-1507325
-1507328
-1507326
-1310719
-1835005
-1638400
-1507325
-1441789
-1310718
-1638399
-1441791
-1310719
-1310720
-1376255
-1179646
-1376254
-1245182
-1441791
-1310718
-1310720
-1441789
-655359
-327679
0
-1245181
-1638397
-1245182
-1441792
-1572862
-1703936
-327677
-2949118
983043
14483456
13500419
-9437184
-5439485
-3604479
-3407872
-2818047
-2228224
-2162686
-1966079
-2031616
-1900542
-1441792
-1703933
-1245184
-851967
-589821
-393214
131073
131072
-196606
-983039
-1769469
-1966077
-1835006
-1703936
-1638400
-1638397
-1507325
-1441791
-1703935
-1835006
-2031615
-1835007
-2097149
-2031613
-1703935
-1835006
-2031615
-1966079
-1572864
-1638398
-1638398
-1441789
-1245183
-1441789
-1114111
-786432
-458751
-851968
-1835006
-1507328
-1703934
-1572861
-1376253
-917502
-2686975
-2686973
10944514
18939907
-4849663
-7864319
-2949118
-3342334
-2490367
-2097152
-2031615
-1966080
-1835007
-1572861
-1310717
-1310717
-1179647
-917504
-589822
-196605
196609
327682
-131072
-917501
-1507327
-1835005
-1441792
-1507328
-1572861
-1310720
-1310720
-1179646
-1572861
-1376255
-1507327
-2031615
-1835007
-655358
-720894
-3080189
-1900542
-917501
-1507327
-1900542
-1245183
-851967
-983037
-786432
-393216
131075
-524288
-1376255
-1048573
-1245181
-983039
-983038
-786429
-1114111
-3014653
8323073
20512769
-1703935
-8585213
-3080192
-3211264
-2359293
-2293759
-2293759
-2228222
-2031614
-1769470
-1835005
-1835006
-1310718
-1376255
-1245182
-589821
2
131074
0
-786431
-1310720
-1572863
-1900541
-1703936
-1769469
-1769471