0
0.0150071387565545
0.0300142775131090
0.0450214162696635
0.0600285550262180
0.0750356937827724
0.0900428325393270
0.105049971295881
0.120057110052436
0.135064248808990
0.150071387565545
0.165078526322099
0.180085665078654
0.195092803835208
0.210099942591763
0.225107081348317
0.240114220104872
0.255121358861426
0.270128497617981
0.285135636374535
0.300142775131090
0.315149913887644
0.330157052644199
0.345164191400753
0.360171330157308
0.375178468913862
0.390185607670417
0.405192746426971
0.420199885183526
0.435207023940080
0.450214162696635
0.465221301453189
0.480228440209744
0.495235578966298
0.510242717722853
0.525249856479407
0.540256995235962
0.555264133992516
0.570271272749071
0.585278411505625
0.600285550262180
0.615292689018734
0.630299827775289
0.645306966531843
0.660314105288398
0.675321244044952
0.690328382801507
0.705335521558061
0.720342660314616
0.735349799071170
0.750356937827725
0.765364076584279
0.780371215340833
0.795378354097388
0.810385492853943
0.825392631610497
0.840399770367051
0.855406909123606
0.870414047880160
0.885421186636715
0.900428325393269
0.915435464149824
0.930442602906378
0.945449741662933
0.960456880419487
0.975464019176042
0.990471157932596
1.00547829668915
1.02048543544571
1.03549257420226
1.05049971295881
1.06550685171537
1.08051399047192
1.09552112922848
1.11052826798503
1.12553540674159
1.14054254549814
1.15554968425470
1.17055682301125
1.18556396176780
1.20057110052436
1.21557823928091
1.23058537803747
1.24559251679402
1.26059965555058
1.27560679430713
1.29061393306369
1.30562107182024
1.32062821057680
1.33563534933335
1.35064248808990
1.36564962684646
1.38065676560301
1.39566390435957
1.41067104311612
1.42567818187268
1.44068532062923
1.45569245938579
1.47069959814234
1.48570673689889
1.50071387565545
1.51572101441200
1.53072815316856
1.54573529192511
1.56074243068167
1.57574956943822
1.59075670819478
1.60576384695133
1.62077098570789
1.63577812446444
1.65078526322099
1.66579240197755
1.68079954073410
1.69580667949066
1.71081381824721
1.72582095700377
1.74082809576032
1.75583523451688
1.77084237327343
1.78584951202998
1.80085665078654
1.81586378954309
1.83087092829965
1.84587806705620
1.86088520581276
1.87589234456931
1.89089948332587
1.90590662208242
1.92091376083897
1.93592089959553
1.95092803835208
1.96593517710864
1.98094231586519
1.99594945462175
2.01095659337830
2.02596373213486
2.04097087089141
2.05597800964797
2.07098514840452
2.08599228716107
2.10099942591763
2.11600656467418
2.13101370343074
2.14602084218729
2.16102798094385
2.17603511970040
2.19104225845696
2.20604939721351
2.22105653597006
2.23606367472662
2.25107081348317
2.26607795223973
2.28108509099628
2.29609222975284
2.31109936850939
2.32610650726595
2.34111364602250
2.35612078477906
2.37112792353561
2.38613506229216
2.40114220104872
2.41614933980527
2.43115647856183
2.44616361731838
2.46117075607494
2.47617789483149
2.49118503358805
2.50619217234460
2.52119931110115
2.53620644985771
2.55121358861426
2.56622072737082
2.58122786612737
2.59623500488393
2.61124214364048
2.62624928239704
2.64125642115359
2.65626355991014
2.67127069866670
2.68627783742325
2.70128497617981
2.71629211493636
2.73129925369292
2.74630639244947
2.76131353120603
2.77632066996258
2.79132780871914
2.80633494747569
2.82134208623224
2.83634922498880
2.85135636374535
2.86636350250191
2.88137064125846
2.89637778001502
2.91138491877157
2.92639205752813
2.94139919628468
2.95640633504123
2.97141347379779
2.98642061255434
3.00142775131090
3.01643489006745
3.03144202882401
3.04644916758056
3.06145630633712
3.07646344509367
3.09147058385022
3.10647772260678
3.12148486136333
3.13649200011989
3.15149913887644
3.16650627763300
3.18151341638955
3.19652055514611
3.21152769390266
3.22653483265922
3.24154197141577
3.25654911017232
3.27155624892888
3.28656338768543
3.30157052644199
3.31657766519854
3.33158480395510
3.34659194271165
3.36159908146821
3.37660622022476
3.39161335898131
3.40662049773787
3.42162763649442
3.43663477525098
3.45164191400753
3.46664905276409
3.48165619152064
3.49666333027720
3.51167046903375
3.52667760779031
3.54168474654686
3.55669188530341
3.57169902405997
3.58670616281652
3.60171330157308
3.61672044032963
3.63172757908619
3.64673471784274
3.66174185659930
3.67674899535585
3.69175613411240
3.70676327286896
3.72177041162551
3.73677755038207
3.75178468913862
3.76679182789518
3.78179896665173
3.79680610540829
3.81181324416484
3.82682038292139
3.84182752167795
3.85683466043450
3.87184179919106
3.88684893794761
3.90185607670417
3.91686321546072
3.93187035421728
3.94687749297383
3.96188463173039
3.97689177048694
3.99189890924349
4.00690604800005
4.02191318675660
4.03692032551316
4.05192746426971
4.06693460302627
4.08194174178282
4.09694888053938
4.11195601929593
4.12696315805248
4.14197029680904
4.15697743556559
4.17198457432215
4.18699171307870
4.20199885183526
4.21700599059181
4.23201312934837
4.24702026810492
4.26202740686148
4.27703454561803
4.29204168437458
4.30704882313114
4.32205596188769
4.33706310064425
4.35207023940080
4.36707737815736
4.38208451691391
4.39709165567047
4.41209879442702
4.42710593318358
4.44211307194013
4.45712021069668
4.47212734945324
4.48713448820979
4.50214162696635
4.51714876572290
4.53215590447946
4.54716304323601
4.56217018199257
4.57717732074912
4.59218445950567
4.60719159826223
4.62219873701878
4.63720587577534
4.65221301453189
4.66722015328845
4.68222729204500
4.69723443080156
4.71224156955811
4.72724870831466
4.74225584707122
4.75726298582777
4.77227012458433
4.78727726334088
4.80228440209744
4.81729154085399
4.83229867961055
4.84730581836710
4.86231295712365
4.87732009588021
4.89232723463676
4.90733437339332
4.92234151214987
4.93734865090643
4.95235578966298
4.96736292841954
4.98237006717609
4.99737720593265
5.01238434468920
5.02739148344575
5.04239862220231
5.05740576095886
5.07241289971542
5.08742003847197
5.10242717722853
5.11743431598508
5.13244145474164
5.14744859349819
5.16245573225474
5.17746287101130
5.19247000976785
5.20747714852441
5.22248428728096
5.23749142603752
5.25249856479407
5.26750570355063
5.28251284230718
5.29751998106374
5.31252711982029
5.32753425857684
5.34254139733340
5.35754853608995
5.37255567484651
5.38756281360306
5.40256995235962
5.41757709111617
5.43258422987273
5.44759136862928
5.46259850738583
5.47760564614239
5.49261278489894
5.50761992365550
5.52262706241205
5.53763420116861
5.55264133992516
5.56764847868172
5.58265561743827
5.59766275619483
5.61266989495138
5.62767703370793
5.64268417246449
5.65769131122104
5.67269844997760
5.68770558873415
5.70271272749071
5.71771986624726
5.73272700500382
5.74773414376037
5.76274128251693
5.77774842127348
5.79275556003003
5.80776269878659
5.82276983754314
5.83777697629970
5.85278411505625
5.86779125381281
5.88279839256936
5.89780553132591
5.91281267008247
5.92781980883902
5.94282694759558
5.95783408635213
5.97284122510869
5.98784836386524
6.00285550262180
6.01786264137835
6.03286978013490
6.04787691889146
6.06288405764801
6.07789119640457
6.09289833516112
6.10790547391768
6.12291261267423
6.13791975143079
6.15292689018734
6.16793402894390
6.18294116770045
6.19794830645700
6.21295544521356
6.22796258397011
6.24296972272667
6.25797686148322
6.27298400023978
6.28799113899633
6.30299827775289
6.31800541650944
6.33301255526600
6.34801969402255
6.36302683277910
6.37803397153566
6.39304111029221
6.40804824904877
6.42305538780532
6.43806252656188
6.45306966531843
6.46807680407499
6.48308394283154
6.49809108158809
6.51309822034465
6.52810535910120
6.54311249785776
6.55811963661431
6.57312677537087
6.58813391412742
6.60314105288398
6.61814819164053
6.63315533039708
6.64816246915364
6.66316960791019
6.67817674666675
6.69318388542330
6.70819102417986
6.72319816293641
6.73820530169297
6.75321244044952
6.76821957920607
6.78322671796263
6.79823385671918
6.81324099547574
6.82824813423229
6.84325527298885
6.85826241174540
6.87326955050196
6.88827668925851
6.90328382801507
6.91829096677162
6.93329810552817
6.94830524428473
6.96331238304128
6.97831952179784
6.99332666055439
7.00833379931095
7.02334093806750
7.03834807682406
7.05335521558061
7.06836235433716
7.08336949309372
7.09837663185027
7.11338377060683
7.12839090936338
7.14339804811994
7.15840518687649
7.17341232563305
7.18841946438960
7.20342660314616
7.21843374190271
7.23344088065926
7.24844801941582
7.26345515817237
7.27846229692893
7.29346943568548
7.30847657444204
7.32348371319859
7.33849085195515
7.35349799071170
7.36850512946826
7.38351226822481
7.39851940698136
7.41352654573792
7.42853368449447
7.44354082325103
7.45854796200758
7.47355510076414
7.48856223952069
7.50356937827725
7.51857651703380
7.53358365579035
7.54859079454691
7.56359793330346
7.57860507206002
7.59361221081657
7.60861934957313
7.62362648832968
7.63863362708624
7.65364076584279
7.66864790459935
7.68365504335590
7.69866218211245
7.71366932086901
7.72867645962556
7.74368359838212
7.75869073713867
7.77369787589523
7.78870501465178
7.80371215340834
7.81871929216489
7.83372643092144
7.84873356967800
7.86374070843455
7.87874784719111
7.89375498594766
7.90876212470422
7.92376926346077
7.93877640221733
7.95378354097388
7.96879067973043
7.98379781848699
7.99880495724354
8.01381209600010
8.02881923475665
8.04382637351321
8.05883351226976
8.07384065102632
8.08884778978287
8.10385492853942
8.11886206729598
8.13386920605253
8.14887634480909
8.16388348356564
8.17889062232220
8.19389776107875
8.20890489983531
8.22391203859186
8.23891917734841
8.25392631610497
8.26893345486153
8.28394059361808
8.29894773237463
8.31395487113119
8.32896200988774
8.34396914864430
8.35897628740085
8.37398342615740
8.38899056491396
8.40399770367051
8.41900484242707
8.43401198118362
8.44901911994018
8.46402625869673
8.47903339745329
8.49404053620984
8.50904767496640
8.52405481372295
8.53906195247951
8.55406909123606
8.56907622999261
8.58408336874917
8.59909050750572
8.61409764626228
8.62910478501883
8.64411192377539
8.65911906253194
8.67412620128850
8.68913334004505
8.70414047880160
8.71914761755816
8.73415475631471
8.74916189507127
8.76416903382782
8.77917617258438
8.79418331134093
8.80919045009749
8.82419758885404
8.83920472761060
8.85421186636715
8.86921900512370
8.88422614388026
8.89923328263681
8.91424042139337
8.92924756014992
8.94425469890648
8.95926183766303
8.97426897641959
8.98927611517614
9.00428325393269
9.01929039268925
9.03429753144580
9.04930467020236
9.06431180895891
9.07931894771547
9.09432608647202
9.10933322522858
9.12434036398513
9.13934750274168
9.15435464149824
9.16936178025479
9.18436891901135
9.19937605776790
9.21438319652446
9.22939033528101
9.24439747403757
9.25940461279412
9.27441175155068
9.28941889030723
9.30442602906378
9.31943316782034
9.33444030657689
9.34944744533345
9.36445458409000
9.37946172284656
9.39446886160311
9.40947600035966
9.42448313911622
9.43949027787278
9.45449741662933
9.46950455538588
9.48451169414244
9.49951883289899
9.51452597165555
9.52953311041210
9.54454024916866
9.55954738792521
9.57455452668176
9.58956166543832
9.60456880419487
9.61957594295143
9.63458308170798
9.64959022046454
9.66459735922109
9.67960449797765
9.69461163673420
9.70961877549076
9.72462591424731
9.73963305300386
9.75464019176042
9.76964733051697
9.78465446927353
9.79966160803008
9.81466874678664
9.82967588554319
9.84468302429974
9.85969016305630
9.87469730181285
9.88970444056941
9.90471157932596
9.91971871808252
9.93472585683907
9.94973299559563
9.96474013435218
9.97974727310874
9.99475441186529
10.0097615506218
10.0247686893784
10.0397758281350
10.0547829668915
10.0697901056481
10.0847972444046
10.0998043831612
10.1148115219177
10.1298186606743
10.1448257994308
10.1598329381874
10.1748400769439
10.1898472157005
10.2048543544571
10.2198614932136
10.2348686319702
10.2498757707267
10.2648829094833
10.2798900482398
10.2948971869964
10.3099043257529
10.3249114645095
10.3399186032660
10.3549257420226
10.3699328807792
10.3849400195357
10.3999471582923
10.4149542970488
10.4299614358054
10.4449685745619
10.4599757133185
10.4749828520750
10.4899899908316
10.5049971295881
10.5200042683447
10.5350114071013
10.5500185458578
10.5650256846144
10.5800328233709
10.5950399621275
10.6100471008840
10.6250542396406
10.6400613783971
10.6550685171537
10.6700756559102
10.6850827946668
10.7000899334234
10.7150970721799
10.7301042109365
10.7451113496930
10.7601184884496
10.7751256272061
10.7901327659627
10.8051399047192
10.8201470434758
10.8351541822323
10.8501613209889
10.8651684597455
10.8801755985020
10.8951827372586
10.9101898760151
10.9251970147717
10.9402041535282
10.9552112922848
10.9702184310413
10.9852255697979
11.0002327085544
11.0152398473110
11.0302469860676
11.0452541248241
11.0602612635807
11.0752684023372
11.0902755410938
11.1052826798503
11.1202898186069
11.1352969573634
11.1503040961200
11.1653112348765
11.1803183736331
11.1953255123897
11.2103326511462
11.2253397899028
11.2403469286593
11.2553540674159
11.2703612061724
11.2853683449290
11.3003754836855
11.3153826224421
11.3303897611986
11.3453968999552
11.3604040387117
11.3754111774683
11.3904183162249
11.4054254549814
11.4204325937380
11.4354397324945
11.4504468712511
11.4654540100076
11.4804611487642
11.4954682875207
11.5104754262773
11.5254825650339
11.5404897037904
11.5554968425470
11.5705039813035
11.5855111200601
11.6005182588166
11.6155253975732
11.6305325363297
11.6455396750863
11.6605468138428
11.6755539525994
11.6905610913559
11.7055682301125
11.7205753688691
11.7355825076256
11.7505896463822
11.7655967851387
11.7806039238953
11.7956110626518
11.8106182014084
11.8256253401649
11.8406324789215
11.8556396176780
11.8706467564346
11.8856538951912
11.9006610339477
11.9156681727043
11.9306753114608
11.9456824502174
11.9606895889739
11.9756967277305
11.9907038664870
12.0057110052436
12.0207181440001
12.0357252827567
12.0507324215133
12.0657395602698
12.0807466990264
12.0957538377829
12.1107609765395
12.1257681152960
12.1407752540526
12.1557823928091
12.1707895315657
12.1857966703222
12.2008038090788
12.2158109478354
12.2308180865919
12.2458252253485
12.2608323641050
12.2758395028616
12.2908466416181
12.3058537803747
12.3208609191312
12.3358680578878
12.3508751966443
12.3658823354009
12.3808894741575
12.3958966129140
12.4109037516706
12.4259108904271
12.4409180291837
12.4559251679402
12.4709323066968
12.4859394454533
12.5009465842099
12.5159537229664
12.5309608617230
12.5459680004796
12.5609751392361
12.5759822779927
12.5909894167492
12.6059965555058
12.6210036942623
12.6360108330189
12.6510179717754
12.6660251105320
12.6810322492885
12.6960393880451
12.7110465268017
12.7260536655582
12.7410608043148
12.7560679430713
12.7710750818279
12.7860822205844
12.8010893593410
12.8160964980975
12.8311036368541
12.8461107756106
12.8611179143672
12.8761250531238
12.8911321918803
12.9061393306369
12.9211464693934
12.9361536081500
12.9511607469065
12.9661678856631
12.9811750244196
12.9961821631762
13.0111893019327
13.0261964406893
13.0412035794459
13.0562107182024
13.0712178569590
13.0862249957155
13.1012321344721
13.1162392732286
13.1312464119852
13.1462535507417
13.1612606894983
13.1762678282548
13.1912749670114
13.2062821057680
13.2212892445245
13.2362963832811
13.2513035220376
13.2663106607942
13.2813177995507
13.2963249383073
13.3113320770638
13.3263392158204
13.3413463545769
13.3563534933335
13.3713606320901
13.3863677708466
13.4013749096032
13.4163820483597
13.4313891871163
13.4463963258728
13.4614034646294
13.4764106033859
13.4914177421425
13.5064248808990
13.5214320196556
13.5364391584121
13.5514462971687
13.5664534359253
13.5814605746818
13.5964677134384
13.6114748521949
13.6264819909515
13.6414891297080
13.6564962684646
13.6715034072211
13.6865105459777
13.7015176847342
13.7165248234908
13.7315319622474
13.7465391010039
13.7615462397605
13.7765533785170
13.7915605172736
13.8065676560301
13.8215747947867
13.8365819335432
13.8515890722998
13.8665962110563
13.8816033498129
13.8966104885695
13.9116176273260
13.9266247660826
13.9416319048391
13.9566390435957
13.9716461823522
13.9866533211088
14.0016604598653
14.0166675986219
14.0316747373784
14.0466818761350
14.0616890148916
14.0766961536481
14.0917032924047
14.1067104311612
14.1217175699178
14.1367247086743
14.1517318474309
14.1667389861874
14.1817461249440
14.1967532637005
14.2117604024571
14.2267675412137
14.2417746799702
14.2567818187268
14.2717889574833
14.2867960962399
14.3018032349964
14.3168103737530
14.3318175125095
14.3468246512661
14.3618317900226
14.3768389287792
14.3918460675358
14.4068532062923
14.4218603450489
14.4368674838054
14.4518746225620
14.4668817613185
14.4818889000751
14.4968960388316
14.5119031775882
14.5269103163447
14.5419174551013
14.5569245938579
14.5719317326144
14.5869388713710
14.6019460101275
14.6169531488841
14.6319602876406
14.6469674263972
14.6619745651537
14.6769817039103
14.6919888426668
14.7069959814234
14.7220031201800
14.7370102589365
14.7520173976931
14.7670245364496
14.7820316752062
14.7970388139627
14.8120459527193
14.8270530914758
14.8420602302324
14.8570673689889
14.8720745077455
14.8870816465021
14.9020887852586
14.9170959240152
14.9321030627717
14.9471102015283
14.9621173402848
14.9771244790414
14.9921316177979
15.0071387565545
15.0221458953110
15.0371530340676
15.0521601728242
15.0671673115807
15.0821744503373
15.0971815890938
15.1121887278504
15.1271958666069
15.1422030053635
15.1572101441200
15.1722172828766
15.1872244216331
15.2022315603897
15.2172386991463
15.2322458379028
15.2472529766594
15.2622601154159
15.2772672541725
15.2922743929290
15.3072815316856
15.3222886704421
15.3372958091987
15.3523029479552
15.3673100867118
15.3823172254684
15.3973243642249
15.4123315029815
15.4273386417380
15.4423457804946
15.4573529192511
15.4723600580077
15.4873671967642
15.5023743355208
15.5173814742773
15.5323886130339
15.5473957517905
15.5624028905470
15.5774100293036
15.5924171680601
15.6074243068167
15.6224314455732
15.6374385843298
15.6524457230863
15.6674528618429
15.6824600005994
15.6974671393560
15.7124742781125
15.7274814168691
15.7424885556257
15.7574956943822
15.7725028331388
15.7875099718953
15.8025171106519
15.8175242494084
15.8325313881650
15.8475385269215
15.8625456656781
15.8775528044347
15.8925599431912
15.9075670819478
15.9225742207043
15.9375813594609
15.9525884982174
15.9675956369740
15.9826027757305
15.9976099144871
16.0126170532436
16.0276241920002
16.0426313307568
16.0576384695133
16.0726456082699
16.0876527470264
16.1026598857830
16.1176670245395
16.1326741632961
16.1476813020526
16.1626884408092
16.1776955795657
16.1927027183223
16.2077098570788
16.2227169958354
16.2377241345920
16.2527312733485
16.2677384121051
16.2827455508616
16.2977526896182
16.3127598283747
16.3277669671313
16.3427741058878
16.3577812446444
16.3727883834009
16.3877955221575
16.4028026609141
16.4178097996706
16.4328169384272
16.4478240771837
16.4628312159403
16.4778383546968
16.4928454934534
16.5078526322099
16.5228597709665
16.5378669097231
16.5528740484796
16.5678811872362
16.5828883259927
16.5978954647493
16.6129026035058
16.6279097422624
16.6429168810189
16.6579240197755
16.6729311585320
16.6879382972886
16.7029454360451
16.7179525748017
16.7329597135583
16.7479668523148
16.7629739910714
16.7779811298279
16.7929882685845
16.8079954073410
16.8230025460976
16.8380096848541
16.8530168236107
16.8680239623672
16.8830311011238
16.8980382398804
16.9130453786369
16.9280525173935
16.9430596561500
16.9580667949066
16.9730739336631
16.9880810724197
17.0030882111762
17.0180953499328
17.0331024886893
17.0481096274459
17.0631167662025
17.0781239049590
17.0931310437156
17.1081381824721
17.1231453212287
17.1381524599852
17.1531595987418
17.1681667374983
17.1831738762549
17.1981810150114
17.2131881537680
17.2281952925246
17.2432024312811
17.2582095700377
17.2732167087942
17.2882238475508
17.3032309863073
17.3182381250639
17.3332452638204
17.3482524025770
17.3632595413335
17.3782666800901
17.3932738188467
17.4082809576032
17.4232880963598
17.4382952351163
17.4533023738729
17.4683095126294
17.4833166513860
17.4983237901425
17.5133309288991
17.5283380676556
17.5433452064122
17.5583523451688
17.5733594839253
17.5883666226819
17.6033737614384
17.6183809001950
17.6333880389515
17.6483951777081
17.6634023164646
17.6784094552212
17.6934165939777
17.7084237327343
17.7234308714909
17.7384380102474
17.7534451490040
17.7684522877605
17.7834594265171
17.7984665652736
17.8134737040302
17.8284808427867
17.8434879815433
17.8584951202998
17.8735022590564
17.8885093978130
17.9035165365695
17.9185236753261
17.9335308140826
17.9485379528392
17.9635450915957
17.9785522303523
17.9935593691088
18.0085665078654
18.0235736466219
18.0385807853785
18.0535879241351
18.0685950628916
18.0836022016482
18.0986093404047
18.1136164791613
18.1286236179178
18.1436307566744
18.1586378954309
18.1736450341875
18.1886521729440
18.2036593117006
18.2186664504572
18.2336735892137
18.2486807279703
18.2636878667268
18.2786950054834
18.2937021442399
18.3087092829965
18.3237164217530
18.3387235605096
18.3537306992661
18.3687378380227
18.3837449767792
18.3987521155358
18.4137592542924
18.4287663930489
18.4437735318055
18.4587806705620
18.4737878093186
18.4887949480751
18.5038020868317
18.5188092255882
18.5338163643448
18.5488235031014
18.5638306418579
18.5788377806145
18.5938449193710
18.6088520581276
18.6238591968841
18.6388663356407
18.6538734743972
18.6688806131538
18.6838877519103
18.6988948906669
18.7139020294234
18.7289091681800
18.7439163069366
18.7589234456931
18.7739305844497
18.7889377232062
18.8039448619628
18.8189520007193
18.8339591394759
18.8489662782324
18.8639734169890
18.8789805557456
18.8939876945021
18.9089948332587
18.9240019720152
18.9390091107718
18.9540162495283
18.9690233882849
18.9840305270414
18.9990376657980
19.0140448045545
19.0290519433111
19.0440590820676
19.0590662208242
19.0740733595808
19.0890804983373
19.1040876370939
19.1190947758504
19.1341019146070
19.1491090533635
19.1641161921201
19.1791233308766
19.1941304696332
19.2091376083897
19.2241447471463
19.2391518859029
19.2541590246594
19.2691661634160
19.2841733021725
19.2991804409291
19.3141875796856
19.3291947184422
19.3442018571987
19.3592089959553
19.3742161347118
19.3892232734684
19.4042304122250
19.4192375509815
19.4342446897381
19.4492518284946
19.4642589672512
19.4792661060077
19.4942732447643
19.5092803835208
19.5242875222774
19.5392946610339
19.5543017997905
19.5693089385471
19.5843160773036
19.5993232160602
19.6143303548167
19.6293374935733
19.6443446323298
19.6593517710864
19.6743589098429
19.6893660485995
19.7043731873560
19.7193803261126
19.7343874648692
19.7493946036257
19.7644017423823
19.7794088811388
19.7944160198954
19.8094231586519
19.8244302974085
19.8394374361650
19.8544445749216
19.8694517136781
19.8844588524347
19.8994659911913
19.9144731299478
19.9294802687044
19.9444874074609
19.9594945462175
19.9745016849740
19.9895088237306
20.0045159624871
20.0195231012437
20.0345302400002
20.0495373787568
20.0645445175134
20.0795516562699
20.0945587950265
20.1095659337830
20.1245730725396
20.1395802112961
20.1545873500527
20.1695944888092
20.1846016275658
20.1996087663223
20.2146159050789
20.2296230438355
20.2446301825920
20.2596373213486
20.2746444601051
20.2896515988617
20.3046587376182
20.3196658763748
20.3346730151313
20.3496801538879
20.3646872926444
20.3796944314010
20.3947015701576
20.4097087089141
20.4247158476707
20.4397229864272
20.4547301251838
20.4697372639403
20.4847444026969
20.4997515414534
20.5147586802100
20.5297658189665
20.5447729577231
20.5597800964797
20.5747872352362
20.5897943739928
20.6048015127493
20.6198086515059
20.6348157902624
20.6498229290190
20.6648300677755
20.6798372065321
20.6948443452886
20.7098514840452
20.7248586228018
20.7398657615583
20.7548729003149
20.7698800390714
20.7848871778280
20.7998943165845
20.8149014553411
20.8299085940976
20.8449157328542
20.8599228716107
20.8749300103673
20.8899371491239
20.9049442878804
20.9199514266370
20.9349585653935
20.9499657041501
20.9649728429066
20.9799799816632
20.9949871204197
21.0099942591763
21.0250013979328
21.0400085366894
21.0550156754460
21.0700228142025
21.0850299529591
21.1000370917156
21.1150442304722
21.1300513692287
21.1450585079853
21.1600656467418
21.1750727854984
21.1900799242549
21.2050870630115
21.2200942017681
21.2351013405246
21.2501084792812
21.2651156180377
21.2801227567943
21.2951298955508
21.3101370343074
21.3251441730639
21.3401513118205
21.3551584505770
21.3701655893336
21.3851727280901
21.4001798668467
21.4151870056033
21.4301941443598
21.4452012831164
21.4602084218729
21.4752155606295
21.4902226993860
21.5052298381426
21.5202369768991
21.5352441156557
21.5502512544122
21.5652583931688
21.5802655319254
21.5952726706819
21.6102798094385
21.6252869481950
21.6402940869516
21.6553012257081
21.6703083644647
21.6853155032212
21.7003226419778
21.7153297807343
21.7303369194909
21.7453440582475
21.7603511970040
21.7753583357606
21.7903654745171
21.8053726132737
21.8203797520302
21.8353868907868
21.8503940295433
21.8654011682999
21.8804083070564
21.8954154458130
21.9104225845696
21.9254297233261
21.9404368620827
21.9554440008392
21.9704511395958
21.9854582783523
22.0004654171089
22.0154725558654
22.0304796946220
22.0454868333785
22.0604939721351
22.0755011108917
22.0905082496482
22.1055153884048
22.1205225271613
22.1355296659179
22.1505368046744
22.1655439434310
22.1805510821875
22.1955582209441
22.2105653597006
22.2255724984572
22.2405796372138
22.2555867759703
22.2705939147269
22.2856010534834
22.3006081922400
22.3156153309965
22.3306224697531
22.3456296085096
22.3606367472662
22.3756438860227
22.3906510247793
22.4056581635359
22.4206653022924
22.4356724410490
22.4506795798055
22.4656867185621
22.4806938573186
22.4957009960752
22.5107081348317
22.5257152735883
22.5407224123448
22.5557295511014
22.5707366898580
22.5857438286145
22.6007509673711
22.6157581061276
22.6307652448842
22.6457723836407
22.6607795223973
22.6757866611538
22.6907937999104
22.7058009386669
22.7208080774235
22.7358152161801
22.7508223549366
22.7658294936932
22.7808366324497
22.7958437712063
22.8108509099628
22.8258580487194
22.8408651874759
22.8558723262325
22.8708794649890
22.8858866037456
22.9008937425022
22.9159008812587
22.9309080200153
22.9459151587718
22.9609222975284
22.9759294362849
22.9909365750415
23.0059437137980
23.0209508525546
23.0359579913111
23.0509651300677
23.0659722688243
23.0809794075808
23.0959865463374
23.1109936850939
23.1260008238505
23.1410079626070
23.1560151013636
23.1710222401201
23.1860293788767
23.2010365176332
23.2160436563898
23.2310507951464
23.2460579339029
23.2610650726595
23.2760722114160
23.2910793501726
23.3060864889291
23.3210936276857
23.3361007664422
23.3511079051988
23.3661150439553
23.3811221827119
23.3961293214685
23.4111364602250
23.4261435989816
23.4411507377381
23.4561578764947
23.4711650152512
23.4861721540078
23.5011792927643
23.5161864315209
23.5311935702774
23.5462007090340
23.5612078477906
23.5762149865471
23.5912221253037
23.6062292640602
23.6212364028168
23.6362435415733
23.6512506803299
23.6662578190864
23.6812649578430
23.6962720965995
23.7112792353561
23.7262863741126
23.7412935128692
23.7563006516258
23.7713077903823
23.7863149291389
23.8013220678954
23.8163292066520
23.8313363454085
23.8463434841651
23.8613506229216
23.8763577616782
23.8913649004347
23.9063720391913
23.9213791779479
23.9363863167044
23.9513934554610
23.9664005942175
23.9814077329741
23.9964148717306
24.0114220104872
24.0264291492437
24.0414362880003
24.0564434267568
24.0714505655134
24.0864577042700
24.1014648430265
24.1164719817831
24.1314791205396
24.1464862592962
24.1614933980527
24.1765005368093
24.1915076755658
24.2065148143224
24.2215219530790
24.2365290918355
24.2515362305921
24.2665433693486
24.2815505081052
24.2965576468617
24.3115647856183
24.3265719243748
24.3415790631314
24.3565862018879
24.3715933406445
24.3866004794010
24.4016076181576
24.4166147569142
24.4316218956707
24.4466290344273
24.4616361731838
24.4766433119404
24.4916504506969
24.5066575894535
24.5216647282100
24.5366718669666
24.5516790057231
24.5666861444797
24.5816932832363
24.5967004219928
24.6117075607494
24.6267146995059
24.6417218382625
24.6567289770190
24.6717361157756
24.6867432545321
24.7017503932887
24.7167575320452
24.7317646708018
24.7467718095584
24.7617789483149
24.7767860870715
24.7917932258280
24.8068003645846
24.8218075033411
24.8368146420977
24.8518217808542
24.8668289196108
24.8818360583673
24.8968431971239
24.9118503358805
24.9268574746370
24.9418646133936
24.9568717521501
24.9718788909067
24.9868860296632
25.0018931684198
25.0169003071763
25.0319074459329
25.0469145846894
25.0619217234460
25.0769288622026
25.0919360009591
25.1069431397157
25.1219502784722
25.1369574172288
25.1519645559853
25.1669716947419
25.1819788334984
25.1969859722550
25.2119931110115
25.2270002497681
25.2420073885247
25.2570145272812
25.2720216660378
25.2870288047943
25.3020359435509
25.3170430823074
25.3320502210640
25.3470573598205
25.3620644985771
25.3770716373336
25.3920787760902
25.4070859148468
25.4220930536033
25.4371001923599
25.4521073311164
25.4671144698730
25.4821216086295
25.4971287473861
25.5121358861426
25.5271430248992
25.5421501636557
25.5571573024123
25.5721644411689
25.5871715799254
25.6021787186820
25.6171858574385
25.6321929961951
25.6472001349516
25.6622072737082
25.6772144124647
25.6922215512213
25.7072286899778
25.7222358287344
25.7372429674910
25.7522501062475
25.7672572450041
25.7822643837606
25.7972715225172
25.8122786612737
25.8272858000303
25.8422929387868
25.8573000775434
25.8723072162999
25.8873143550565
25.9023214938130
25.9173286325696
25.9323357713262
25.9473429100827
25.9623500488393
25.9773571875958
25.9923643263524
26.0073714651089
26.0223786038655
26.0373857426220
26.0523928813786
26.0674000201351
26.0824071588917
26.0974142976483
26.1124214364048
26.1274285751614
26.1424357139179
26.1574428526745
26.1724499914310
26.1874571301876
26.2024642689441
26.2174714077007
26.2324785464572
26.2474856852138
26.2624928239704
26.2774999627269
26.2925071014835
26.3075142402400
26.3225213789966
26.3375285177531
26.3525356565097
26.3675427952662
26.3825499340228
26.3975570727794
26.4125642115359
26.4275713502925
26.4425784890490
26.4575856278056
26.4725927665621
26.4875999053187
26.5026070440752
26.5176141828318
26.5326213215883
26.5476284603449
26.5626355991014
26.5776427378580
26.5926498766146
26.6076570153711
26.6226641541277
26.6376712928842
26.6526784316408
26.6676855703973
26.6826927091539
26.6976998479104
26.7127069866670
26.7277141254235
26.7427212641801
26.7577284029367
26.7727355416932
26.7877426804498
26.8027498192063
26.8177569579629
26.8327640967194
26.8477712354760
26.8627783742325
26.8777855129891
26.8927926517456
26.9077997905022
26.9228069292588
26.9378140680153
26.9528212067719
26.9678283455284
26.9828354842850
26.9978426230415
27.0128497617981
27.0278569005546
27.0428640393112
27.0578711780677
27.0728783168243
27.0878854555809
27.1028925943374
27.1178997330940
27.1329068718505
27.1479140106071
27.1629211493636
27.1779282881202
27.1929354268767
27.2079425656333
27.2229497043898
27.2379568431464
27.2529639819030
27.2679711206595
27.2829782594161
27.2979853981726
27.3129925369292
27.3279996756857
27.3430068144423
27.3580139531988
27.3730210919554
27.3880282307119
27.4030353694685
27.4180425082251
27.4330496469816
27.4480567857382
27.4630639244947
27.4780710632513
27.4930782020078
27.5080853407644
27.5230924795209
27.5380996182775
27.5531067570340
27.5681138957906
27.5831210345472
27.5981281733037
27.6131353120603
27.6281424508168
27.6431495895734
27.6581567283299
27.6731638670865
27.6881710058430
27.7031781445996
27.7181852833561
27.7331924221127
27.7481995608693
27.7632066996258
27.7782138383824
27.7932209771389
27.8082281158955
27.8232352546520
27.8382423934086
27.8532495321651
27.8682566709217
27.8832638096782
27.8982709484348
27.9132780871914
27.9282852259479
27.9432923647045
27.9582995034610
27.9733066422176
27.9883137809741
28.0033209197307
28.0183280584872
28.0333351972438
28.0483423360003
28.0633494747569
28.0783566135135
28.0933637522700
28.1083708910266
28.1233780297831
28.1383851685397
28.1533923072962
28.1683994460528
28.1834065848093
28.1984137235659
28.2134208623224
28.2284280010790
28.2434351398355
28.2584422785921
28.2734494173487
28.2884565561052
28.3034636948618
28.3184708336183
28.3334779723749
28.3484851111314
28.3634922498880
28.3784993886445
28.3935065274011
28.4085136661576
28.4235208049142
28.4385279436708
28.4535350824273
28.4685422211839
28.4835493599404
28.4985564986970
28.5135636374535
28.5285707762101
28.5435779149666
28.5585850537232
28.5735921924798
28.5885993312363
28.6036064699929
28.6186136087494
28.6336207475060
28.6486278862625
28.6636350250191
28.6786421637756
28.6936493025322
28.7086564412887
28.7236635800453
28.7386707188019
28.7536778575584
28.7686849963150
28.7836921350715
28.7986992738281
28.8137064125846
28.8287135513412
28.8437206900977
28.8587278288543
28.8737349676108
28.8887421063674
28.9037492451239
28.9187563838805
28.9337635226371
28.9487706613936
28.9637778001502
28.9787849389067
28.9937920776633
29.0087992164198
29.0238063551764
29.0388134939329
29.0538206326895
29.0688277714460
29.0838349102026
29.0988420489592
29.1138491877157
29.1288563264723
29.1438634652288
29.1588706039854
29.1738777427419
29.1888848814985
29.2038920202550
29.2188991590116
29.2339062977681
29.2489134365247
29.2639205752813
29.2789277140378
29.2939348527944
29.3089419915509
29.3239491303075
29.3389562690640
29.3539634078206
29.3689705465771
29.3839776853337
29.3989848240902
29.4139919628468
29.4289991016034
29.4440062403599
29.4590133791165
29.4740205178730
29.4890276566296
29.5040347953861
29.5190419341427
29.5340490728992
29.5490562116558
29.5640633504123
29.5790704891689
29.5940776279255
29.6090847666820
29.6240919054386
29.6390990441951
29.6541061829517
29.6691133217082
29.6841204604648
29.6991275992213
29.7141347379779
29.7291418767344
29.7441490154910
29.7591561542476
29.7741632930041
29.7891704317607
29.8041775705172
29.8191847092738
29.8341918480303
29.8491989867869
29.8642061255434
29.8792132643000
29.8942204030565
29.9092275418131
29.9242346805697
29.9392418193262
29.9542489580828
29.9692560968393
29.9842632355959
29.9992703743524
30.0142775131090
30.0292846518655
30.0442917906221
30.0592989293786
30.0743060681352
30.0893132068918
30.1043203456483
30.1193274844049
30.1343346231614
30.1493417619180
30.1643489006745
30.1793560394311
30.1943631781876
30.2093703169442
30.2243774557007
30.2393845944573
30.2543917332139
30.2693988719704
30.2844060107270
30.2994131494835
30.3144202882401
30.3294274269966
30.3444345657532
30.3594417045097
30.3744488432663
30.3894559820228
30.4044631207794
30.4194702595360
30.4344773982925
30.4494845370491
30.4644916758056
30.4794988145622
30.4945059533187
30.5095130920753
30.5245202308318
30.5395273695884
30.5545345083449
30.5695416471015
30.5845487858580
30.5995559246146
30.6145630633712
30.6295702021277
30.6445773408843
30.6595844796408
30.6745916183974
30.6895987571539
30.7046058959105
30.7196130346670
30.7346201734236
30.7496273121802
30.7646344509367
30.7796415896933
30.7946487284498
30.8096558672064
30.8246630059629
30.8396701447195
30.8546772834760
30.8696844222326
30.8846915609891
30.8996986997457
30.9147058385023
30.9297129772588
30.9447201160154
30.9597272547719
30.9747343935285
30.9897415322850
31.0047486710416
31.0197558097981
31.0347629485547
31.0497700873112
31.0647772260678
31.0797843648244
31.0947915035809
31.1097986423375
31.1248057810940
31.1398129198506
31.1548200586071
31.1698271973637
31.1848343361202
31.1998414748768
31.2148486136333
31.2298557523899
31.2448628911464
31.2598700299030
31.2748771686596
31.2898843074161
31.3048914461727
31.3198985849292
31.3349057236858
31.3499128624423
31.3649200011989
31.3799271399554
31.3949342787120
31.4099414174686
31.4249485562251
31.4399556949817
31.4549628337382
31.4699699724948
31.4849771112513
31.4999842500079