30.8090783073817
31.5240651320568
32.6917206436510
34.0904781373563
36.4715708553176
41.4583929068007
50.9566003051565
67.7459258857879
90.0512864201227
110.935531697020
129.494801513198
148.009834362612
163.918714119844
174.796472960224
202.978894965978
295.202557847214
307.545742023206
233.597917752457
265.432829381302
292.809406107874
229.149822549464
193.416730945098
151.220675323966
87.3031665871073
31.7116173292120
-31.9240051058319
-96.5832953091221
-156.967174190346
-212.930320269212
-264.170368863810
-311.096026073096
-356.947934842589
-400.721204442065
-437.137933702514
-464.354254212379
-480.346577826411
-484.215367955304
-479.240954916580
-466.404970445182
-446.087577532079
-420.881816843652
-393.042574680106
-366.375372231284
-346.780971177229
-334.994437791617
-327.058749329753
-320.330032009369
-309.679328588115
-292.914568979649
-273.193645055803
-248.423847622289
-214.962303117024
-173.532507726559
-125.361380619382
-73.3944876123413
-24.3054739512402
20.2693437952107
63.2854066782668
103.381783735447
139.287618866630
171.271198165650
197.947185461211
220.670798747312
243.477553683748
266.749104625409
288.878017699151
310.405477257535
331.279641157226
351.198356107419
371.003636304420
389.740401099588
405.086565908255
416.833234018489
425.820379987770
431.847048344327
435.167503642110
436.171598568709
434.686158046206
431.653788484114
428.857035926657
426.955097554856
426.088621870262
427.076286743024
430.565688693452
435.794612837384
440.861762465391
443.197546717098
438.846232072888
424.921474704663
399.844210708748
359.887680363104
300.582934885096
222.467416053348
130.220807546755
29.1185542442300
-71.8895849705482
-167.217395213462
-256.151370228212
-331.693342110236
-384.839923708107
-414.616756283684
-424.445723871462
-419.414794154403
-410.868869973826
-402.471954000440
-388.953821366727
-374.436345054927
-364.626701230818
-359.335595376894
-359.035892242586
-360.219827311431
-353.163503020552
-337.502996964623
-320.574226575015
-303.035694613326
-286.471183216075
-272.382332306554
-256.842511366934
-241.021602721203
-229.173943998940
-220.385877642955
-212.621428477380
-204.457783788299
-192.171320756974
-175.129896532971
-156.363527947632
-136.179089047112
-115.008291137012
-93.2124972533287
-68.6514601105616
-41.1110395787682
-11.4097259515555
20.3843636846906
53.1195837726810
85.8480443307791
118.032182882420
148.116697250341
174.116554721131
193.802106079914
204.237339590748
205.288857635016
199.887239690374
190.428852698753
180.836180310577
173.696000305670
168.790763722594
169.219013182696
179.344277316502
198.558120433648
223.283914467291
249.132293045369
268.027486294512
275.915493182443
273.683917632064
256.590075035447
218.642235783697
160.582600568901
86.4144207888096
2.34212554927147
-79.7117925913332
-154.241904799557
-222.721255309558
-278.534068980590
-313.580425569199
-327.366882437905
-321.935688395862
-302.617085759861
-281.745144566368
-262.700204253590
-239.992948864159
-217.413781479300
-199.629276926970
-186.298442716620
-178.523923513018
-172.794352820716
-159.494634048544
-138.665523855063
-117.861524082901
-98.4848059174667
-83.3688043023483
-73.0379856560759
-60.4662933450595
-43.8640292418971
-23.1472305405259
0.601882936641978
19.6932273841471
33.2753541062759
45.8815459321744
58.3086404135604
74.0839136738935
117.343920637091
232.339181180546
258.676785184706
191.347396621011
226.504544479349
269.647431551313
243.088010582822
241.648546461223
218.493955738830
198.529520113011
194.567519473589
188.393946674026
190.025320659270
206.110493918157
234.040543904899
270.799158521457
311.751795707345
347.145604317092
372.565879763601
389.169318857114
391.644230835803
373.566820667687
335.013652340743
278.584761203804
209.588292374370
139.259504350775
71.5491479217332
3.01120166792734
-61.7727290699321
-117.223536308897
-162.757654566320
-197.361571463019
-223.740056735389
-250.158896022072
-276.669306964402
-296.559031657988
-309.247231596894
-313.525633806861
-308.515475721996
-298.497665106187
-283.424832535557
-260.780238698434
-233.005243569306
-203.865765921831
-176.990379012491
-158.501134118122
-149.573009572654
-145.738331602262
-145.257349210866
-144.984314478413
-142.998075607676
-141.878737009108
-139.721483391842
-132.643796276887
-120.835484324430
-105.210761133294
-87.4279727511017
-72.0294604159483
-59.3286744747565
-45.4257591564044
-29.9031020138160
-12.1597303025846
8.24386470499169
28.6523782091917
48.7613915788405
69.5346302870747
89.6745849387933
107.764193588496
122.146635105151
129.859282120875
130.864940989297
128.072284195387
123.298220389215
119.498941566239
118.732211648421
120.584950816900
127.357782448691
142.459912828234
165.361152990578
193.330426784832
222.091608701060
243.485285247325
256.507630811431
267.785685685761
265.860891116921
226.141568633641
171.701650260993
154.355517441195
70.8607212077451
-22.3738769704168
-54.3601383292380
-124.514869897971
-177.687095335803
-213.441934118514
-236.095945628370
-244.398641113611
-242.572767871943
-240.227264283542
-239.333449384222
-234.652281426569
-228.296193661649
-222.832121998074
-217.786012763126
-214.907129471621
-212.110013853538
-202.995900989048
-187.995770001111
-172.126126056423
-156.665717556000
-144.230628561431
-135.867695018963
-127.932324788854
-120.481090984049
-114.890269813621
-109.970797444022
-105.201992955491
-99.1211787465776
-88.4032490800021
-72.8329308311022
-54.6825720592186
-34.9216359379249
-15.5564013109509
2.66674007357035
21.7047541327113
41.1712346628202
59.9958180970966
78.3717422947970
95.8284122979527
112.682070312252
130.426825870643
148.842785293026
166.594365898047
183.230426732940
197.922983619772
210.577422624059
222.594734088789
234.501979407040
246.760788678992
260.214304552777
275.162116882881
292.589282768671
314.072089496918
338.903598428164
364.432187954291
388.090155115065
405.917952066938
414.997601279525
414.260492487961
400.132730509032
368.094816090972
318.315583228384
254.370285884284
180.424236352779
104.051619825885
29.4928230866266
-43.5365938027708
-109.738481712744
-162.217976743818
-200.000125179336
-224.630725344416
-239.271132410377
-251.922435505981
-264.158638466789
-270.629988167249
-272.817925226972
-272.915333653491
-270.498994538079
-267.586822721038
-262.841691243498
-251.222264377402
-233.950656237921
-216.331481889608
-200.763039845005
-191.197021427576
-188.795946366112
-189.201097432081
-191.507863324752
-195.156762531585
-198.224503569699
-200.929431378258
-200.985704541779
-193.940304267073
-179.683371782967
-160.754154599196
-139.035206760825
-118.634265695387
-100.756886330170
-82.4232127347061
-64.4110608917938
-48.1629957005388
-33.2431399592382
-20.2961285708311
-8.27920882562178
5.98491870070279
22.6724715127528
40.0488066638026
58.1182710867732
76.3534355882513
94.3041139724628
112.879769193498
131.429307515990
148.354714600140
163.385987004187
176.477287849889
187.196038111592
195.543951241645
201.233483563779
203.529129729385
202.301545190948
197.682832971500
189.780786486947
179.091519420670
166.343757521812
152.497942036785
136.423963760404
114.633236814580
85.8156179015703
49.5494838811708
5.24505014801948
-45.6921626926707
-83.1122506634262
-66.0997049361912
-52.4822374790130
-60.0707095801029
-41.5831861539167
-95.2313761269312
-138.625634776891
-38.3343949800394
134.458291995758
146.030136484515
14.9262415929577
-117.043875722821
-98.9490534602678
-63.9256174850909
-151.643252135279
-173.182232015463
-146.176839753394
-183.138577694237
-203.825242226615
-217.360621177803
-219.897187550439
-217.752021771665
-208.457760899041
-193.359972503985
-174.736541036415
-151.830473301329
-120.109837207235
-68.7463812658885
-6.03330890786672
41.2547781263938
98.0045392224087
230.969766755857
253.738277593275
138.679662839860
122.784782027569
179.001161917283
191.320758695336
164.371743484482
79.6072761595946
52.0322763596729
77.7139814913825
83.2988474366514
95.5232866671753
136.124131922043
183.755354330715
218.337528020516
242.587441417933
268.215706310185
280.118241069079
248.509023017634
199.969233684680
204.113990542897
140.900904102358
10.7004136725311
-6.39047878756055
-28.3402742396053
-115.013188104235
-160.531972263693
-175.217859814405
-166.064200256464
-138.799956926182
-94.6898303039674
-15.1136419655307
60.0433637361882
43.5047893262770
-141.460253344007
-302.392060168015
-200.689268860588
-13.4516761304643
-26.4066932661049
-232.401364330265
-301.330962630464
-203.496427256068
-137.033785303894
-214.675323788246
-192.105953671896
-128.890646456365
-125.891115070092
-108.491352507251
-73.3914217229390
-60.6065770809906
-55.5504578834530
-29.5345918843889
-26.2476189598878
-18.5392676943990
-8.57974418708306
4.25568669128659
16.1704343975581
33.1152323766165
49.4621786630886
67.9979360597251
89.1326475347489
112.141228528143
134.720063069202
156.961624827963
180.036709346032
204.139035378150
230.106696979251
257.564388205905
284.133366420226
308.649414156881
329.986324066855
346.236761193103
355.934878770194
356.302192724400
343.186464789368
317.556296733919
285.122737970565
243.315603545139
184.078737549228
122.206219464647
90.8837556716196
36.2041393068778
-75.2396527760173
-114.448598383037
-138.341054346962
-217.651268684251
-264.233908297761
-301.705863228859
-341.414190603397
-360.438779238022
-365.875675342407
-355.117758734169
-331.567025056012
-298.847100667200
-261.125023936107
-222.605420343527
-185.496025537328
-155.840448938454
-142.161968745694
-145.195569430185
-159.695730279164
-180.799536936488
-198.857632962255
-209.271656914666
-215.068574016005
-210.578120810784
-187.487160368144
-147.926839041080
-98.9521056538926
-45.5992565432887
3.87560606602648
40.7332591518773
58.6872217687365
79.1304236148666
156.395400605582
161.137097477892
79.7430360930999
97.9854540222437
122.260885207090
80.7584867587681
84.8847955068376
87.9446769216658
87.0021609529249
98.9167977787533
115.082274537872
135.926783756248
155.905397881972
174.003369295721
193.481287807098
214.154242130680
236.562251565753
260.319535632248
281.457493509837
298.925045798984
312.974947562225
320.720064969479
318.586628376878
302.738764961726
267.564341620305
212.992545590031
144.972496168929
67.8261488792176
-11.6062187682523
-88.0312188202324
-160.731125649909
-223.105188529285
-265.869376722255
-288.014525858627
-293.331561948235
-286.333547173492
-277.257208059409
-269.277495361898
-256.785147032652
-243.105799815010
-233.176927594108
-226.684698741119
-224.487841711864
-223.738702182949
-216.021283589924
-201.428579838012
-186.763920498952
-173.201282684671
-163.024817797018
-157.457630323279
-152.021618842351
-146.855629104882
-144.253330729241
-142.523453623526
-139.980093478182
-134.375876216518
-121.084624480693
-99.8417865732416
-74.5631780297816
-47.1271886949034
-20.7934880082703
2.56218160335229
24.8485617680880
44.3855463212476
58.1490933906273
66.5312682642563
70.6416227923708
72.5169120676801
76.8149219066824
85.3756969650628
97.3535310605761
115.239655915663
142.139708885607
176.386242963852
213.383809116284
251.686958915199
290.817455935036
323.417321862129
337.701628212027
353.104003815292
419.600039553028
414.784528166762
335.819012036375
363.406992815707
378.322760709639
305.430971838232
277.225625424097
245.918448016285
188.570460280811
131.183887557274
68.6361691933899
3.38553707224919
-63.8565303738145
-129.834375860078
-190.484010719932
-241.295916108234
-276.153428277257
-293.758029809332
-298.081309880465
-291.623350880468
-279.104883085092
-263.363787672485
-242.651242596041
-220.497777808663
-202.586836804360
-189.459836705431
-180.049871942421
-172.403849267783
-160.810967265979
-145.293328795584
-131.960490343222
-121.869209183229
-116.110863362612
-115.290141603039
-115.191975392735
-114.794285174397
-114.610216843301
-112.285701659265
-105.809732948795
-93.5598495579038
-73.3183166038021
-40.3959592532412
12.6091570372782
73.8900446023777
112.015893179703
152.942240978442
272.495239553866
293.715791394956
202.141691886140
212.302334167005
258.470575012879
247.106005135348
231.327213218207
182.927402518168
163.683910807690
179.973936924393
183.167871614030
189.842798261101
214.726529495835
244.600470924228
266.450973649601
280.484975335822
290.373915837028
292.644017186228
284.363832240582
265.750984842038
235.621116650856
196.638139549711
155.977889763763
114.355262307488
67.9022612045718
17.1942115130674
-37.8919768142051
-96.8502565237972
-155.210863148581
-211.775420715565
-267.042772090959
-317.738009860600
-359.553343929438
-388.166047214070
-397.299186183845
-386.295912701479
-360.804280930631
-324.512935994229
-283.475304812467
-242.352063317516
-201.149142414536
-165.744073451814
-144.769634841212
-138.858640698223
-144.194401964108
-156.325541845502
-165.334837516225
-168.241164775673
-170.605680518557
-169.541116569114
-160.782738262695
-145.084412769019
-122.061292500958
-95.0695795296114
-72.8937863870823
-56.4196105351367
-40.4484748965173
-25.2178809538976
-10.0647285168700
5.78933073270756
19.0328425023048
30.5997575286329
44.1536048199091
59.0777673251127
73.6591781094070
87.1492713828513
97.1870672783054
103.594878934381
109.072863697912
114.194081238415
119.464268322118
125.775892831714
132.505494152678
140.284913844118
150.615786589770
163.639946832518
179.225132872444
197.365160763385
217.428208722528
236.523090151274
249.338697614143
254.053468162249
251.610011955352
237.961797856135
206.904603691370
183.105451558441
221.637590421548
191.790366643837
71.0669049861563
52.2988882167760
29.5163301159189
-70.2999126254230
-123.620721686823
-195.123683615273
-260.491747233423
-308.831123328529
-344.854901222386
-357.907701635448
-337.514988916310
-285.113697752823
-210.450549346525
-120.974148511509
-28.7209754856804
54.0137040031639
119.163497712564
171.715900292664
183.940053158055
155.539438460256
95.7790050037162
19.6217152696389
-49.0962260801206
-112.471792493531
-164.945878526216
-204.089350569308
-214.122975936134
-195.898639562922
-151.928141543430
-92.0328377425332
-39.5474789623330
0.578544632913194
40.0070698619761
74.2117639479021
98.6330783117308
114.616164942047
117.624671616860
112.891585858895
115.531428242649
125.933990983616
135.615551482120
144.208739191026
148.554765052890
147.481863921247
147.933681286584
149.184733052143
146.808819066824
142.981272262477
140.511153025560
142.049203150329
153.497904766240
174.760105475080
199.400651942848
224.259953839722
244.629263780912
256.336990603226
259.408290925644
249.094086098590
218.151638603963
166.896526675107
100.189924590023
23.2972509856592
-53.5622370149833
-125.769894673345
-196.006172947763
-259.204195621395
-308.669758285177
-342.956270595241
-360.492557307746
-362.506826211730
-355.211736559679
-342.205945760943
-325.943811838877
-309.029674087430
-290.498983866956
-274.471408709267
-269.675195284644
-238.723133987516
-98.4044281272990
-39.7574893297383
-100.545892684173
-78.2759465579912
-34.1413362305723
-47.9202967332289
-56.1530455566494
-104.240454657123
-140.254505426649
-162.410606521889
-191.953526189534
-213.401063428662
-214.079211454272
-196.600185140045
-165.703478525832
-126.069401856470
-89.1971940255785
-58.7324054621581
-28.5948870295330
-2.20227723955002
15.4913208132087
25.6122652788436
28.4679667005075
28.6128161375487
36.9941271498875
54.6379909596320
74.4233714870987
94.5313148269883
110.348985618048
126.175498586982
160.712074032255
205.419670240414
230.745572920794
264.408992792849
375.728001028866
374.460210170057
230.729573822553
195.429047199773
250.645674665400
267.747192115244
257.912450469535
214.234810918239
194.550063955321
182.302746527116
58.3972799456552
-93.5754710673509
-83.7733679711955
17.6669240180242
-26.4302251174666
-175.827594434337
-275.713252582284
-245.048751977161
-228.977864398555
-313.095732688213
-330.043147695017
-311.453830172230
-326.913631730192
-324.190320675946
-317.249109737912
-307.257470617718
-296.680032865551
-286.036389980183
-275.151333997795
-263.949421516442
-251.109817256183
-234.977513018365
-213.717117172119
-183.328186660245
-137.993671672930
-82.2259912313078
-31.0222013204384
4.16895698075902
8.58693927687489
-10.9849160292324
-18.3822864594099
34.7312408969346
218.952749155629
406.674133296402
456.978461509543
364.182030736767
309.223086314712
337.315819506491
520.364695371179
640.998952472586
606.713476343265
515.838612366378
466.623242012279
504.329425526527
468.140199265335
410.669320007993
383.655276144079
365.176689637799
352.388396960534
354.695268820084
368.105477543154
385.250936299369
395.279120738907
393.771675437455
383.863255959296
360.392352312547
316.726419087935
254.178481348783
176.528431546314
91.1946060530748
12.9673561631755
-52.3884796639681
-107.867499894194
-146.939263842555
-162.104770538351
-153.522837885116
-122.793346875548
-76.3026552082559
-28.4229156635842
16.5208241426502
63.1768637181451
106.400598897038
140.410650864985
165.299133893042
180.525384983112
190.205041176725
205.023963290036
227.491986550153
253.846785838731
281.691997630322
302.387563398252
324.075667405050
374.650817203892
392.388591829884
412.048645248244
436.706525403028
444.044507530386
451.853909696776
456.539110554421
459.233169655302
456.647620101622
449.216834715437
438.908393239207
425.347503249772
408.639429860608
388.777553288384
364.539513268702
336.336815933635
305.889784909856
273.891507612479
241.251246152029
209.685260341799
180.944322050662
156.527705165868
137.732542073938
125.401610142807
119.581231229075
107.902671403664
64.1759657336362
13.5474565181886
-8.83043036429870
-95.4207844652965
-212.287163307802
-345.992022044342
-514.427024192622
-688.131737938086
0.651128901923964
0.651128901923964
0.651128901923964
0.651128901923964
0.651128901923964
0.651128901923964
0.651128901923964
0.651128901923964
0.651128901923964
0.651128901923964
0.651128901923964
0.651128901923964
0.651128901923964
0.651128901923964
0.651128901923964
0.651128901923964
0.651128901923964
0.651128901923964
0.651128901923964
0.651128901923964
0.651128901923964
0.651128901923964
0.651128901923964
0.651128901923964
0.651128901923964
0.651128901923964
0.651128901923964
0.651128901923964
0.651128901923964
0.651128901923964
0.651128901923964
0.651128901923964
0.651128901923964
0.651128901923964
0.651128901923964
-289.831548252523
382.182220927643
0.651128901923964
0.651128901923964
0.651128901923964
0.651128901923964
0.651128901923964
0.651128901923964
0.651128901923964
0.651128901923964
0.651128901923964
0.651128901923964
0.651128901923964
0.651128901923964
0.651128901923964
0.651128901923964
0.651128901923964
0.651128901923964
0.651128901923964
0.651128901923964
0.651128901923964
0.651128901923964
0.651128901923964
0.651128901923964
0.651128901923964
0.651128901923964
0.651128901923964
0.651128901923964
0.651128901923964
0.651128901923964
0.651128901923964
138.515675912883
-559.505693694603
0.651128901923964
0.651128901923964
0.651128901923964
0.651128901923964
0.651128901923964
0.651128901923964
0.651128901923964
0.651128901923964
0.651128901923964
0.651128901923964
0.651128901923964
0.651128901923964
0.651128901923964
0.651128901923964
0.651128901923964
0.651128901923964
0.651128901923964
0.651128901923964
0.651128901923964
0.651128901923964
0.651128901923964
0.651128901923964
0.651128901923964
0.651128901923964
0.651128901923964
0.651128901923964
0.651128901923964
0.651128901923964
0.651128901923964
0.651128901923964
0.651128901923964
0.651128901923964
0.651128901923964
0.651128901923964
0.651128901923964
0.651128901923964
0.651128901923964
0.651128901923964
0.651128901923964
-748.196504600173
-649.081107557161
-558.636116620071
-474.261131567455
-394.745689957913
-315.818465263038
-238.909575284250
-173.222131359231
-122.706821380391
-91.3605701890949
-80.4608000965348
-83.1488711466969
-96.2848488275757
-116.966026121911
-140.354419304219
-164.507270042106
-183.242441200518
-186.851663942315
-173.980563764102
-149.205518222861
-116.145684308194
-83.1021663425781
-52.4391310927165
-17.8211906236861
18.8075596859039
53.7487795966327
87.4736887963192
118.287017600184
147.781162869678
182.059493039270
220.053413196921
255.636817709834
286.517061219929
308.916742650110
321.858376302912
330.610623189354
336.558216866344
340.498006294430
346.062875866243
355.840117730260
373.506676984402
404.152425950968
450.541493286787
513.712358490553
576.918702269707
602.219026114196
633.198276462639
718.610787707144
740.348463980336
734.242729914809
737.881570178847
707.371500891915
692.437993522821
680.765389714055
679.243013766861
676.767956280672
670.279715065885
661.574235467394
656.198780513501
674.380995850451
727.809051690108
823.768765114704
806.484406713477
705.192061434306
699.036886565295
667.557841196443
540.852892497925
435.413653071190
294.457719712812
157.876554487856
40.2976544491066
-73.1403749445212
-167.697262221983
-229.917670425176
-260.672500259083
-263.453067277610
-246.329351850304
-228.096139827710
-214.382016576375
-197.608256479143
-184.189502881754
-182.059031579017
-190.828187595114
-211.385310982942
-237.846451121892
-254.724783775682
-260.702431872170
-265.774442855584
-269.680822721005
-273.444775387334
-278.693234431946
-279.732197416483
-278.478239637582
-281.994075411704
-288.813830862300
-294.627983025471
-297.139336431019
-290.847025842188
-275.000765019850
-255.374810316569
-233.275387869862
-210.062618968820
-187.834345890251
-165.217267698070
-144.100536925378
-128.594585898064
-118.515298680863
-111.918571659192
-106.987804549042
-99.4733288503870
-86.2024047672296
-65.5835700009638
-32.1794421604994
21.4968743776524
91.0446825419468
161.214219505006
222.192351967359
262.353508794776
274.553012732485
263.727520417113
282.440736562398
382.128740848281
414.912872578360
295.450175998451
105.851818809057
25.6630196334789
47.2711310130446
-32.8156390574976
-162.919389027461
-242.798881604724
-297.814811717795
-362.607686003515
-415.399481581722
-463.073207060431
-508.651818257946
-540.961442298472
-556.721214382469
-552.682088562121
-527.116815888036
-486.270009969873
-432.020524626365
-365.083281562804
-290.696383680995
-213.901344030110
-142.667643237483
-89.1738901531103
-54.2981532513636
-28.1982659519699
-5.98489562793872
20.4058024914558
56.2781199110037
97.7349990105164
128.377958481776
111.972521092872
118.692974120645
210.452252634176
264.028707523138
279.867341813410
287.420323276705
287.485964886508
310.902274409966
325.501168724922
321.534107269614
311.979562944831
319.378352347650
310.937296250033
309.955780402479
310.031832615251
312.407488639845
316.550687557816
322.680101804611
332.194595464242
344.540126446469
358.253796424212
373.090588231511
388.903312648322
404.949992263700
420.702090422844
435.317702606744
447.427841329777
456.077621333171
460.470934861148
458.719075621032
448.136340005869
426.081630112011
389.360446658347
337.607410678664
273.871519171773
200.533029197391
121.429313201613
39.5702606249104
-44.5173393915565
-126.862468288464
-201.860562364905
-268.064899541025
-326.164593953349
-377.093873637151
-424.604722624836
-468.541429773665
-504.047394988901
-530.644691724004
-548.435129619912
-556.014573959296
-553.885017648887
-540.387509807991
-511.605238096351
-471.151570519097
-428.931948814329
-388.541942388732
-351.683260076497
-322.908184090455
-304.038667852919
-270.379874792216
-168.868262025021
-149.144272041992
-211.988603118264
-168.838316284318
-133.870512002599
-183.955050523153
-195.943194048177
-218.199824761510
-249.993795183568
-267.698363808740
-278.458108913008
-270.518789025445
-231.747027136308
-164.161661367641
-80.8906325359351
12.3930711567567
109.126181783873
191.915248170000
240.014856047434
279.691453272642
385.981134818701
379.213194210181
257.730430192075
248.404159018434
267.862767971982
223.904418516323
221.916735101654
228.808762154406
227.996805136693
246.491063931192
269.511037789466
337.854154278916
493.840175341791
582.420317618725
526.990434580865
403.449880138806
348.122306154140
356.477560995938
235.284330373641
44.7042283795353
-88.4109733749893
-189.988789075962
-298.925447069457
-383.765832686976
-424.623691296551
-427.981611038455
-397.379939194077
-343.148205146570
-290.917492847321
-248.422363250003
-206.750828033170
-174.736302857066
-162.584550836346
-169.684178687218
-196.562752241810
-234.554389827282
-262.163551665038
-272.756756825678
-270.621130580410
-245.716985894772
-186.746179997003
-100.794510647429
-5.74787914936548
73.8083063062860
96.9806015944977
74.2932248716082
73.0907473006097
131.993403219248
299.916816208078
503.907336935908
503.039313303991
304.826929595044
93.2058099088800
105.132912584721
266.981033167275
353.500721117162
310.028508537571
178.198727934421
131.621879027499
197.416346245427
178.096140988221
134.494197127756
129.510603991365
139.145352689261
169.686579092282
226.545526361177
282.963972791339
326.184725069238
345.720420223549
338.528073538961
325.333809412164
342.487778422378
454.213748617171
448.776757879177
246.402004591327
83.0492153367655
9.37059284555010
-19.7621864503796
-69.6577538341205
-196.343397746793
-341.747828847434
-381.452740856450
-372.500048108267
-418.774590723813
-435.367438731228
-445.799552112136
-453.187345903942
-444.712915586894
-477.704755094498
-504.994623485721
-421.826657608207
-345.744206249468
-320.450135194851
-294.958692351934
-254.845506844969
-187.403009701838
-161.582209208988
-160.324485485997
-157.388204703905
-161.184064475981
-176.558876990401
-177.213540254228
-186.857636124557
-190.584225609862
-182.993271466292
-164.856800846450
-141.473836264553
-109.174125868935
-84.1838998898916
-63.9307897484130
-43.1569522365965
-22.2583652474173
-2.00219552881691
18.5941030607667
36.7214989923105
53.6732317911945
74.2695519502315
97.9755390570682
121.969797573422
145.317327766305
165.432148262429
181.489038578033
195.877206585871
208.222986305694
217.462280263100
223.521142810468
225.032870632785
221.421103924095
213.015601669306
200.008248991747
183.437859498998
164.663444902335
145.312252229308
125.504929580410
103.404644194049
76.6900387728977
41.1827979345177
3.26002993263718
-18.8236819516243
-31.9607408506444
-62.7583852204401
-87.6332708509121
-47.5102086249177
-102.648575633477
-269.755377308980
-231.759075574650
-114.734662962706
-233.486909510764
-363.297703598753
-293.521837043417
-266.119934288673
-322.791562786461
-286.563619466107
-237.715045874306
-203.309550468146
-162.667642605367
-137.093272690669
-128.727781179917
-130.719837013132
-84.5020999727930
62.2136909005510
172.627439371655
166.116833332206
99.8419909680865
74.5573731750081
110.586380966336
112.244796785173
152.884471748640
336.711309556915
518.547663791248
433.515926534501
310.590587671270
413.808857388731
634.651028266554
733.299875153052
679.086555045196
548.388737797392
478.711570670410
582.675708895886
599.344635432318
502.536474544100
418.366777394154
348.001184748098
356.715802967718
329.987027690054
297.537872018212
295.030516528381
296.950879423281
285.060783279772
261.714830960344
230.270893203358
184.740587350962
119.655875395957
36.4697175868043
-61.7343636659542
-167.751348249096
-267.203891945349
-354.637832699710
-432.823779462959
-495.560744993261
-535.945840460212
-554.020606427957
-550.936461457013
-532.568974517282
-512.309178551412
-494.068134637585
-473.459936274768
-455.211006348402
-444.580954743895
-440.942910377692
-443.763806287152
-447.685033042187
-440.447079229323
-420.282727343043
-394.327445408488
-363.129604250178
-329.469590047836
-290.230629366351
-230.344476729536
-161.156147240137
-115.983122301793
-69.0561266575362
50.3629341389746
63.9103129929298
-48.8532737297277
-57.9227721858153
-5.77000192553783
4.78996330894740
-0.910467145454874
-49.4368349404639
-53.5832288467752
-19.2524611379639
-14.0851524023466
-17.6893724542737
-6.75358416185542
62.6800555953278
232.869616730636
355.098225818005
343.123244207489
271.576628930977
293.910076969723
401.475184770965
396.185511653044
334.838502548959
333.749336635685
354.091430482208
341.887558285375
317.523138598395
296.251930306303
411.438548977203
600.293752332413
489.143328486308
153.213461572553
-53.1404588654074
-143.684879632804
-157.552116337807
-170.136513425232
-260.233499852504
-260.148346900095
-238.143843683798
-246.880075338503
-273.386163350606
-321.749645024511
-377.600290492646
-382.757716210923
-341.529565722082
-310.523813394402
-286.190789401931
-253.658765151829
-224.008777226909
-191.525802078437
-155.961996710460
-129.900258802865
-113.241709323780
-102.754453920290
-98.0464302612683
-93.5742398636856
-87.3174107081859
-81.8711781957932
-74.3037770511340
-60.3282231681660
-40.2062796681167
-15.4783873060521
11.4381546402816
34.8863395958176
53.5759173619413
70.8376485681769
85.5871297312399
96.3641699241535
105.090385367075
113.902843647230
127.497570282788
154.352215757152
192.309956822139
228.861144286356
259.389538312625
279.714810407682
288.012223921447
292.873250572739
343.116657384078
489.777004914120
595.520513671351
564.578987713405
452.412831291388
413.622076424426
442.099742069243
388.785736086832
299.458256860425
242.213651585924
206.909553350071
151.754955856906
83.4726666447376
-29.0346225396144
-152.089039628164
-178.354656672685
-111.614084505947
-28.5373637909050
-80.9816705572927
-217.598815322048
-247.118102578056
-237.719123803472
-254.850280209897
-271.121745379141
-327.839541713537
-352.357386882933
-348.652699288078
-349.897058451913
-339.956869634845
-311.927760579925
-273.738972376751
-231.085984133581
-186.842390387352
-144.698626629009
-113.258499482004
-103.989553678415
-89.8929197580449
-4.10461300986906
-8.90623619808642
-115.354364434185
-118.303248824022
-105.569562670755
-157.582029909230
-166.436418420165
-178.408874673858
-182.255857274236
-162.278254440354
-133.381598713619
-93.1902088876627
-47.2399889915786
-0.860014765422442
44.2614904761845
86.4861831949068
127.720156922407
161.612279402016
173.166831244941
198.188620970508
320.989642165557
359.249212865959
289.328951740405
316.829658362862
348.987738233348
301.048606650475
273.189775049395
218.829108231251
156.276893328419
100.868539509629
36.6141837793321
-24.5099203571416
-71.7581309046189
-106.263444455754
-133.068553757134
-157.736708536576
-192.703491136928
-231.349753955064
-245.136146458848
-241.412400760440
-250.815282741940
-233.963089329449
-103.231842721481
-107.808710878608
-253.860003702853
-249.641876099712
-122.748386194030
-29.7928169887944
-20.9152286090350
-114.222663510251
-135.047711352147
-98.2047912800661
-116.247247205178
-147.185925615673
-156.115941709064
-160.071049965591
-160.037902643359
-149.099025861847
-129.141114272860
-104.102885245959
-80.4187019461639
-59.1336506519293
-35.3907430362375
-9.67600933411262
17.2933176720916
45.8534899871610
73.1165464117513
99.2675342421814
126.973707660646
154.833168550199
179.831699750872
200.027914462354
212.018970749187
215.590672781216
214.806105985803
211.697829920170
209.031879841720
210.871019587096
220.237934172715
242.250795827708
283.596183177632
344.353379142091
418.557084312196
489.107288726073
522.273901790864
545.505669550804
615.530640073553
629.535745442378
590.853707233926
513.847521241263
416.592892726713
321.733319585211
212.478932103661
111.575980304942
36.0514622744107
-45.5108482967456
-206.099968218290
-273.578048451189
-248.278164925406
-250.020170344591
-270.887879907403
-329.901109802620
-355.265085987859
-347.746100066734
-361.599408029644
-378.725445969018
-387.654111647369
-394.049039292218
-391.244656555964
-375.905695740884
-351.806101448121
-318.248937735494
-275.317305350578
-228.035228192455
-183.674406605829
-148.841416911490
-130.777347429872
-132.158613454421
-148.755823005452
-128.802835266355
-9.84376005686898
62.2014325183257
5.98263085512807
-102.617988423652
-117.845885841985
-38.2113210801332
-32.0047776316744
-58.3964127235125
-49.7129975705965
-32.2744490681588
-12.1780622866154
19.5738535794443
47.7520969145299
70.1413509011517
94.9403291186724
118.142557659084
135.417248859297
147.922191423274
155.958504097460
161.069742157358
167.895486161391
176.886755167194
184.795783377038
191.598770442523
196.992217431239
199.888873477950
200.925229224029
198.396470138580
188.658537632283
170.646570934460
144.316614047778
108.384357009178
62.1484721882309
6.48123068363602
-56.7316968468958
-124.223833739668
-190.749084549484
-252.684993208243
-307.982279684353
-351.809229743795
-378.481543659442
-387.029828341468
-379.990383425824
-360.603104318873
-335.705555212104
-307.828547922753
-273.932751240864
-236.958305757199
-201.154733078925
-167.421999767796
-137.532245966093
-112.323827000042
-90.5301592255649
-68.3613108690251
-38.3614443518408
-10.7393599282190
-14.1819590825196
-18.5437347291770
57.8406466645716
33.7864437272963
-90.5880472634004
-98.8404472083062
-52.2330393735377
-37.8539492336561
-3.55169806902038
15.4681845218227
67.1681596254807
141.078087856500
169.467027091503
174.338933628191
207.413434029182
275.635057143483
387.425098183957
377.128167919969
279.928239054652
294.021517621905
327.981862192484
313.978749536091
334.469357852973
339.318916639185
367.833930976673
414.004275641856
431.136193623159
451.203093655247
545.574345131540
554.691918101385
466.308192876969
469.535248836736
441.862821030911
303.917817411095
194.025002063539
66.5187396781979
-69.3928468853158
-185.191304024703
-290.371155316975
-371.591175462414
-414.968298751404
-419.697654893582
-390.217161521406
-336.236408003522
-279.386529488371
-225.865406609702
-165.962053657080
-116.070024774285
-104.912054771378
-109.662957169315
-83.2188789636445
-106.371613008540
-123.672818418913
-119.072557303612
-128.882617612655
-127.852981893836
-131.517263821733
-143.519337780878
-153.513963760986
-155.151189293239
-170.274364614555
-188.549318952332
-205.238554869356
-216.224429358866
-213.425392128321
-195.549047854761
-170.864060424643
-141.702416821238
-110.848362906239
-81.9049926969546
-53.3219655274269
-28.8443582326971
-15.6826517535178
-13.4893036388598
-18.1690662137484
-25.7867726115800
-27.9648525729150
-21.3931779946057
-9.29574270161364
11.9558572677494
47.4699065354797
94.7836376492102
148.394507098602
205.675640007218
263.649020205022
307.901710725951
314.507597033651
313.230270434640
386.799675820793
367.748018953009
248.859296655834
222.290508572540
197.345560701008
105.931884699590
54.0120666662863
-11.5656928491209
-76.2324584477245
-129.406420450827
-179.229598639719
-223.664937559608
-267.573340332685
-310.376373635674
-344.953880057063
-368.598609968409
-377.758871220891
-371.228082338310
-354.150075433606
-327.804951100641
-292.633424471045
-252.111473130016
-208.769478079910
-167.502053227489
-136.193661506998
-116.059959689456
-102.646410775258
-93.2738773683553
-82.1652465134608
-67.3805421514581
-53.7820574486193
-39.8090864240803
-22.1421364414758
-1.56714613713652
21.9624719892544
46.2899096635052
65.4678203791190
79.2340223080850
91.8283569201752
103.827222881689
116.634764238480
131.100621610603
144.483389708303
157.185835686199
171.174476834128
185.749823834257
200.135904495438
213.384664151799
223.057803087483
229.715326361547
236.907806401607
246.947582930372
263.236280487745
284.598890110548
303.316184113259
318.699536124716
333.673696606544
345.593065297701
352.122074894404
375.637363566924
462.618927958497
472.582318611378
388.736884746797
402.125331587188
409.812611213598
334.295880484813
288.875787744944
215.234124401086
136.824360108095
64.6092718829841
-14.1000258749866
-90.8520090341003
-158.818277156394
-218.080443096954
-268.803992583168
-312.220904312666
-353.453047009854
-392.259058103306
-422.910597019772
-444.539811234105
-456.377230628331
-457.586855728112
-451.224098626022
-437.502640417428
-414.919331375046
-385.769537871798
-353.533961952414
-321.815330964582
-296.288977367239
-278.225166035675
-263.909867068073
-251.826260159227
-239.003733981111
-224.069033379161
-210.095455571622
-195.890124714795
-178.598990914215
-158.697455187033
-136.705458858557
-114.115192948875
-94.9792630885485
-79.4276329576743
-64.0403433549210
-48.1584691095463
-30.6697406043899
-10.9346882746044
8.81184774227447
28.5726594757836
49.3711521548133
70.6350504205506
92.2104612380793
113.532177870589
132.984559091527
150.619757473264
167.797884586129
185.165270306995
203.899313063213
224.607506473962
246.571864521029
270.248807943409
296.460946275597
324.291124689413
351.930331184843
377.113240234575
396.222977609913
406.713779946222
407.279926504023
394.722127975456
365.264516099631
319.187133815995
260.013576738863
191.836972959413
121.770430303018
54.3640028306830
-9.52129514973083
-63.9378130961960
-101.208366239532
-120.523815578843
-125.146159284748
-120.616056213713
-118.903962503264
-118.108525470716
-101.136584116453
-78.7136124661373
-79.5844695928282
-73.6709630628543
12.6045916241975
14.8167792426243
-82.1217642378080
-55.7100634654568
30.2076561985616
43.7465992389838
18.4336683231155