-12.9011760085872
-12.4075090277656
-12.6607097032809
-14.0203338981110
-16.5523249864294
-19.7734562220386
-23.5100919601238
-27.5929770088783
-31.7109428299747
-35.7451597245858
-39.3006784244733
-41.7468553995915
-42.9757744252581
-43.2425134811471
-42.7228289433567
-41.8690081405623
-40.7798126066696
-39.0248483910694
-36.6693597918969
-33.8848052455033
-30.6642668435448
-27.2125629156469
-23.5451601568632
-19.4607653470574
-15.1669074097895
-11.1228246203847
-7.66030304368591
-5.25151889823006
-4.00322100029070
-3.49266920104433
-3.52487670816904
-3.80580069432861
-4.08026201086245
-4.43295196884365
-4.55741351191232
-3.93696022583350
-2.55003137196645
-0.609311023749410
1.64931990126732
3.66883938253336
5.33136353877102
7.04423052459522
8.73914803505080
10.2985506249077
11.7777887044650
13.0322942307813
14.1629327006092
15.5233248356768
17.0797157996799
18.5837854612456
19.9594647513674
21.0310346449775
21.7456342685891
22.3151254778175
22.7469668089953
22.9967606350051
23.1203013758267
23.0931868829077
22.9665011239616
22.8848243673199
22.8478722627566
22.7727572069195
22.6202136598355
22.2949573183089
21.7700487253165
21.1326864233523
20.3724607307462
19.4588635680448
18.4166215173153
17.2469403447890
15.9918791441988
14.7495376620219
13.5494388287089
12.3786627643378
11.2709212905457
10.2520404800054
9.28358010630284
8.28765118742921
7.14921434494113
5.68729159758053
3.77332163407481
1.33426761007393
-1.79704157422398
-5.81763650698876
-10.6429919110843
-15.9376382999423
-21.3329517341105
-26.2541459044378
-30.2878119789687
-33.2736814987741
-34.6918462721121
-33.8911299351339
-30.8770035421706
-26.1320057615252
-20.2252149294648
-14.2085020579564
-8.64008472039100
-3.41749759672161
0.770359465889942
3.01956251946853
3.27765422421670
1.85506982723836
-0.688163249637350
-3.08641111717587
-4.98133360797376
-6.98608252682491
-8.72570592271127
-9.71071986181942
-10.0028787385848
-9.51295249294716
-8.63058487738808
-8.39307523029962
-8.88171458731968
-9.45203375326336
-10.1100445601275
-10.7499265265021
-11.2281100996653
-11.8635436336208
-12.4588890720891
-12.4680356767903
-11.8771027544752
-10.8322401882832
-9.32643447661616
-7.53420888242031
-5.50229832864956
-3.05296617307258
-0.282767558514873
2.60383986671795
5.54038971508374
8.41469186794312
11.0956478025133
13.5059178521298
15.5869101826375
17.3264587296123
18.7659573999472
20.0090460199621
21.0630494002589
21.8316429488632
22.3285646229189
22.5847068562878
22.5925318796526
22.3869667618454
21.9526171714741
21.2172215012736
20.2325239799667
19.1405116399657
18.0398946017350
17.0699912009683
16.2701369662780
15.5219192851734
14.7837910113009
13.9955553428725
13.1040383239027
12.1568982738672
11.0950610210851
9.80023351791061
8.24570750594464
6.41650217733386
4.30090678256375
1.94319359005621
-0.718821511174477
-3.85679848380914
-7.57548120060008
-11.9973792772883
-17.0576614711517
-22.4190562588317
-27.7983494913409
-32.8199770416062
-37.1215416501653
-40.4858656758175
-42.4518035030676
-42.4191793462127
-40.3424062281137
-36.6225689806465
-31.6678663672695
-26.2514901801130
-20.7792789350105
-15.1077044955505
-9.73602782987271
-5.35467348107849
-2.06352257010984
0.212533379911457
1.72837938966937
3.22812628809268
4.75349547982601
5.63310948327515
5.84290410592095
5.37583310856704
4.17794110445889
2.66500030985848
0.880607113347753
-1.38280226565979
-3.81448981535957
-5.91085438104624
-7.20495395742815
-6.97980531489168
-5.11962748914012
-2.22411535178742
1.39406864712506
5.21525568641278
8.88053354706842
12.5887340143943
15.9339980744238
18.2390598520815
19.4930778962420
19.9339350147012
19.8924239660473
20.1676030772244
20.9230742366621
21.6216756396934
22.3698200096608
23.3200093472629
24.3551578139681
25.5806815814262
26.7491228053182
27.2314979789568
26.9385187086970
26.0999276794022
24.6416915613614
22.5892197808878
20.0119646189449
16.8121529990733
13.1759167705465
9.50330412231121
5.92902196459743
2.48947728708352
-0.619384663043684
-3.23955833842361
-5.36439810987917
-7.06984838014883
-8.55746096323649
-10.2191943183420
-12.2198376525213
-14.5016779290994
-17.2765097670370
-20.8010673322219
-24.9819824286774
-29.5316239113021
-34.0390319538375
-37.7855570350312
-40.3979203451948
-41.8865251123922
-41.8150499917745
-39.6611083415023
-35.4895975290439
-29.6879052067862
-22.8378400660685
-16.0255693788971
-9.80228635406899
-4.12014644861875
0.336662506993770
2.72482257719317
3.00603262125262
1.51034153465565
-1.16072115520119
-3.70988114835058
-5.69655488758849
-7.59663671755114
-8.90295399449757
-8.96793977603266
-7.82071299682745
-5.49985658154902
-2.48773035391716
0.0213389087396220
1.84655375062226
3.67124563941829
5.36774240727509
6.85462959835774
8.24153613131460
9.22113911148502
10.0305624089890
11.3694471690153
13.2271581207602
15.2458963796488
17.3728271281971
19.3694416153649
21.1342402963623
22.9306749303024
24.6470505680074
26.0114746122474
26.9933783093971
27.5248343681124
27.5369822479437
27.0795111230919
26.1381604783956
24.6675576022463
22.7359183289410
20.4605703976587
17.9056629557040
15.1282935290253
12.2398826247619
9.36054267912885
6.52011492882427
3.67068008976737
0.744776814654585
-2.40347318213075
-5.80203374993699
-9.33194854718960
-13.0104478992415
-16.8739674042362
-20.8084393901298
-24.6471349444463
-28.1471268867010
-30.9227974706584
-32.7361642353837
-33.4901880731710
-32.9069686100669
-30.6783138299899
-26.8569693165507
-21.7695782020872
-15.8322431497134
-9.75477701501673
-4.00061258281598
1.29367916299836
5.52163160448855
7.92243831879539
8.42231266366754
7.38905666975996
5.30438300621983
3.17219556065471
1.38064479754025
-0.443792590156988
-1.84784855695030
-2.20619275707997
-1.53767542073602
0.0545614972202505
2.14836103103563
3.71247740354061
4.58214231318287
5.38301497426558
6.01067563613530
6.38031167367117
6.60914292417164
6.46204877598141
6.17636440586230
6.40987721193775
7.19265842606055
8.24029328452935
9.55463375268377
10.9830089640396
12.4407442081087
14.1168873351636
15.8694081609924
17.3805202888282
18.5698122268935
19.3680224226656
19.6411691408625
19.3340119291802
18.4370358776516
16.9821337613703
15.1116598670919
13.0839703213119
11.0253901168515
8.94562714888914
7.02050030192903
5.45927048241267
4.26453097035721
3.32091773811711
2.44783497145273
1.28452795119229
-0.296830023819127
-2.16253512864347
-4.44768395344236
-7.32557469953464
-10.7458424061535
-14.6191284922997
-18.7248397964443
-22.6171134380474
-26.1318048152967
-29.3557377277951
-32.1048682909637
-34.1807037936835
-35.5297577959750
-36.0615858793942
-35.8304552293499
-35.0771060963974
-33.7717375144668
-31.6788880259256
-28.7589432523644
-24.9492729209417
-20.3153191223543
-15.2103560035184
-9.86016330427020
-4.49308800730974
0.518687404722714
4.81962361746764
7.91105022806420
9.13348009070484
8.43512834089607
6.35518007568580
3.35241631906173
0.231403125948265
-2.50176883829920
-4.91192032475606
-6.36661589372684
-5.97358948554067
-3.70704957949039
0.0193802638208402
4.64300818471349
8.95486977064510
12.5644938622073
16.0293189450203
18.9518451983494
20.7959110381480
21.6190266366996
21.3904209014334
20.5197588509686
20.0637984451571
20.1627680385581
20.2337940577015
20.3710934271259
20.5934837183079
20.8023552423460
21.2860046676749
21.8449460590595
21.8971198256702
21.4390673456402
20.7156339891077
19.7380366396556
18.6754349815821
17.5798980275899
16.2219824005260
14.6691656925040
13.1137623875616
11.5462426839673
9.97061044406981
8.39770055796220
6.74251522000927
5.00230007299455
3.24318788149143
1.43382631483538
-0.479334724260869
-2.51082870845873
-4.69376891359068
-7.06167998774307
-9.63063460761335
-12.3812067948923
-15.2443663428580
-18.1305432472490
-20.9082531933683
-23.4865319820644
-25.8301653648995
-27.8280561208003
-29.3447295844612
-30.3318352870397
-30.7843477794782
-30.7178933205001
-30.2188313172475
-29.2759377392954
-27.7691270415747
-25.6826271773777
-23.0118154010045
-19.8038293804236
-16.2450901739798
-12.4776598831945
-8.65131520987369
-4.99137641418835
-1.72664590958079
0.836838246242870
2.30661196831328
2.63708652998965
2.12832438054775
1.03581674945180
-0.184655668392197
-1.25285170440120
-2.22331969844271
-2.74291478683564
-2.30681926710840
-0.895074723645157
1.27983633035303
3.91912902614577
6.36084218315212
8.41905619807257
10.4501011089692
12.2805288267253
13.6718926489371
14.6677201503852
15.2047878485299
15.4784146297153
16.0199393171995
16.8707703270447
17.7190338789472
18.5712886805699
19.3677853958991
20.0351558137056
20.7281006971062
21.3383842332349
21.5825199483439
21.4350060947728
20.9420239548383
20.0692055203434
18.8654880615554
17.3632411226727
15.5359661378762
13.4882056713504
11.4061942387899
9.38477226450456
7.49454136694100
5.87475345132993
4.66119887187788
3.84315517880996
3.27952335376381
2.78537895807593
2.04543876126447
0.876525941097348
-0.731268082214804
-3.00748859466936
-6.24474516957927
-10.3756169484289
-15.0930601461120
-20.0144770289523
-24.4752894580500
-28.1031039258469
-30.8901473277927
-32.3891724700747
-32.0433787465397
-29.8606779501397
-26.1540464844412
-21.3940618237655
-16.5166043591937
-11.9326990384598
-7.45791148795835
-3.58981539891251
-0.959581773960660
0.386340279430803
0.547988992828096
-0.108844923807081
-0.673776932145611
-0.978167655160156
-1.56467779621968
-2.27981099700757
-2.94213560106628
-3.59059757681024
-3.97023394167571
-4.21443462824565
-4.83739060826097
-5.72001943913033
-6.36640406843543
-6.55941982165961
-5.91758020987713
-4.35182068991891
-2.32005341647978
0.0614977307622837
2.70411133650847
5.37656211304967
8.05026506503351
10.4462201711511
12.0658289643040
12.8807161179466
13.1724389584021
13.1523539956872
13.2760818361223
13.7003998074244
14.1347146153290
14.7134806411404
15.6633887503014
16.9201824911395
18.4465801583503
20.0347914419341
21.1955582645894
21.8149517515139
22.0787691229532
21.8801081047768
21.1341975422584
19.8575586599423
17.9601489278631
15.5488393034128
12.9199527474720
10.1121951134519
7.01963010741554
3.69657703257785
0.161147798714090
-3.55830818439282
-7.31642958755377
-11.0908782611498
-14.9356170556898
-18.7491146864382
-22.3623740527472
-25.6407281094183
-28.3902582013572
-30.5162198917205
-32.0644950894200
-32.9942372737168
-33.2729245078814
-32.8760924824008
-31.6993393620695
-29.7220317550077
-26.9772618530498
-23.5252019981471
-19.5263733233168
-15.1574395702200
-10.6288707267309
-6.20937878834239
-2.19086350387033
1.04701941327963
3.03910875682639
3.70899622178504
3.37874097855298
2.32734846554242
1.06706513681472
-0.107865282754929
-1.30386776484805
-2.14962395455333
-2.10201186951494
-1.14437305601315
0.516805173625288
2.56740884045286
4.29115435323324
5.52239531327368
6.70140514727578
7.69979141880305
8.34100495564320
8.71111373974291
8.72997212211958
8.62310905312305
8.96740238417415
9.83512928448211
10.9730277294845
12.4293030147349
14.1685733267317
16.1071155812771
18.3297194040659
20.6500462132632
22.6753386483029
24.2713589220064
25.3981783734223
25.8680498500015
25.5352739260328
24.4009326338973
22.5497221908584
20.1912302717014
17.7212102761405
15.3264714595461
12.9895726739709
10.9566581891291
9.52503042808058
8.66912911422445
8.18934646953612
7.77937455161111
6.85222234466954
5.16061250097960
2.83381636866594
-0.408868669620935
-4.91520959277565
-10.5794668637016
-17.1036358538141
-23.9983321738448
-30.3612600263657
-35.7527863446103
-40.2070998652663
-43.1985985932458
-44.1086357787501
-42.9187495748191
-39.8730179647687
-35.4581905272208
-30.7060288807812
-26.0047380766233
-21.0743603135655
-16.3895024273511
-12.5411913603444
-9.58041401827037
-7.51228981883405
-6.02023465543520
-4.23528225909659
-2.09216261880048
-0.239490770757112
1.33084369408709
2.59890667945579
3.46317555104217
4.24916133320021
4.85355707533536
4.85695097863925
4.39644755809507
3.83929648998121
3.41903201612252
3.57945745157911
4.41285348015449
5.51811272396039
6.79820108398429
8.12727873140306
9.36616637196853
10.6719388465659
11.9169057347696
12.8026766627264
13.3526319574850
13.6919532658304
13.9534775068907
14.4630261507690
15.2844141169371
16.1861815844955
17.1914453595512
18.3337729155149
19.5469885233293
20.8666690947269
22.1779534843587
23.2152253217080
23.8998592139431
24.2415092862946
24.1400689279837
23.5259879440714
22.3810574580124
20.6782405650185
18.4795838141812
15.9417931113728
13.1046426523893
9.92369033953144
6.46308544950552
2.79310626489845
-1.04922354574070
-4.99207889614770
-9.01419669783590
-13.1505317434773
-17.3125779880252
-21.3177309298315
-25.0349610368007
-28.2991469968486
-31.0006397634147
-33.1445416534638
-34.6597844587889
-35.4659336214197
-35.4992858717233
-34.6373783016031
-32.8124786971010
-29.9982661661197
-26.2442065433283
-21.7337650224760
-16.6701673326288
-11.3238599161651
-5.99060410173154
-0.944005016088498
3.39928631787892
6.52102940709200
8.30661931901485
9.01674158029967
8.88053819138165
8.37676848921570
7.71216350169508
6.65155171391876
5.44648241864452
4.49697541821973
3.83627907048369
3.46769604122434
3.26031219110533
2.77051181189236
2.06324722148293
1.67826642940718
1.78706850307079
2.61123952340458
4.24030309310960
6.30006206218982
8.70187085756970
11.4397275927829
14.2873669487741
17.0935071191283
19.5511862448999
21.1461970463832
21.8248334516057
21.9208816011837
21.6491370036843
21.4387858232096
21.4631951357938
21.4392469620951
21.5210647458288
21.9844148879665
22.7651291002946
23.7862930831640
24.8191035339501
25.3350608449496
25.2054763593336
24.6481990509289
23.5494575250919
21.8083741657797
19.4657971520469
16.4656771033436
12.9671541942592
9.35445917261908
5.72203659585993
1.99115855538768
-1.71431422583604
-5.29815927300424
-8.73632609571787
-11.9517175993966
-15.0070308703470
-18.1062599561145
-21.2392838560707
-24.2492652873604
-27.1204506437043
-29.8114995940859
-32.2443977294729
-34.4058696559664
-36.1686882562011
-37.3082465411172
-37.7412780544633
-37.4604045276647
-36.3817282669377
-34.4492221840391
-31.7211662461739
-28.3287022526240
-24.4884807059482
-20.5489168805533
-16.7611261731741
-13.2794409274504
-10.4421891244537
-8.64890892014329
-7.95036449104248
-8.12191303190549
-8.89718753878023
-9.75037415577192
-10.4355331826146
-11.0883971255010
-11.4018786222421
-10.9496152967648
-9.72788996489937
-7.87067619877444
-5.65236133213626
-3.70595483348449
-2.16689382696816
-0.663938871753824
0.697054081702484
1.78758593211329
2.66403607011002
3.20843863675240
3.57546931825125
4.20405502801287
5.11009548550505
6.05581462474843
7.02896369679796
7.93140926343917
8.70760605318440
9.51509859561349
10.2865683587665
10.8364863528262
11.1559155584352
11.2466740115160
11.0839940264348
10.7156741523383
10.1570483210117
9.38878758019315
8.47738099511020
7.53233984269732
6.61523886100486
5.78063082465747
5.12125813170300
4.73010380473183
4.62308671229594
-12.7854037130884
-12.5897724151590
-12.4277001252929
-12.3445122996001
-12.3958338588754
-12.5493482825048
-12.8878766206069
-13.5740105330507
-14.6628382792864
-16.1785747626179
-18.1894766912947
-20.7353451386890
-23.7518840440295
-27.0822436553569
-30.5087358594313
-33.7027087966351
-36.4109216283364
-38.4729534947405
-39.5552589733448
-39.2583456915936
-37.5409612223444
-34.6511848251113
-30.8710996714797
-26.7420981474151
-22.5365222497592
-18.1481180464670
-13.9177665843225
-10.3133745282625
-7.39321095953506
-5.09283187461152
-3.21643166539998
-1.22326119385709
0.928865208344535
2.77716934237046
4.31557567471073
5.54820435070725
6.41062997703204
7.13181339330086
7.67136231156342
7.78411149504848
7.59831619589010
7.39872735884603
7.39542322972361
7.94946882832181
9.12765245889553
10.6069364080324
12.2693997719480
13.9386491114999
15.4691944667906
16.9795597903690
18.3212927348176
19.2069977150664
19.6459397900671
19.7476936262291
19.6480672510392
19.6771809579857
19.9027222233613
20.1017846695130
20.3118594395073
20.5852793098387
20.8650625852162
21.1861348579421
21.4355496560620
21.3435718860912
20.8479154026672
20.0010370240965
18.7319656991273
17.0033350503066
14.8520742482679
12.3151303429277
9.53661023047884
6.78022142631443
4.18214412184071
1.78754499382062
-0.220939097700051
-1.64284646892017
-2.48990661971998
-2.92217465852784
-3.16261771468806
-3.61657696140229
-4.49371297079067
-5.76684756162004
-7.69495995845415
-10.6065162619756
-14.4483775503875
-18.9535446758259
-23.7486393612936
-28.1455199039630
-31.8081106103315
-34.8036642896422
-36.7351617023405
-37.1124182784407
-35.9145082969545
-33.2986773525817
-29.6073956005726
-25.6033113808106
-21.5288753681556
-17.0971901427530
-12.5889438665893
-8.35242544941271
-4.45004090990887
-1.05062790462106
1.93844739637363
4.95752203570825
7.88524694686752
10.1716656183879
11.6114745964516
11.9116235698867
11.0051125833007
9.35639674086622
7.13300463456018
4.46660445685980
1.70301947638102
-0.920629523762285
-2.93315652672025
-3.61256893449845
-2.86915575195677
-1.14501311836609
1.24151806018975
3.64789962394029
5.80249729644823
8.06730763807346
10.1646888316598
11.6340221462833
12.5012968176182
12.8148272471718
12.8270079217433
13.2144473705803
14.0403233182468
14.8208905422875
15.5511028183667
16.1873766563721
16.6344120750119
17.1242132294474
17.5529960321368
17.5799306067898
17.2289644709538
16.6330931265556
15.8328028052578
15.0010342019937
14.1665902883337
13.1483104070581
11.9504482220987
10.6110603855916
9.11010448802268
7.51792437779033
5.84323062090028
4.03247767697978
2.10503414935702
0.0892343400666619
-2.00512408362225
-4.14400158598204
-6.31633460473085
-8.53972863531362
-10.8097373605837
-13.1221805910806
-15.4489828347653
-17.7174994243404
-19.8643213241743
-21.8143832011592
-23.4965376457417
-24.8657820740517
-25.8414758488017
-26.3244206849042
-26.2855209568119
-25.7468039801575
-24.7354138700809
-23.3272764144700
-21.5499204037896
-19.3636104838185
-16.8098438379304
-13.9535053790744
-10.8652736931712
-7.68037661258906
-4.51857201075204
-1.49430535997630
1.20471287389556
3.34816127486577
4.68335672814197
4.90529027708826
3.99920097830220
2.27382856591434
-0.000821335248803343
-2.38612712384070
-4.55437330861286
-6.43629487941316
-7.60346839693934
-7.46999197928031
-5.98994441639622
-3.45925713958473
-0.222448886093344
2.99698082986433
5.93921436894620
8.93372387386279
11.7028542145324
13.8508062585120
15.3967646918691
16.3454891623830
16.9491290372487
17.8740443980997
19.1880119665113
20.4541676128532
21.6911969161971
22.8752456361111
23.9084479433532
24.9692522658450
25.9110461337705
26.3385252930129
26.2304848412792
25.7105335597712
24.7675737461442
23.5028630878902
21.9586168787435
20.0275643165918
17.7972772349785
15.4496300152197
13.0498922114682
10.6740917539774
8.43414466020675
6.40704030070292
4.59358208463247
2.90959757293024
1.21913242199302
-0.707017184508481
-3.00065667143852
-5.67511897709384
-8.90189375663916
-12.8977541363048
-17.5950135665151
-22.7234022285091
-27.9565017280771
-32.7460786838177
-36.7710840728375
-40.0021446412778
-42.0567796064230
-42.4608417099051
-41.1910751352274
-38.4660871367111
-34.6276736900921
-30.3876635840654
-26.0362907264084
-21.3856732211241
-16.7904990802402
-12.7096856134634
-9.22198191130420
-6.38436914895812
-4.04643628534372
-1.68280887178585
0.661870226239546
2.43405183246447
3.52224741516765
3.78043573094350
3.15283450843597
2.04097082251124
0.545501881711945
-1.35610107784367
-3.35873205670922
-5.12374126356427
-6.21374497858991
-5.96087519542011
-4.27411790329246
-1.64202570134997
1.63200378388778
4.99145957886777
8.13470093240946
11.3196974658139
14.2188056632348
16.2928182866483
17.5474199141701
18.1192173373994
18.2870593538629
18.7532793811218
19.6303924655994
20.4410382317412
21.2418738314079
22.0956301711057
22.9042231394530
23.8211368890095
24.6751998348397
24.9973031834515
24.7530877537987
24.1216512471850
23.0837876327724
21.7271339139259
20.0952957988412
18.0483247683025
15.6717329696950
13.1722088213603
10.5935841936111
7.96940591016821
5.38134747915120
2.85948081566122
0.419919695248109
-1.92782127649864
-4.24750261392195
-6.66939800929501
-9.23318124431894
-11.9062920502614
-14.7451327943871
-17.8138655346995
-21.0397442038457
-24.2614969934792
-27.2659868922437
-29.7161723111652
-31.4045823862189
-32.2724681699839
-32.0767330429250
-30.5321883889189
-27.6686938730029
-23.7321976393128
-19.0462029045382
-14.1890380081521
-9.49775502571842
-5.00693298110619
-1.14781981118951
1.53639125250437
2.97338781236557
3.33460823309892
2.90680344562553
2.35683496097137
1.87008337683844
1.08779527043702
0.213357177893083
-0.465718195094590
-0.948097375885498
-1.11680563586461
-1.10189251135290
-1.36724872353884
-1.83079413460270
-1.99768126814580
-1.69105226649221
-0.636774171793655
1.24360801865723
3.54727668712267
6.17021667038584
9.06498468860234
12.0000450389435
14.8645832216660
17.3594380982273
18.9790743559488
19.6732441494958
19.7434414340568
19.3938033699074
19.0507925569161
18.8749238787550
18.5835698277466
18.3201028261583
18.3380255138726
18.5761099273948
18.9760843249733
19.3259327619957
19.1279821576809
18.2709914504724
16.9703577078110
15.1321316044567
12.6812089668771
9.70247300333200
6.22031070411320
2.47049284195726
-1.07636295876908
-4.22577220782221
-6.95881455264433
-9.02621218518727
-10.1825929021379
-10.4687171192602
-10.0937527545117
-9.40782450701871
-9.04352723761338
-9.33887817170762
-10.3147363187823
-12.4030300627596
-16.1300786350400
-21.4032814770533
-27.7330530868663
-34.4730450810528
-40.4725026285583
-45.1192986318292
-48.4504569032424
-49.7285544004941
-48.0346201615603
-43.4049895307823
-36.3683989262166
-27.7425765235616
-19.1465993403481
-11.2803835001829
-3.82233840781850
2.39153612094324
6.31363814991924
7.90740078117723
7.40256731815612
5.50222253618856
3.86015846451794
2.87151567120878
1.72592735890691
0.830532491777346
0.662200789146612
1.14420606342216
2.51448507571621
4.35182407052485
5.46869757864488
5.84078607926531
6.24820993288619
6.76614690129611
7.65560531229643
9.05435606124447
10.4218084178771
11.8396313697330
13.7049196874452
15.8649773453370
18.1137936377414
20.2541436490596
21.8133771352648
22.7326667782516
23.3841612701688
23.8575771183211
24.3103789751900
24.8530921579720
25.2788450462354
25.6634431044361
26.2186823131045
26.8819851525231
27.5425923668196
28.0464931598172
28.0558086286636
27.4560624631201
26.3532946922581
24.6385915776475
22.1938836463895
19.0725130867782
15.3520169998017
11.2322078647433
7.09730198489342
3.13984026331413
-0.604333616489872
-3.88268296946459
-6.41123886958175
-8.18051619992309
-9.34316947295247
-10.1430978185594
-11.0644657409712
-12.3166767526451
-13.7970521683922
-15.7635428872895
-18.5472324715603
-22.0876161102599
-26.1564085829743
-30.3803506347453
-34.0416187466326
-36.8407277318948
-38.9157774750052
-39.9301599813631
-39.4828771590360
-37.5963500303039
-34.4066699539018
-30.2760778188190
-25.9825388232509
-21.7950633084917
-17.5063402353725
-13.4356968124557
-9.95213062127893
-7.10103331472320
-4.95279568811460
-3.32067360073273
-1.64453094082681
0.0912674963056336
1.45549783294493
2.43358884076309
2.97654830406312
3.04864534395315
2.95030771521829
2.69996351776226
2.14897501516762
1.49864029711150
1.06458110757551
1.14437795113662
2.20723047866258
4.30950611731005
7.02621562347464
10.1241968928558
13.2271078777983
16.0593273988753
18.7114845192877
20.8652077174455
22.0140831034862
22.1549578649268
21.5152367885599
20.3802794600928
19.3840523400147
18.7157244430868
18.0479624084767
17.5569669852235
17.4833679602110
17.7718142934203
18.4377696856320
19.2534039557541
19.6558789426716
19.5411632224455
19.1466078671696
18.3744920541895
17.1662571868633
15.5704907183532
13.5067916899791
11.1353764395655
8.83929513256146
6.69600168535137
4.61398257670032
2.68905283529703
0.972180248731924
-0.565015793077835
-1.91429994162420
-3.22330320693187
-4.79650045963472
-6.73486966088146
-9.00282444314039
-11.7288763766454
-15.0355862414046
-18.8566494857546
-23.0283500519327
-27.2776828507169
-31.1351278069161
-34.3413833512176
-36.8507632848307
-38.3440901720840
-38.4474749238030
-37.1391120333278
-34.5963539758073
-31.1065561100902
-27.2584547937009
-23.2974249204886
-19.0804845408840
-14.9107389305228
-11.1791743283277
-7.96092346484975
-5.30810527274485
-3.10462387039207
-0.924580636551009
1.18166168377907
2.73437347778762
3.62246694579986
3.70536082436957
2.95133950805710
1.74924076259660
0.237080631746355
-1.52744589231015
-3.22293815341464
-4.52566067356398
-4.98445793974146
-3.93380732344555
-1.30618318653030
2.38299044569878
6.76689933239453
11.1874945834651
15.2714809052186
19.2235474612709
22.6183935517393
24.8073510936005
25.7883441644647
25.7788389603062
25.1517711500270
24.7806147501811
24.8732794864208
24.9391911423548
25.1568202046807
25.7522632586138
26.6201340455247
27.8160644785931
29.0324038387814
29.5289998806694
29.1655640311797
28.2046617945460
26.5117320309223
24.0271537017961
20.8450320335761
16.9418885715532
12.6126089559374
8.45796097537767
4.70311216445680
1.35639486540701
-1.28644500682186
-2.94937314870426
-3.66193992200086
-3.61046010129679
-3.17064280273379
-3.04837167760576
-3.57862012506912
-4.72261826822896
-6.90488312413662
-10.6361190476929
-15.8382493078936
-22.1095326412392
-28.8524649516528
-34.9595635010403
-39.9049087936978
-43.8114633485180
-46.0576436876312
-45.8807302801278
-43.3080449701523
-38.6936023647484
-32.7027383319358
-26.7089119756446
-21.2374858814240
-15.9394007114561
-11.4333694871313
-8.47374377796006
-7.08249073306899
-7.18493081086259
-8.26929839422236
-9.07493169004015
-9.36491881147019
-9.81568182775006
-10.2012281693376
-10.2905685650089
-10.1409166769302
-9.44128061175296
-8.41565973195806
-7.80800325740372
-7.52745563242572
-6.98539537143188
-5.99382712565234
-4.16930875399297
-1.42626164694862
1.68239877034378
5.04842768579720
8.65588378822749
12.2313983286728
15.6614942986665
18.6121734271930
20.4888008640299
21.2574468122297
21.3147635798183
20.9285381646124
20.6299814785402
20.6628680976171
20.7658799210660
21.1839339862051
22.3079176314944
24.0705136320610
26.3072600726792
28.6891679805690
30.5035507826744
31.5196696589131
31.9658089462084
31.5997336970888
30.1515537676948
27.6871116575860
24.2889975106051
20.2974643122439
16.4296440796380
12.9424941056235
9.71721748167731
7.06670118522912
5.32362570144110
4.44991585560548
4.30132334230250
4.49721308282411
4.26226167791256
3.30275488142282
1.77016123818933
-0.689872772473871
-4.48461829957822
-9.53178971242789
-15.5733726442164
-22.0969814912836
-28.1092589899560
-33.1940881367240
-37.4978611659182
-40.5318672145270
-41.7284945311305
-41.0790707595278
-38.7310772748178
-35.1349755266382
-31.2971262763345
-27.5228136208822
-23.4560806044319
-19.4532573970086
-15.9314347923616
-12.9381203710751
-10.6369933070575
-8.83644624113262
-6.88103342725719
-4.83377593131012
-3.30747312390092
-2.44161910453297
-2.46770968391836
-3.43912584482858
-4.83790408077030
-6.52347241897153
-8.47455671632042
-10.3252785840438
-11.7315727150605
-12.1914756717907
-10.9300522698184
-7.89001927928110
-3.69786934004905
1.20756509185300
6.04883768347310
10.3719055894383
14.3927535095973
17.5967157008176
19.2072321289090
19.2503794066404
18.0647548079980
16.1692696826838
14.6970005186591
14.0046934279371
13.6116589725144
13.8788039212970
15.2597808823479
17.6537013975467
20.9973591961801
24.8075133238348
27.9881568337680
30.2480701611464
31.9350120913214
32.7318303785652
32.3431401248931
30.8300395539237
28.1628781512149
24.7320739229642
21.4281181951882
18.4815904511849
15.6453935221363
13.1957131107100
11.3808989604181
10.1489157164679
9.48451393689019
9.03309657592359
8.02231246958561
6.23856448939839
3.89746068321118
0.752795091592061
-3.42878800956798
-8.55039487341838
-14.4829164045735
-20.7997564489967
-26.6662279433998
-31.7528174719222
-36.1467449319297
-39.4550731632702
-41.2596206403603
-41.5288425733034
-40.3201594323509
-37.9530350703794
-35.1701096229582
-32.1748192687374
-28.6833586807605
-24.9435058367118
-21.2413593417034
-17.6349954212273
-14.3176631893100
-11.2149383012360
-7.93376088991375
-4.61971040143501
-1.81180131507975
0.251706836190598
1.23086003299296
1.04772504291773
0.164537040514632
-1.24507604028881
-3.01552733412747
-4.81033812801854
-6.44586341154787
-7.46732411036422
-7.16955566552657
-5.47859596900443
-2.81985714512593
0.482037598306222
3.76586026095476
6.76879010454912
9.86759203835270
12.8032082020802
15.1505458956652
16.9252057515220
18.1161472986447
18.9319179075099
19.9856725074211
21.2951759222051
22.3750961261847
23.1717576322988
23.5748556147513
23.5017121248967
23.2467307983109
22.7818427471660
21.9004199973989
20.7055755084981
19.3393390168354
17.9406681267857
16.8055141108140
15.9761102553462
15.2266646781271
14.4894121264803
13.6418615025164
12.6092063482002
11.5274019716016
10.3396871152414
8.90379829800089
7.24322321037771
5.39461683600398
3.42959715615344
1.53672336045902
-0.254615780529718
-2.06329467380666
-3.87891387275266
-5.69886115451391
-7.54928593377443
-9.38421017694773
-11.2444788803556
-13.2410980537220
-15.3927197870304
-17.6872005619320
-20.1520374127077
-22.7913631862685
-25.5391644208381
-28.2734172925750
-30.8228895252501
-32.9365911427564
-34.4207791516226
-35.1453840978840
-34.8611706276511
-33.2762003078723
-30.3963293254055
-26.4831398640716
-21.8288726643648
-16.9423803059630
-12.1357599647541
-7.42870194340101
-3.21852876049838
-0.0260055270634940
2.07238420171072
3.22211339508337
3.66227685434146
3.97882406821153
4.30336432810350
4.25247571776131
3.95420760359171
3.60363555033545
3.19258206849896
2.88850831214712
2.62253890140791
2.05384676437122
1.31230139626960
0.843271379278420
0.876769978644468
1.76183333102379
3.57731122266825
5.91781260373302
8.63650022980981
11.5708790428766
14.4794009231831
17.3333074413521
19.8328813388677
21.4779556656960
22.2209317371386
22.2975438714697
21.9021302956888
21.4838637870961
21.1617902024471
20.5955798066198
19.8722587423125
19.1565610060688
18.4125140651790
17.7341641771444
17.0314111925041
15.9822707363969
14.6242954048971
13.2324557138883
11.8959961665435
10.7822313390494
9.94367118797628
9.15813557505789
8.39584574754215
7.67277320157415
6.90205138478561
6.07533381598713
5.09371709035106
3.75337046168294
2.01632091806404
-0.0553355371749195
-2.44983687705179
-5.08860193357879
-7.99226507958997
-11.3372680120574
-15.1783530002479
-19.5523763593824
-24.3811187548220
-29.3499503838653
-34.1928270885564
-38.5917467269849
-42.1849943443684
-44.6828928665259
-45.6149700055902
-44.3789614545245
-40.9478238210203
-35.8171822995966
-29.4611407246256
-22.7168088157964
-16.0928525214503
-9.54578205549315
-3.71205316909169
0.537854319160149
3.10400505365902
4.23942802450959
4.35716147504450
4.46471433197861
4.78090245172365
4.64470036435511
4.25270565315147
3.89874084099462
3.53758573040664
3.42514677312489
3.40066678747481
2.83675666666962
1.88040412717436
1.18149420415452
1.02337051072393
1.87702944840992
3.86115473550761
6.40228516176982
9.34867833877639
12.5836362672077
15.8154380172568
19.0121338592239
21.8214072596162
23.6133788045699
24.3467473992587
24.3623539532919
23.9155587040740
23.5692377998090
23.5011326383304
23.3209352101036
23.1695382836289
23.2966410276569
23.6215298700034
24.1367801935514
24.6144517554804
24.4922282698072
23.6652171769600
22.3722814666629
20.5268796499984
18.0881269129471
15.1454359956475
11.6880095493745
7.95068632738620
4.40764868640651
1.24791761319592
-1.49648753997855
-3.57639690904539
-4.75810707174638
-5.07210571792906
-4.70770364629361
-3.99685417043744
-3.54289351662189
-3.66165282014698
-4.36245192485498
-6.05035048624037
-9.21948848058042
-13.8193421328275
-19.4737211257917
-25.6567603315241
-31.3907707828250
-36.2080018667948
-40.2347981464318
-42.9170997932375
-43.5608214168567
-42.1537035691353
-38.9355182571164
-34.4152134908074
-29.7116734054998
-25.1801998269369
-20.4020077022172
-15.7779850171590
-11.7995575998456
-8.50173314972141
-6.02899986033831
-4.13326234921132
-2.02707632112924
0.262601009085478
2.07491069937036
3.30748988023640
3.76639543676489
3.37288558375821
2.61371153581710
1.54650545545314
0.0365444706188630
-1.62367050797511
-3.09682010148517
-3.97258053751077
-3.57590750407736
-1.82144178676230
0.776275755550130
3.93452226401072
7.14447241024614
10.1099837494918
13.0747088597468
15.7220271588320
17.5179639169164
18.4763434624661
18.7609878767370
18.6575068352371
18.8621293737563
19.5145953769898
20.1840994676638
20.9672187169732
21.9801859619925
23.1206085197430
24.4654264274050
25.7854445859047
26.5274777448740
26.5831560774975
26.1039268768140
24.9764122641256
23.1596341777054
20.7181006023438
17.6500450632081
14.1861906856498
10.7791862548707
7.62333006255094
4.76154106883226
2.45756323703057
0.976492766900342
0.299858833477627
0.231193949640529
0.446611117419190
0.347678638985371
-0.358556328936192
-1.62676479031179
-3.82155688161329
-7.39477808279522
-12.2833478156443
-18.1501294264050
-24.4945843640010
-30.3772912456556
-35.3635425975727
-39.5804490829538
-42.5183922518911
-43.5513455999332
-42.6575424341851
-40.0141550185272
-36.0647602576280
-31.8115679906254
-27.5530887549659
-22.8946173230585
-18.1765372359244
-13.8111818744344
-9.85344341820290
-6.51099591398961
-3.63458422321773
-0.620884226070538
2.41034472055292
4.80136774948161
6.33649349667033
6.68653294164278
5.77590360257842
4.16492359410914
2.03235437855552
-0.515067257677812
-3.08021942445039
-5.37063628800383
-6.84792431093237
-6.67671889450106
-4.76512731697642
-1.66529396866381
2.23338854812804
6.17234150106971
9.79745122859385
13.4809431013729
16.8489978878910
19.2998139573015
20.8413811566677
21.5577448801448
21.7545694786438
22.2497146247030
23.1333965264257
23.8192810738477
24.3257455517195
24.6476132548910
24.6880340946242
24.7325521769569
24.6719806229337
24.0997048144791
23.0828281417873
21.8628847784559
20.5494535874248
19.4181739200044
18.4985822301758
17.4626423568039
16.2252527759593
14.7045267111172
12.7605027514266
10.4247006046829
7.55656300773823
3.88790168064774
-0.535091116691727
-5.47350025491101
-10.7031908006913
-15.8193174230505
-20.5928570038976
-25.0498768798939
-28.9263806760696
-31.8793357022152
-33.8444830251079
-34.8494098100591
-35.0102504601821
-34.6753443049337
-33.8945832477537
-32.4133181432569
-30.2872681001113
-27.6019916897614
-24.3942951814684
-20.8827221828027
-17.1424345685400
-13.1305202326783
-9.07779855437381
-5.36546009481884
-2.33025374397925
-0.426330212820856
0.253637954245450
0.0767104149320337
-0.743926483427342
-1.85337533162202
-2.98139569134518
-4.18746324319923
-5.12863933725712
-5.26688092423431
-4.56335985305277
-3.22310945764976
-1.48852762208008
0.0611307262655952
1.31360013218809
2.71092751874805
4.19149725800992
5.64158582539710
7.13269629404659
8.52719295921857
9.94821361425137
11.7890032431517
14.0240632532289
16.3909033317152
18.8134262663819
21.1073753774513
23.1696923985831
25.1296077666293
26.8876959570067
28.2504278552626
29.1408031724891
29.4217431897990
28.9704323972776
27.7288306714817
25.7037274709797
23.0180361047043
19.8470575800591
16.4548677216566
13.0566197485020
9.78493604133273
6.94188236665437
4.90849449461544
3.70525836649583
3.05824515604921
2.67582970967960
2.01589449771839
0.815928031210238
-0.788705548974240
-3.10276672836475
-6.54688646088933
-11.0306912396575
-16.2360651309128
-21.6870411762427
-26.4825361906382
-30.2201646840826
-33.0333737694093
-34.4651498052296
-33.9677706562112
-31.5807959306157
-27.5543938548667
-22.4096272921391
-17.2172791673395
-12.4052560487504
-7.76752950843805
-3.82496039127380
-1.19847104540355
0.0727133240879899
0.0684482023499487
-0.807090895689112
-1.56598791512929
-2.00994494566823
-2.66940956597539
-3.34497818851533
-3.81264361597881
-4.10889973623030
-4.00313675118203
-3.67490448551047
-3.72724646349867
-4.07537362958298
-4.19830161159330
-3.91848794129096
-2.90430623090173
-1.07403540728574
1.10546229444032
3.53787046233350
6.20009326823804
8.85711345609789
11.4176577002012
13.5912805314474
14.8620926111272
15.1945259532862
14.9151559539908
14.2431875137419
13.6258020846122
13.2496754140612
12.8578563524508
12.6270348788967
12.8511611863825
13.4875820789273
14.4756497263754
15.6062287766445
16.3737270337094
16.6682490791245
16.7263174889350
16.4512156854174
15.7553705329902
14.6761569689577
13.1344415711430
11.2606613201985
9.39552990167296
7.58926284877308
5.72374582465124
3.85736327185562
2.00427884454114
0.139395627977310
-1.68535685779370
-3.56526468418330
-5.71893938680881
-8.19122234895166
-10.9343021934522
-14.0049935233811
-17.4340113716364
-21.1343838301721
-24.9588168776435
-28.6647917619572
-31.8687133410769
-34.3228941288986
-35.9081400679797
-36.3148466742915
-35.1893432047708
-32.5372585332733
-28.6366305024294
-23.8397851331512
-18.7842450163589
-13.8317027063024
-8.98070925386922
-4.69405933603127
-1.56908377633701
0.322482451105871
1.16059941312050
1.25797190024596
1.35263148867509
1.62637844910964
1.64471785778640
1.59019315160762
1.72232431722553
2.01007912112261
2.58163589697279
3.27302877987107
3.55700843960397
3.48916711979050
3.53990628653553
3.85372173641539
4.68663280255854
6.11961408532271
7.77481619489431
9.59265263609543
11.5981188069206
13.6167659589300
15.5767529998670
17.2623634489326
18.2711274450589
18.5710086091646
18.4129967377148
17.9476263249272
17.4889058052515
17.1575458479124
16.7322412241997
16.3130278389400
16.0856941992272
16.0114160458828
16.0713713414098
16.1333281376621
15.8611795017519
15.1957688573427
14.3025267666208
13.1368169105045
11.6743122789470
9.96067692312208
7.95854223932414
5.77834844981814
3.66756625474680
1.69738584320664
-0.150553021527804
-1.78386485506875
-3.13411365066461
-4.22209181013455
-5.09818759612250
-5.90139114313357
-6.88962820929976
-8.18804565744278
-9.80600903902441
-11.9064149509203
-14.6762669274279
-18.0806504468620
-21.9433837636389
-26.0186811676308
-29.8696467465963
-33.2654324777475
-36.2163725734845
-38.4428163067151
-39.5991397711025
-39.6461104543536
-38.6738772415724
-36.8786047715061
-34.7225006021141
-32.3311342499021
-29.4762073993375
-26.2990603206746
-22.9859121912358
-19.5758227216903
-16.2246853929585
-12.9191689796999
-9.44690398207843
-5.94837862364524
-2.81086864867934
-0.253160218448539
1.42163880237213
2.14127483787559
2.23571868106308
1.84385929349429
1.13758728926204
0.350822294324091
-0.453940550731266
-0.966840623796653
-0.698781996023235
0.405352675239733
2.10717489521873
4.20838006107206
6.26237004214161
8.14531724392814
10.1911125667884
12.3032989702889
14.3012189030953
16.2162780587653
17.9605401866552
19.6253103273426
21.5382228030856
23.6541595726410
25.6707152560032
27.4817612044933
28.9017489237172
29.8663179941263
30.6051108879410
31.1445103670838
31.4634014436825
31.6447640596875
31.6817976354860
31.6677021743889
31.8067635452085
32.0950633828228
32.3915967696153
32.6023132817864
32.5375638155512
32.1229487114522
31.4693642760335
30.5169137906090
29.1670486371798
27.4362856422118
25.3256801244672
22.9040941651724
20.3507467389774
17.7029059972200
14.8886290383658
11.9471140008316
8.90968373585352
5.78681048168169
2.64631943500882
-0.514299042044383
-3.75563735796681
-7.04270416694576
-10.2926620897351
-13.4610864460153
-16.4775502766570
-19.2734316681568
-21.8109511668652
-24.0036381447542
-25.7361004335508
-26.9005776543031
-27.3658275327205
-27.1137220084128
-26.2593403699697
-24.5769958778631
-21.5533303478617
-18.1564147408587
-16.7205340303511