0
0.0150066769886401
0.0300133539772802
0.0450200309659203
0.0600267079545605
0.0750333849432006
0.0900400619318407
0.105046738920481
0.120053415909121
0.135060092897761
0.150066769886401
0.165073446875041
0.180080123863681
0.195086800852322
0.210093477840962
0.225100154829602
0.240106831818242
0.255113508806882
0.270120185795522
0.285126862784162
0.300133539772802
0.315140216761442
0.330146893750083
0.345153570738723
0.360160247727363
0.375166924716003
0.390173601704643
0.405180278693283
0.420186955681923
0.435193632670563
0.450200309659204
0.465206986647844
0.480213663636484
0.495220340625124
0.510227017613764
0.525233694602404
0.540240371591044
0.555247048579684
0.570253725568324
0.585260402556965
0.600267079545605
0.615273756534245
0.630280433522885
0.645287110511525
0.660293787500165
0.675300464488805
0.690307141477445
0.705313818466085
0.720320495454725
0.735327172443366
0.750333849432006
0.765340526420646
0.780347203409286
0.795353880397926
0.810360557386566
0.825367234375206
0.840373911363846
0.855380588352487
0.870387265341127
0.885393942329767
0.900400619318407
0.915407296307047
0.930413973295687
0.945420650284327
0.960427327272967
0.975434004261607
0.990440681250248
1.00544735823889
1.02045403522753
1.03546071221617
1.05046738920481
1.06547406619345
1.08048074318209
1.09548742017073
1.11049409715937
1.12550077414801
1.14050745113665
1.15551412812529
1.17052080511393
1.18552748210257
1.20053415909121
1.21554083607985
1.23054751306849
1.24555419005713
1.26056086704577
1.27556754403441
1.29057422102305
1.30558089801169
1.32058757500033
1.33559425198897
1.35060092897761
1.36560760596625
1.38061428295489
1.39562095994353
1.41062763693217
1.42563431392081
1.44064099090945
1.45564766789809
1.47065434488673
1.48566102187537
1.50066769886401
1.51567437585265
1.53068105284129
1.54568772982993
1.56069440681857
1.57570108380721
1.59070776079585
1.60571443778449
1.62072111477313
1.63572779176177
1.65073446875041
1.66574114573905
1.68074782272769
1.69575449971633
1.71076117670497
1.72576785369361
1.74077453068225
1.75578120767089
1.77078788465953
1.78579456164817
1.80080123863681
1.81580791562545
1.83081459261409
1.84582126960273
1.86082794659137
1.87583462358001
1.89084130056865
1.90584797755729
1.92085465454593
1.93586133153457
1.95086800852321
1.96587468551186
1.98088136250050
1.99588803948914
2.01089471647778
2.02590139346642
2.04090807045506
2.05591474744370
2.07092142443234
2.08592810142098
2.10093477840962
2.11594145539826
2.13094813238690
2.14595480937554
2.16096148636418
2.17596816335282
2.19097484034146
2.20598151733010
2.22098819431874
2.23599487130738
2.25100154829602
2.26600822528466
2.28101490227330
2.29602157926194
2.31102825625058
2.32603493323922
2.34104161022786
2.35604828721650
2.37105496420514
2.38606164119378
2.40106831818242
2.41607499517106
2.43108167215970
2.44608834914834
2.46109502613698
2.47610170312562
2.49110838011426
2.50611505710290
2.52112173409154
2.53612841108018
2.55113508806882
2.56614176505746
2.58114844204610
2.59615511903474
2.61116179602338
2.62616847301202
2.64117515000066
2.65618182698930
2.67118850397794
2.68619518096658
2.70120185795522
2.71620853494386
2.73121521193250
2.74622188892114
2.76122856590978
2.77623524289842
2.79124191988706
2.80624859687570
2.82125527386434
2.83626195085298
2.85126862784162
2.86627530483026
2.88128198181890
2.89628865880754
2.91129533579618
2.92630201278482
2.94130868977346
2.95631536676210
2.97132204375074
2.98632872073938
3.00133539772802
3.01634207471666
3.03134875170530
3.04635542869394
3.06136210568258
3.07636878267122
3.09137545965986
3.10638213664850
3.12138881363714
3.13639549062578
3.15140216761442
3.16640884460306
3.18141552159170
3.19642219858034
3.21142887556898
3.22643555255763
3.24144222954627
3.25644890653491
3.27145558352355
3.28646226051219
3.30146893750083
3.31647561448947
3.33148229147811
3.34648896846675
3.36149564545539
3.37650232244403
3.39150899943267
3.40651567642131
3.42152235340995
3.43652903039859
3.45153570738723
3.46654238437587
3.48154906136451
3.49655573835315
3.51156241534179
3.52656909233043
3.54157576931907
3.55658244630771
3.57158912329635
3.58659580028499
3.60160247727363
3.61660915426227
3.63161583125091
3.64662250823955
3.66162918522819
3.67663586221683
3.69164253920547
3.70664921619411
3.72165589318275
3.73666257017139
3.75166924716003
3.76667592414867
3.78168260113731
3.79668927812595
3.81169595511459
3.82670263210323
3.84170930909187
3.85671598608051
3.87172266306915
3.88672934005779
3.90173601704643
3.91674269403507
3.93174937102371
3.94675604801235
3.96176272500099
3.97676940198963
3.99177607897827
4.00678275596691
4.02178943295555
4.03679610994419
4.05180278693283
4.06680946392147
4.08181614091011
4.09682281789875
4.11182949488739
4.12683617187603
4.14184284886467
4.15684952585331
4.17185620284195
4.18686287983059
4.20186955681923
4.21687623380787
4.23188291079651
4.24688958778515
4.26189626477379
4.27690294176243
4.29190961875107
4.30691629573971
4.32192297272835
4.33692964971699
4.35193632670563
4.36694300369427
4.38194968068291
4.39695635767155
4.41196303466019
4.42696971164883
4.44197638863747
4.45698306562611
4.47198974261475
4.48699641960339
4.50200309659204
4.51700977358068
4.53201645056932
4.54702312755796
4.56202980454660
4.57703648153524
4.59204315852388
4.60704983551252
4.62205651250116
4.63706318948980
4.65206986647844
4.66707654346708
4.68208322045572
4.69708989744436
4.71209657443300
4.72710325142164
4.74210992841028
4.75711660539892
4.77212328238756
4.78712995937620
4.80213663636484
4.81714331335348
4.83214999034212
4.84715666733076
4.86216334431940
4.87717002130804
4.89217669829668
4.90718337528532
4.92219005227396
4.93719672926260
4.95220340625124
4.96721008323988
4.98221676022852
4.99722343721716
5.01223011420580
5.02723679119444
5.04224346818308
5.05725014517172
5.07225682216036
5.08726349914900
5.10227017613764
5.11727685312628
5.13228353011492
5.14729020710356
5.16229688409220
5.17730356108084
5.19231023806948
5.20731691505812
5.22232359204676
5.23733026903540
5.25233694602404
5.26734362301268
5.28235030000132
5.29735697698996
5.31236365397860
5.32737033096724
5.34237700795588
5.35738368494452
5.37239036193316
5.38739703892180
5.40240371591044
5.41741039289908
5.43241706988772
5.44742374687636
5.46243042386500
5.47743710085364
5.49244377784228
5.50745045483092
5.52245713181956
5.53746380880820
5.55247048579684
5.56747716278548
5.58248383977412
5.59749051676276
5.61249719375140
5.62750387074004
5.64251054772868
5.65751722471732
5.67252390170596
5.68753057869460
5.70253725568324
5.71754393267188
5.73255060966052
5.74755728664916
5.76256396363780
5.77757064062644
5.79257731761509
5.80758399460373
5.82259067159237
5.83759734858101
5.85260402556965
5.86761070255829
5.88261737954693
5.89762405653557
5.91263073352421
5.92763741051285
5.94264408750149
5.95765076449013
5.97265744147877
5.98766411846741
6.00267079545605
6.01767747244469
6.03268414943333
6.04769082642197
6.06269750341061
6.07770418039925
6.09271085738789
6.10771753437653
6.12272421136517
6.13773088835381
6.15273756534245
6.16774424233109
6.18275091931973
6.19775759630837
6.21276427329701
6.22777095028565
6.24277762727429
6.25778430426293
6.27279098125157
6.28779765824021
6.30280433522885
6.31781101221749
6.33281768920613
6.34782436619477
6.36283104318341
6.37783772017205
6.39284439716069
6.40785107414933
6.42285775113797
6.43786442812661
6.45287110511525
6.46787778210389
6.48288445909253
6.49789113608117
6.51289781306981
6.52790449005845
6.54291116704709
6.55791784403573
6.57292452102437
6.58793119801301
6.60293787500165
6.61794455199029
6.63295122897893
6.64795790596757
6.66296458295621
6.67797125994485
6.69297793693349
6.70798461392213
6.72299129091077
6.73799796789941
6.75300464488805
6.76801132187669
6.78301799886533
6.79802467585397
6.81303135284261
6.82803802983125
6.84304470681989
6.85805138380853
6.87305806079717
6.88806473778581
6.90307141477445
6.91807809176309
6.93308476875173
6.94809144574037
6.96309812272901
6.97810479971765
6.99311147670629
7.00811815369493
7.02312483068357
7.03813150767221
7.05313818466085
7.06814486164949
7.08315153863814
7.09815821562678
7.11316489261542
7.12817156960406
7.14317824659270
7.15818492358134
7.17319160056998
7.18819827755862
7.20320495454726
7.21821163153590
7.23321830852454
7.24822498551318
7.26323166250182
7.27823833949046
7.29324501647910
7.30825169346774
7.32325837045638
7.33826504744502
7.35327172443366
7.36827840142230
7.38328507841094
7.39829175539958
7.41329843238822
7.42830510937686
7.44331178636550
7.45831846335414
7.47332514034278
7.48833181733142
7.50333849432006
7.51834517130870
7.53335184829734
7.54835852528598
7.56336520227462
7.57837187926326
7.59337855625190
7.60838523324054
7.62339191022918
7.63839858721782
7.65340526420646
7.66841194119510
7.68341861818374
7.69842529517238
7.71343197216102
7.72843864914966
7.74344532613830
7.75845200312694
7.77345868011558
7.78846535710422
7.80347203409286
7.81847871108150
7.83348538807014
7.84849206505878
7.86349874204742
7.87850541903606
7.89351209602470
7.90851877301334
7.92352545000198
7.93853212699062
7.95353880397926
7.96854548096790
7.98355215795654
7.99855883494518
8.01356551193382
8.02857218892246
8.04357886591110
8.05858554289974
8.07359221988838
8.08859889687702
8.10360557386566
8.11861225085430
8.13361892784294
8.14862560483158
8.16363228182022
8.17863895880886
8.19364563579750
8.20865231278614
8.22365898977478
8.23866566676342
8.25367234375206
8.26867902074070
8.28368569772934
8.29869237471798
8.31369905170662
8.32870572869527
8.34371240568390
8.35871908267254
8.37372575966118
8.38873243664983
8.40373911363846
8.41874579062711
8.43375246761575
8.44875914460439
8.46376582159303
8.47877249858166
8.49377917557031
8.50878585255895
8.52379252954759
8.53879920653623
8.55380588352487
8.56881256051351
8.58381923750215
8.59882591449079
8.61383259147943
8.62883926846807
8.64384594545671
8.65885262244535
8.67385929943399
8.68886597642263
8.70387265341127
8.71887933039991
8.73388600738855
8.74889268437719
8.76389936136583
8.77890603835447
8.79391271534311
8.80891939233175
8.82392606932039
8.83893274630903
8.85393942329767
8.86894610028631
8.88395277727495
8.89895945426359
8.91396613125223
8.92897280824087
8.94397948522951
8.95898616221815
8.97399283920679
8.98899951619543
9.00400619318407
9.01901287017271
9.03401954716135
9.04902622414999
9.06403290113863
9.07903957812727
9.09404625511591
9.10905293210455
9.12405960909319
9.13906628608183
9.15407296307047
9.16907964005911
9.18408631704775
9.19909299403639
9.21409967102503
9.22910634801367
9.24411302500231
9.25911970199095
9.27412637897959
9.28913305596823
9.30413973295687
9.31914640994551
9.33415308693415
9.34915976392279
9.36416644091143
9.37917311790007
9.39417979488871
9.40918647187735
9.42419314886599
9.43919982585463
9.45420650284327
9.46921317983191
9.48421985682055
9.49922653380919
9.51423321079783
9.52923988778647
9.54424656477511
9.55925324176375
9.57425991875239
9.58926659574103
9.60427327272967
9.61927994971832
9.63428662670695
9.64929330369559
9.66429998068423
9.67930665767288
9.69431333466151
9.70932001165016
9.72432668863880
9.73933336562744
9.75434004261608
9.76934671960471
9.78435339659336
9.79936007358200
9.81436675057064
9.82937342755928
9.84438010454792
9.85938678153656
9.87439345852520
9.88940013551384
9.90440681250248
9.91941348949112
9.93442016647976
9.94942684346840
9.96443352045704
9.97944019744568
9.99444687443432
10.0094535514230
10.0244602284116
10.0394669054002
10.0544735823889
10.0694802593775
10.0844869363662
10.0994936133548
10.1145002903434
10.1295069673321
10.1445136443207
10.1595203213094
10.1745269982980
10.1895336752866
10.2045403522753
10.2195470292639
10.2345537062526
10.2495603832412
10.2645670602298
10.2795737372185
10.2945804142071
10.3095870911958
10.3245937681844
10.3396004451730
10.3546071221617
10.3696137991503
10.3846204761390
10.3996271531276
10.4146338301162
10.4296405071049
10.4446471840935
10.4596538610822
10.4746605380708
10.4896672150594
10.5046738920481
10.5196805690367
10.5346872460254
10.5496939230140
10.5647006000026
10.5797072769913
10.5947139539799
10.6097206309686
10.6247273079572
10.6397339849458
10.6547406619345
10.6697473389231
10.6847540159118
10.6997606929004
10.7147673698890
10.7297740468777
10.7447807238663
10.7597874008550
10.7747940778436
10.7898007548322
10.8048074318209
10.8198141088095
10.8348207857982
10.8498274627868
10.8648341397754
10.8798408167641
10.8948474937527
10.9098541707414
10.9248608477300
10.9398675247186
10.9548742017073
10.9698808786959
10.9848875556846
10.9998942326732
11.0149009096618
11.0299075866505
11.0449142636391
11.0599209406278
11.0749276176164
11.0899342946050
11.1049409715937
11.1199476485823
11.1349543255710
11.1499610025596
11.1649676795482
11.1799743565369
11.1949810335255
11.2099877105142
11.2249943875028
11.2400010644914
11.2550077414801
11.2700144184687
11.2850210954574
11.3000277724460
11.3150344494346
11.3300411264233
11.3450478034119
11.3600544804006
11.3750611573892
11.3900678343778
11.4050745113665
11.4200811883551
11.4350878653438
11.4500945423324
11.4651012193210
11.4801078963097
11.4951145732983
11.5101212502870
11.5251279272756
11.5401346042642
11.5551412812529
11.5701479582415
11.5851546352302
11.6001613122188
11.6151679892075
11.6301746661961
11.6451813431847
11.6601880201734
11.6751946971620
11.6902013741507
11.7052080511393
11.7202147281279
11.7352214051166
11.7502280821052
11.7652347590939
11.7802414360825
11.7952481130711
11.8102547900598
11.8252614670484
11.8402681440371
11.8552748210257
11.8702814980143
11.8852881750030
11.9002948519916
11.9153015289803
11.9303082059689
11.9453148829575
11.9603215599462
11.9753282369348
11.9903349139235
12.0053415909121
12.0203482679007
12.0353549448894
12.0503616218780
12.0653682988667
12.0803749758553
12.0953816528439
12.1103883298326
12.1253950068212
12.1404016838099
12.1554083607985
12.1704150377871
12.1854217147758
12.2004283917644
12.2154350687531
12.2304417457417
12.2454484227303
12.2604550997190
12.2754617767076
12.2904684536963
12.3054751306849
12.3204818076735
12.3354884846622
12.3504951616508
12.3655018386395
12.3805085156281
12.3955151926167
12.4105218696054
12.4255285465940
12.4405352235827
12.4555419005713
12.4705485775599
12.4855552545486
12.5005619315372
12.5155686085259
12.5305752855145
12.5455819625031
12.5605886394918
12.5755953164804
12.5906019934691
12.6056086704577
12.6206153474463
12.6356220244350
12.6506287014236
12.6656353784123
12.6806420554009
12.6956487323895
12.7106554093782
12.7256620863668
12.7406687633555
12.7556754403441
12.7706821173327
12.7856887943214
12.8006954713100
12.8157021482987
12.8307088252873
12.8457155022759
12.8607221792646
12.8757288562532
12.8907355332419
12.9057422102305
12.9207488872191
12.9357555642078
12.9507622411964
12.9657689181851
12.9807755951737
12.9957822721623
13.0107889491510
13.0257956261396
13.0408023031283
13.0558089801169
13.0708156571055
13.0858223340942
13.1008290110828
13.1158356880715
13.1308423650601
13.1458490420487
13.1608557190374
13.1758623960260
13.1908690730147
13.2058757500033
13.2208824269919
13.2358891039806
13.2508957809692
13.2659024579579
13.2809091349465
13.2959158119351
13.3109224889238
13.3259291659124
13.3409358429011
13.3559425198897
13.3709491968783
13.3859558738670
13.4009625508556
13.4159692278443
13.4309759048329
13.4459825818215
13.4609892588102
13.4759959357988
13.4910026127875
13.5060092897761
13.5210159667647
13.5360226437534
13.5510293207420
13.5660359977307
13.5810426747193
13.5960493517079
13.6110560286966
13.6260627056852
13.6410693826739
13.6560760596625
13.6710827366511
13.6860894136398
13.7010960906284
13.7161027676171
13.7311094446057
13.7461161215943
13.7611227985830
13.7761294755716
13.7911361525603
13.8061428295489
13.8211495065375
13.8361561835262
13.8511628605148
13.8661695375035
13.8811762144921
13.8961828914807
13.9111895684694
13.9261962454580
13.9412029224467
13.9562095994353
13.9712162764239
13.9862229534126
14.0012296304012
14.0162363073899
14.0312429843785
14.0462496613671
14.0612563383558
14.0762630153444
14.0912696923331
14.1062763693217
14.1212830463103
14.1362897232990
14.1512964002876
14.1663030772763
14.1813097542649
14.1963164312536
14.2113231082422
14.2263297852308
14.2413364622195
14.2563431392081
14.2713498161968
14.2863564931854
14.3013631701740
14.3163698471627
14.3313765241513
14.3463832011400
14.3613898781286
14.3763965551172
14.3914032321059
14.4064099090945
14.4214165860832
14.4364232630718
14.4514299400604
14.4664366170491
14.4814432940377
14.4964499710264
14.5114566480150
14.5264633250036
14.5414700019923
14.5564766789809
14.5714833559696
14.5864900329582
14.6014967099468
14.6165033869355
14.6315100639241
14.6465167409128
14.6615234179014
14.6765300948900
14.6915367718787
14.7065434488673
14.7215501258560
14.7365568028446
14.7515634798332
14.7665701568219
14.7815768338105
14.7965835107992
14.8115901877878
14.8265968647764
14.8416035417651
14.8566102187537
14.8716168957424
14.8866235727310
14.9016302497196
14.9166369267083
14.9316436036969
14.9466502806856
14.9616569576742
14.9766636346628
14.9916703116515
15.0066769886401
15.0216836656288
15.0366903426174
15.0516970196060
15.0667036965947
15.0817103735833
15.0967170505720
15.1117237275606
15.1267304045492
15.1417370815379
15.1567437585265
15.1717504355152
15.1867571125038
15.2017637894924
15.2167704664811
15.2317771434697
15.2467838204584
15.2617904974470
15.2767971744356
15.2918038514243
15.3068105284129
15.3218172054016
15.3368238823902
15.3518305593788
15.3668372363675
15.3818439133561
15.3968505903448
15.4118572673334
15.4268639443220
15.4418706213107
15.4568772982993
15.4718839752880
15.4868906522766
15.5018973292652
15.5169040062539
15.5319106832425
15.5469173602312
15.5619240372198
15.5769307142084
15.5919373911971
15.6069440681857
15.6219507451744
15.6369574221630
15.6519640991516
15.6669707761403
15.6819774531289
15.6969841301176
15.7119908071062
15.7269974840948
15.7420041610835
15.7570108380721
15.7720175150608
15.7870241920494
15.8020308690380
15.8170375460267
15.8320442230153
15.8470509000040
15.8620575769926
15.8770642539812
15.8920709309699
15.9070776079585
15.9220842849472
15.9370909619358
15.9520976389244
15.9671043159131
15.9821109929017
15.9971176698904
16.0121243468790
16.0271310238676
16.0421377008563
16.0571443778449
16.0721510548336
16.0871577318222
16.1021644088108
16.1171710857995
16.1321777627881
16.1471844397768
16.1621911167654
16.1771977937540
16.1922044707427
16.2072111477313
16.2222178247200
16.2372245017086
16.2522311786972
16.2672378556859
16.2822445326745
16.2972512096632
16.3122578866518
16.3272645636404
16.3422712406291
16.3572779176177
16.3722845946064
16.3872912715950
16.4022979485836
16.4173046255723
16.4323113025609
16.4473179795496
16.4623246565382
16.4773313335269
16.4923380105155
16.5073446875041
16.5223513644928
16.5373580414814
16.5523647184701
16.5673713954587
16.5823780724473
16.5973847494360
16.6123914264246
16.6273981034133
16.6424047804019
16.6574114573905
16.6724181343792
16.6874248113678
16.7024314883565
16.7174381653451
16.7324448423337
16.7474515193224
16.7624581963110
16.7774648732997
16.7924715502883
16.8074782272769
16.8224849042656
16.8374915812542
16.8524982582428
16.8675049352315
16.8825116122201
16.8975182892088
16.9125249661974
16.9275316431861
16.9425383201747
16.9575449971633
16.9725516741520
16.9875583511406
17.0025650281293
17.0175717051179
17.0325783821065
17.0475850590952
17.0625917360838
17.0775984130725
17.0926050900611
17.1076117670497
17.1226184440384
17.1376251210270
17.1526317980157
17.1676384750043
17.1826451519929
17.1976518289816
17.2126585059702
17.2276651829589
17.2426718599475
17.2576785369361
17.2726852139248
17.2876918909134
17.3026985679021
17.3177052448907
17.3327119218793
17.3477185988680
17.3627252758566
17.3777319528453
17.3927386298339
17.4077453068225
17.4227519838112
17.4377586607998
17.4527653377885
17.4677720147771
17.4827786917657
17.4977853687544
17.5127920457430
17.5277987227317
17.5428053997203
17.5578120767089
17.5728187536976
17.5878254306862
17.6028321076749
17.6178387846635
17.6328454616521
17.6478521386408
17.6628588156294
17.6778654926181
17.6928721696067
17.7078788465953
17.7228855235840
17.7378922005726
17.7528988775613
17.7679055545499
17.7829122315385
17.7979189085272
17.8129255855158
17.8279322625045
17.8429389394931
17.8579456164817
17.8729522934704
17.8879589704590
17.9029656474477
17.9179723244363
17.9329790014249
17.9479856784136
17.9629923554022
17.9779990323909
17.9930057093795
18.0080123863681
18.0230190633568
18.0380257403454
18.0530324173341
18.0680390943227
18.0830457713113
18.0980524483000
18.1130591252886
18.1280658022773
18.1430724792659
18.1580791562545
18.1730858332432
18.1880925102318
18.2030991872205
18.2181058642091
18.2331125411977
18.2481192181864
18.2631258951750
18.2781325721637
18.2931392491523
18.3081459261409
18.3231526031296
18.3381592801182
18.3531659571069
18.3681726340955
18.3831793110841
18.3981859880728
18.4131926650614
18.4281993420501
18.4432060190387
18.4582126960273
18.4732193730160
18.4882260500046
18.5032327269933
18.5182394039819
18.5332460809705
18.5482527579592
18.5632594349478
18.5782661119365
18.5932727889251
18.6082794659137
18.6232861429024
18.6382928198910
18.6532994968797
18.6683061738683
18.6833128508569
18.6983195278456
18.7133262048342
18.7283328818229
18.7433395588115
18.7583462358001
18.7733529127888
18.7883595897774
18.8033662667661
18.8183729437547
18.8333796207433
18.8483862977320
18.8633929747206
18.8783996517093
18.8934063286979
18.9084130056865
18.9234196826752
18.9384263596638
18.9534330366525
18.9684397136411
18.9834463906297
18.9984530676184
19.0134597446070
19.0284664215957
19.0434730985843
19.0584797755729
19.0734864525616
19.0884931295502
19.1034998065389
19.1185064835275
19.1335131605162
19.1485198375048
19.1635265144934
19.1785331914821
19.1935398684707
19.2085465454594
19.2235532224480
19.2385598994366
19.2535665764253
19.2685732534139
19.2835799304026
19.2985866073912
19.3135932843798
19.3285999613685
19.3436066383571
19.3586133153458
19.3736199923344
19.3886266693230
19.4036333463117
19.4186400233003
19.4336467002889
19.4486533772776
19.4636600542662
19.4786667312549
19.4936734082435
19.5086800852322
19.5236867622208
19.5386934392094
19.5537001161981
19.5687067931867
19.5837134701754
19.5987201471640
19.6137268241526
19.6287335011413
19.6437401781299
19.6587468551186
19.6737535321072
19.6887602090958
19.7037668860845
19.7187735630731
19.7337802400618
19.7487869170504
19.7637935940390
19.7788002710277
19.7938069480163
19.8088136250050
19.8238203019936
19.8388269789822
19.8538336559709
19.8688403329595
19.8838470099482
19.8988536869368
19.9138603639254
19.9288670409141
19.9438737179027
19.9588803948914
19.9738870718800
19.9888937488686
20.0039004258573
20.0189071028459
20.0339137798346
20.0489204568232
20.0639271338118
20.0789338108005
20.0939404877891
20.1089471647778
20.1239538417664
20.1389605187550
20.1539671957437
20.1689738727323
20.1839805497210
20.1989872267096
20.2139939036982
20.2290005806869
20.2440072576755
20.2590139346642
20.2740206116528
20.2890272886414
20.3040339656301
20.3190406426187
20.3340473196074
20.3490539965960
20.3640606735846
20.3790673505733
20.3940740275619
20.4090807045506
20.4240873815392
20.4390940585278
20.4541007355165
20.4691074125051
20.4841140894938
20.4991207664824
20.5141274434710
20.5291341204597
20.5441407974483
20.5591474744370
20.5741541514256
20.5891608284142
20.6041675054029
20.6191741823915
20.6341808593802
20.6491875363688
20.6641942133574
20.6792008903461
20.6942075673347
20.7092142443234
20.7242209213120
20.7392275983006
20.7542342752893
20.7692409522779
20.7842476292666
20.7992543062552
20.8142609832438
20.8292676602325
20.8442743372211
20.8592810142098
20.8742876911984
20.8892943681870
20.9043010451757
20.9193077221643
20.9343143991530
20.9493210761416
20.9643277531302
20.9793344301189
20.9943411071075
21.0093477840962
21.0243544610848
21.0393611380734
21.0543678150621
21.0693744920507
21.0843811690394
21.0993878460280
21.1143945230166
21.1294012000053
21.1444078769939
21.1594145539826
21.1744212309712
21.1894279079598
21.2044345849485
21.2194412619371
21.2344479389258
21.2494546159144
21.2644612929030
21.2794679698917
21.2944746468803
21.3094813238690
21.3244880008576
21.3394946778462
21.3545013548349
21.3695080318235
21.3845147088122
21.3995213858008
21.4145280627894
21.4295347397781
21.4445414167667
21.4595480937554
21.4745547707440
21.4895614477326
21.5045681247213
21.5195748017099
21.5345814786986
21.5495881556872
21.5645948326758
21.5796015096645
21.5946081866531
21.6096148636418
21.6246215406304
21.6396282176190
21.6546348946077
21.6696415715963
21.6846482485850
21.6996549255736
21.7146616025623
21.7296682795509
21.7446749565395
21.7596816335282
21.7746883105168
21.7896949875055
21.8047016644941
21.8197083414827
21.8347150184714
21.8497216954600
21.8647283724487
21.8797350494373
21.8947417264259
21.9097484034146
21.9247550804032
21.9397617573919
21.9547684343805
21.9697751113691
21.9847817883578
21.9997884653464
22.0147951423350
22.0298018193237
22.0448084963123
22.0598151733010
22.0748218502896
22.0898285272783
22.1048352042669
22.1198418812555
22.1348485582442
22.1498552352328
22.1648619122215
22.1798685892101
22.1948752661987
22.2098819431874
22.2248886201760
22.2398952971647
22.2549019741533
22.2699086511419
22.2849153281306
22.2999220051192
22.3149286821079
22.3299353590965
22.3449420360851
22.3599487130738
22.3749553900624
22.3899620670511
22.4049687440397
22.4199754210283
22.4349820980170
22.4499887750056
22.4649954519943
22.4800021289829
22.4950088059715
22.5100154829602
22.5250221599488
22.5400288369375
22.5550355139261
22.5700421909147
22.5850488679034
22.6000555448920
22.6150622218807
22.6300688988693
22.6450755758579
22.6600822528466
22.6750889298352
22.6900956068239
22.7051022838125
22.7201089608011
22.7351156377898
22.7501223147784
22.7651289917671
22.7801356687557
22.7951423457443
22.8101490227330
22.8251556997216
22.8401623767103
22.8551690536989
22.8701757306875
22.8851824076762
22.9001890846648
22.9151957616535
22.9302024386421
22.9452091156307
22.9602157926194
22.9752224696080
22.9902291465967
23.0052358235853
23.0202425005739
23.0352491775626
23.0502558545512
23.0652625315399
23.0802692085285
23.0952758855171
23.1102825625058
23.1252892394944
23.1402959164831
23.1553025934717
23.1703092704603
23.1853159474490
23.2003226244376
23.2153293014263
23.2303359784149
23.2453426554035
23.2603493323922
23.2753560093808
23.2903626863695
23.3053693633581
23.3203760403467
23.3353827173354
23.3503893943240
23.3653960713127
23.3804027483013
23.3954094252899
23.4104161022786
23.4254227792672
23.4404294562559
23.4554361332445
23.4704428102331
23.4854494872218
23.5004561642104
23.5154628411991
23.5304695181877
23.5454761951763
23.5604828721650
23.5754895491536
23.5904962261423
23.6055029031309
23.6205095801195
23.6355162571082
23.6505229340968
23.6655296110855
23.6805362880741
23.6955429650627
23.7105496420514
23.7255563190400
23.7405629960287
23.7555696730173
23.7705763500059
23.7855830269946
23.8005897039832
23.8155963809719
23.8306030579605
23.8456097349491
23.8606164119378
23.8756230889264
23.8906297659151
23.9056364429037
23.9206431198923
23.9356497968810
23.9506564738696
23.9656631508583
23.9806698278469
23.9956765048355
24.0106831818242
24.0256898588128
24.0406965358015
24.0557032127901
24.0707098897787
24.0857165667674
24.1007232437560
24.1157299207447
24.1307365977333
24.1457432747219
24.1607499517106
24.1757566286992
24.1907633056879
24.2057699826765
24.2207766596651
24.2357833366538
24.2507900136424
24.2657966906311
24.2808033676197
24.2958100446084
24.3108167215970
24.3258233985856
24.3408300755743
24.3558367525629
24.3708434295516
24.3858501065402
24.4008567835288
24.4158634605175
24.4308701375061
24.4458768144948
24.4608834914834
24.4758901684720
24.4908968454607
24.5059035224493
24.5209101994380
24.5359168764266
24.5509235534152
24.5659302304039
24.5809369073925
24.5959435843811
24.6109502613698
24.6259569383584
24.6409636153471
24.6559702923357
24.6709769693243
24.6859836463130
24.7009903233016
24.7159970002903
24.7310036772789
24.7460103542676
24.7610170312562
24.7760237082448
24.7910303852335
24.8060370622221
24.8210437392108
24.8360504161994
24.8510570931880
24.8660637701767
24.8810704471653
24.8960771241540
24.9110838011426
24.9260904781312
24.9410971551199
24.9561038321085
24.9711105090972
24.9861171860858
25.0011238630744
25.0161305400631
25.0311372170517
25.0461438940404
25.0611505710290
25.0761572480176
25.0911639250063
25.1061706019949
25.1211772789836
25.1361839559722
25.1511906329608
25.1661973099495
25.1812039869381
25.1962106639268
25.2112173409154
25.2262240179040
25.2412306948927
25.2562373718813
25.2712440488700
25.2862507258586
25.3012574028472
25.3162640798359
25.3312707568245
25.3462774338132
25.3612841108018
25.3762907877904
25.3912974647791
25.4063041417677
25.4213108187564
25.4363174957450
25.4513241727336
25.4663308497223
25.4813375267109
25.4963442036996
25.5113508806882
25.5263575576768
25.5413642346655
25.5563709116541
25.5713775886428
25.5863842656314
25.6013909426200
25.6163976196087
25.6314042965973
25.6464109735860
25.6614176505746
25.6764243275632
25.6914310045519
25.7064376815405
25.7214443585292
25.7364510355178
25.7514577125064
25.7664643894951
25.7814710664837
25.7964777434724
25.8114844204610
25.8264910974496
25.8414977744383
25.8565044514269
25.8715111284156
25.8865178054042
25.9015244823928
25.9165311593815
25.9315378363701
25.9465445133588
25.9615511903474
25.9765578673360
25.9915645443247
26.0065712213133
26.0215778983020
26.0365845752906
26.0515912522792
26.0665979292679
26.0816046062565
26.0966112832452
26.1116179602338
26.1266246372224
26.1416313142111
26.1566379911997
26.1716446681884
26.1866513451770
26.2016580221656
26.2166646991543
26.2316713761429
26.2466780531316
26.2616847301202
26.2766914071088
26.2916980840975
26.3067047610861
26.3217114380748
26.3367181150634
26.3517247920520
26.3667314690407
26.3817381460293
26.3967448230180
26.4117515000066
26.4267581769952
26.4417648539839
26.4567715309725
26.4717782079612
26.4867848849498
26.5017915619384
26.5167982389271
26.5318049159157
26.5468115929044
26.5618182698930
26.5768249468816
26.5918316238703
26.6068383008589
26.6218449778476
26.6368516548362
26.6518583318248
26.6668650088135
26.6818716858021
26.6968783627908
26.7118850397794
26.7268917167680
26.7418983937567
26.7569050707453
26.7719117477340
26.7869184247226
26.8019251017112
26.8169317786999
26.8319384556885
26.8469451326772
26.8619518096658
26.8769584866544
26.8919651636431
26.9069718406317
26.9219785176204
26.9369851946090
26.9519918715977
26.9669985485863
26.9820052255749
26.9970119025636
27.0120185795522
27.0270252565409
27.0420319335295
27.0570386105181
27.0720452875068
27.0870519644954
27.1020586414841
27.1170653184727
27.1320719954613
27.1470786724500
27.1620853494386
27.1770920264272
27.1920987034159
27.2071053804045
27.2221120573932
27.2371187343818
27.2521254113704
27.2671320883591
27.2821387653477
27.2971454423364
27.3121521193250
27.3271587963137
27.3421654733023
27.3571721502909
27.3721788272796
27.3871855042682
27.4021921812569
27.4171988582455
27.4322055352341
27.4472122122228
27.4622188892114
27.4772255662001
27.4922322431887
27.5072389201773
27.5222455971660
27.5372522741546
27.5522589511433
27.5672656281319
27.5822723051205
27.5972789821092
27.6122856590978
27.6272923360865
27.6422990130751
27.6573056900637
27.6723123670524
27.6873190440410
27.7023257210297
27.7173323980183
27.7323390750069
27.7473457519956
27.7623524289842
27.7773591059729
27.7923657829615
27.8073724599501
27.8223791369388
27.8373858139274
27.8523924909161
27.8673991679047
27.8824058448933
27.8974125218820
27.9124191988706
27.9274258758593
27.9424325528479
27.9574392298365
27.9724459068252
27.9874525838138
28.0024592608025
28.0174659377911
28.0324726147797
28.0474792917684
28.0624859687570
28.0774926457457
28.0924993227343
28.1075059997229
28.1225126767116
28.1375193537002
28.1525260306889
28.1675327076775
28.1825393846661
28.1975460616548
28.2125527386434
28.2275594156321
28.2425660926207
28.2575727696093
28.2725794465980
28.2875861235866
28.3025928005753
28.3175994775639
28.3326061545525
28.3476128315412
28.3626195085298
28.3776261855185
28.3926328625071
28.4076395394957
28.4226462164844
28.4376528934730
28.4526595704617
28.4676662474503
28.4826729244389
28.4976796014276
28.5126862784162
28.5276929554049
28.5426996323935
28.5577063093821
28.5727129863708
28.5877196633594
28.6027263403481
28.6177330173367
28.6327396943253
28.6477463713140
28.6627530483026
28.6777597252913
28.6927664022799
28.7077730792685
28.7227797562572
28.7377864332458
28.7527931102345
28.7677997872231
28.7828064642117
28.7978131412004
28.8128198181890
28.8278264951777
28.8428331721663
28.8578398491549
28.8728465261436
28.8878532031322
28.9028598801209
28.9178665571095
28.9328732340981
28.9478799110868
28.9628865880754
28.9778932650641
28.9928999420527
29.0079066190413
29.0229132960300
29.0379199730186
29.0529266500073
29.0679333269959
29.0829400039845
29.0979466809732
29.1129533579618
29.1279600349505
29.1429667119391
29.1579733889277
29.1729800659164
29.1879867429050
29.2029934198937
29.2180000968823
29.2330067738709
29.2480134508596
29.2630201278482
29.2780268048369
29.2930334818255
29.3080401588141
29.3230468358028
29.3380535127914
29.3530601897801
29.3680668667687
29.3830735437573
29.3980802207460
29.4130868977346
29.4280935747233
29.4431002517119
29.4581069287005
29.4731136056892
29.4881202826778
29.5031269596665
29.5181336366551
29.5331403136438
29.5481469906324
29.5631536676210
29.5781603446097
29.5931670215983
29.6081736985870
29.6231803755756
29.6381870525642
29.6531937295529
29.6682004065415
29.6832070835302
29.6982137605188
29.7132204375074
29.7282271144961
29.7432337914847
29.7582404684734
29.7732471454620
29.7882538224506
29.8032604994393
29.8182671764279
29.8332738534166
29.8482805304052
29.8632872073938
29.8782938843825
29.8933005613711
29.9083072383598
29.9233139153484
29.9383205923370
29.9533272693257
29.9683339463143
29.9833406233030
29.9983473002916
30.0133539772802
30.0283606542689
30.0433673312575
30.0583740082461
30.0733806852348
30.0883873622234
30.1033940392121
30.1184007162007
30.1334073931893
30.1484140701780
30.1634207471666
30.1784274241553
30.1934341011439
30.2084407781325
30.2234474551212
30.2384541321098
30.2534608090985
30.2684674860871
30.2834741630758
30.2984808400644
30.3134875170530
30.3284941940417
30.3435008710303
30.3585075480190
30.3735142250076
30.3885209019962
30.4035275789849
30.4185342559735
30.4335409329622
30.4485476099508
30.4635542869394
30.4785609639281
30.4935676409167
30.5085743179054
30.5235809948940
30.5385876718826
30.5535943488713
30.5686010258599
30.5836077028486
30.5986143798372
30.6136210568258
30.6286277338145
30.6436344108031
30.6586410877918
30.6736477647804
30.6886544417690
30.7036611187577
30.7186677957463
30.7336744727350
30.7486811497236
30.7636878267122
30.7786945037009
30.7937011806895
30.8087078576782
30.8237145346668
30.8387212116554
30.8537278886441
30.8687345656327
30.8837412426214
30.8987479196100
30.9137545965986
30.9287612735873
30.9437679505759
30.9587746275646
30.9737813045532
30.9887879815418
31.0037946585305
31.0188013355191
31.0338080125078
31.0488146894964
31.0638213664850
31.0788280434737
31.0938347204623
31.1088413974510
31.1238480744396
31.1388547514282
31.1538614284169
31.1688681054055
31.1838747823942
31.1988814593828
31.2138881363714
31.2288948133601
31.2439014903487
31.2589081673374
31.2739148443260
31.2889215213146
31.3039281983033
31.3189348752919
31.3339415522806
31.3489482292692
31.3639549062578
31.3789615832465
31.3939682602351
31.4089749372238
31.4239816142124
31.4389882912010
31.4539949681897
31.4690016451783
31.4840083221670
31.4990149991556
31.5140216761442
31.5290283531329
31.5440350301215
31.5590417071102
31.5740483840988
31.5890550610874
31.6040617380761
31.6190684150647
31.6340750920534
31.6490817690420
31.6640884460306
31.6790951230193
31.6941018000079
31.7091084769966
31.7241151539852
31.7391218309738
31.7541285079625
31.7691351849511
31.7841418619398
31.7991485389284
31.8141552159170
31.8291618929057
31.8441685698943
31.8591752468830
31.8741819238716
31.8891886008602
31.9041952778489
31.9192019548375
31.9342086318262
31.9492153088148
31.9642219858034
31.9792286627921
31.9942353397807
32.0092420167694
32.0242486937580
32.0392553707466
32.0542620477353
32.0692687247239
32.0842754017126
32.0992820787012
32.1142887556898
32.1292954326785
32.1443021096671
32.1593087866558
32.1743154636444
32.1893221406330
32.2043288176217
32.2193354946103
32.2343421715990
32.2493488485876
32.2643555255763
32.2793622025649
32.2943688795535
32.3093755565422
32.3243822335308
32.3393889105194
32.3543955875081
32.3694022644967
32.3844089414854
32.3994156184740
32.4144222954627
32.4294289724513
32.4444356494399
32.4594423264286
32.4744490034172
32.4894556804059
32.5044623573945
32.5194690343831
32.5344757113718
32.5494823883604
32.5644890653491
32.5794957423377
32.5945024193263
32.6095090963150
32.6245157733036
32.6395224502923
32.6545291272809
32.6695358042695
32.6845424812582
32.6995491582468
32.7145558352355
32.7295625122241
32.7445691892127
32.7595758662014
32.7745825431900
32.7895892201787
32.8045958971673
32.8196025741559
32.8346092511446
32.8496159281332
32.8646226051219
32.8796292821105
32.8946359590991
32.9096426360878
32.9246493130764
32.9396559900651
32.9546626670537
32.9696693440423
32.9846760210310
32.9996826980196
33.0146893750083
33.0296960519969
33.0447027289855
33.0597094059742
33.0747160829628
33.0897227599515
33.1047294369401
33.1197361139287
33.1347427909174
33.1497494679060
33.1647561448947
33.1797628218833
33.1947694988719
33.2097761758606
33.2247828528492
33.2397895298379
33.2547962068265
33.2698028838151
33.2848095608038
33.2998162377924
33.3148229147811
33.3298295917697
33.3448362687583
33.3598429457470
33.3748496227356
33.3898562997243
33.4048629767129
33.4198696537015
33.4348763306902
33.4498830076788
33.4648896846675
33.4798963616561
33.4949030386447
33.5099097156334
33.5249163926220
33.5399230696107
33.5549297465993
33.5699364235879
33.5849431005766
33.5999497775652
33.6149564545539
33.6299631315425
33.6449698085311
33.6599764855198
33.6749831625084