7995393
6488067
3997698
1376259
-458750
-1441791
-1638399
-1507325
-1179647
-786430
-655359
-917504
-851967
-786432
-1114109
-1179645
-917504
-1179648
-851966
458752
1441793
2162688
983043
-1769470
-2424830
-2228224
-2621439
-2293760
-1572862
-4390911
8847361
16449538
-12124159
-4194304
-1572863
-1900544
-1310718
-1245182
-589823
-524285
262147
1638400
3866627
6422529
7995393
7536643
5439489
2686976
-262143
-1507328
-1835008
-2162686
-1966078
-2162686
-1835008
-2031613
-2097151
-1966077
-2031615
-2621439
-2752510
-2752512
-2359295
-1507327
131072
65538
-2228223
-4653054
-4653056
-5242879
-5046271
-4390910
-4718592
-3014656
17629186
-4259837
-13500415
-2162685
-4128765
-3538944
-3145726
-2949119
-2359296
-1835005
-1179648
196608
2228225
5046273
6225920
5767170
3342337
327680
-2293757
-4259838
-5242877
-4980736
-4849661
-4128766
-3801085
-3342335
-3604478
-3538941
-3342336
-3604478
-3801088
-3604477
-2555903
-1310719
-262141
-1114111
-4063230
-5308415
-5308413
-5505022
-5439486
-4587519
-7012351
4456450
16384003
1638403
-14811134
-2883583
-4915198
-4587519
-4325376
-3932160
-3997696
-3342334
-2031614
-458749
2228227
4980738
5898241
4521987
1769475
-1310720
-3276800
-4325373
-4915198
-4915197
-4653054
-3866621
-3473406
-3473407
-3211264
-3801088
-4128765
-4128765
-4521983
-4915199
-4194304
-3276797
-2031613
-917504
-1769469
-4325376
-6029310
-6356990
-6225918
-6750205
-6488061
-5373950
-8126461
10289152
8388609
-16121856
-4915200
-4915198
-4128767
-4194304
-3538942
-2949117
-2424829
-1441790
262145
3014656
5898242
7405571
7012354
4456449
983042
-1703933
-2949119
-3473408
-3342336
-3080191
-2359294
-2228221
-2162688
-1703936
-1769471
-1966077
-1638399
-2621438
-3014653
-1572863
-327677
-131071
-327678
524288
1507331
2686976
3473410
2424834
-458750
-1572863
-1507325
-1638400
-1572861
-917501
-3997696
8126464
18808832
-9240576
-3670016
-786431
-1114112
-524288
196609
589824
983042
1900545
3211267
5111810
7864322
9764865
9699328
7602177
4653058
1572865
131074
-1179646
-1966078
-2293759
-2686974
-262143
786433
589826
589827
196609
-196607
-1048576
-1310717
-1441792
-1376256
-1507325
-1638397
-1703935
-1441789
-327679
458755
2031618
1441793
-1769470
-3276800
-3276800
-3604479
-3604478
-2621440
-4390911
1441795
19660803
-7405567
-8454142
-1703933
-3145726
-2490367
-2293760
-2031613
-1572862
-1376255
-327680
1638401
4063234
7340033
8519683
7536640
5373954
2686979
131072
-1441792
-3407870
-3997693
-1179645
458752
655360
1114114
851971
917506
983042
851971
917506
720898
524289
131073
196610
917504
2162688
2621441
3801090
3932162
1507329
-589822
-786429
-786429
-786429
-851965
-262143
-2555903
9437185
19202051
-10223616
-4587517
-983038
-1441790
-1507327
-1048575
-1114110
-458751
-393215
-327678
3604482
7536641
9502721
9175042
6750209
3866624
524291
-1179648
-2490367
-2818046
-2555903
-1638400
-1048576
-1638399
-1572864
-1900542
-2097149
-2359295
-1900542
-2293758
-3014655
-3014655
-2883582
-2293759
-1245184
262147
131074
-1638400
-4128768
-4456446
-3932160
-4259839
-3997695
-3735551
-5832703
15597571
6619139
-17563647
-4128768
-5242878
-4194301
-4390912
-4587519
-5505023
-5111808
-2424829
458753
2752515
5832707
7012353
6881280
4063232
65537
-2097151
-4325376
-5505021
-4980736
-4718589
-4456445
-4128768
-4063229
-3735549
-3735551
-4194301
-3932160
-4587517
-5111808
-5111807
-4325376
-3670016
-2490368
-917502
-1507327
-4259837
-6029311
-5832701
-6160384
-6356991
-5767165
-6488064
-2621437
18415618
-8781823
-15859711
-3932158
-4259837
-3342336
-3080189
-3014655
-2555904
-1769471
-655359
1179650
3932163
6488067
7208962
6881281
4194304
851971
-2162685
-3801087
-4980733
-5242879
-5046270
-4915197
-4587517
-4325374
-4325375
-4521984
-4718590
-5046269
-5439486
-5177342
-4980734
-3997696
-2818047
-1179646
-1310718
-4390912
-6356989
-6488062
-6422528
-6684672
-6750208
-8388607
-4849663
17563651
-7012352
-13238269
-3145728
-5505021
-4718589
-4456448
-4456448
-4456447
-4194302
-3407870
-1835007
524290
3014656
4915201
4784128
2883585
-131071
-2949119
-4718590
-5242879
-4980734
-4194303
-4653053
-4915197
-5373949
-5636095
-5111806
-5177344
-4915197
-5111807
-5111806
-4653053
-4587519
-3276798
-1835005
-131071
524288
-1179647
-3866624
-4259837
-4456447
-4718589
-4587519
-3538944
-7143424
-1507328
17498113
-6750207
-9109501
-1245183
-2686975
-2162687
-1835006
-1441790
-1245183
-458752
917504
2424834
5111811
7602179
8323073
7012353
4390913
1441795
-524288
-1638400
-2097149
-1835008
-1245182
-589823
-65536
131074
-393214
-458749
-524286
-262142
-524286
-655357
-393214
458754
1114112
2228224
3080194
3211266
1441795
-1703933
-2097151
-2949118
-3801087
-3473406
-1179645
-2490366
17235971
12451843
-10616832
589824
-524286
458752
393218
65539
393216
1114113
2162688
3538944
5767169
8650754
10158080
9371648
7012355
3735554
786432
-1114110
-1900541
-1966077
-1638398
-1507327
-1245182
-1245184
-1507328
-1507327
-2097151
-3407871
-3801087
-3407872
-2031613
-786432
65537
786435
2621442
2621443
-262144
-2752511
-2949120
-3080192
-3145728
-3145726
-2490366
-4587517
17104896
4718594
-12910589
-1179646
-3145726
-2424829
-2097151
-2097150
-1507325
-786432
-65535
1769473
4325377
7012355
8126467
7274498
4325377
917505
-458749
-851965
-655357
-262141
-262141
458752
917505
720897
589825
655360
65536
-131072
-65534
0
262144
786435
2097152
3866624
4390913
2818048
196609
-458750
65538
-327679
196609
655361
-2555902
14811136
15269888
-11534333
-1507326
-786432
2
65538
65537
393219
655362
786434
2359298
4390915
6750210
7602176
7798785
6225921
3670017
786435
-1048574
-2621440
-3211263
-2752510
-2883581
-2555902
-2621437
-2490367
-1966078
-2555903
-3735549
-4325376
-4390910
-1966077
327683
1114113
-720895
-3342334
-3276799
-3342336
-3276798
-3080191
-4259840
-1048576
19333121
-5898238
-12517376
-2031613
-3670015
-3407871
-2686975
-2621437
-2031615
-1638398
-1245182
720896
2883586
5308419
7340033
6422531
4325379
1507329
-1638400
-3538942
-4194303
-4063231
-3997694
-3604477
-3080190
-3342336
-3735551
-3997695
-4194302
-3866624
-3145728
-2228222
-1245181
-1900544
-4653055
-7077887
-7798781
-6750207
-4915199
-3211264
-6291453
7143425
15007744
-15859710
-7208957
-4128765
-4063229
-4063231
-3866622
-3080192
-3342335
-3014653
-1966079
-262143
2490368
5242883
5767168
4456448
1441793
-1441791
-3735551
-4718592
-4784126
-4653054
-4259839
-3735550
-4128767
-3735552
-3932160
-4390909
-3932157
-2949120
-2031616
-983040
-1179647
-3670014
-5701630
-5701629
-5505023
-5832703
-4980734
-8191999
4849666
12910592
-17039359
-16646143
-4456445
-6946813
-5701632
-5898238
-5898239
-5505021
-5308416
-4653055
-3538942
-983038
2424834
4849666
4456448
1572867
-2031613
-3932160
-5505023
-6094848
-6094846
-5832702
-5111807
-4784125
-4980733
-4718592
-4849663
-4915197
-5046271
-4259837
-2883583
-1835006
-589821
-2097150
-5177344
-5767166
-5570557
-5898239
-5898238
-4784128
-8192000
-4390910
16973826
-5373950
-13434878
-3407870
-5308413
-4390912
-4259840
-4259837
-3866621
-3604477
-2228223
-393215
1769474
3342339
4390913
3735554
917507
-2097149
-3997696
-5177344
-5439487
-4784126
-4128766
-4128768
-3866623
-3080189
-2818048
-3276797
-3538944
-3670014
-4325374
-3538944
-1769472
786433
3604481
2686979
-393215
-1310718
-1245181
-2883584
-3276800
-2621440
-2293758
-3866624
17367041
7536643
-11862015
131072
-1441792
-655357
-524288
65539
589824
1114112
1835008
2883587
5242880
7733250
7340034
6225920
3801088
1048576
-1769472
-2686975
-3407871
-2752511
-2031614
-1507328
-1048576
-983038
-1245183
-1376256
-1507325
-1638400
-1441791
-1441789
-1179645
-1048576
-393213
655363
1966080
3080195
1835009
-1638399
-2424831
-2228221
-2031613
-1900543
-1572862
-3997695
7012353
19136513
-8716285
-3735552
-262144
-589822
-262141
327683
589826
655361
1441792
2424835
4784131
7405569
8716291
8519680
7340033
4194304
1572867
-1179647
-2883584
-2818045
-1310718
1048579
1703939
1703939
1638401
1114115
720898
65539
-458749
-524285
-589821
-1048574
-1114112
-1114112
-1310717
-917501
1900544
3473411
4587521
4980736
3014657
-131071
-458751
-917504
-589821
-393215
-393214
-3014654
17432577
10551297
-11206656
327680
-1114112
-327678
-262144
131074
1179649
1835010
2424834
3866625
6356995
8716288
10027008
9437187
8388610
5636097
2818049
917507
-131072
-589824
0
589827
589827
786434
1441794
983040
1179648
589827
262144
720897
393219
-131069
-524286
-327677
786432
1835009
3211266
3342337
524291
-1638400
-2228222
-2162685
-2490366
-1441792
-1245182
-3211263
19202049
5111811
-13631487
-1310718
-3014653
-1703936
-2031613
-1769470
-1572863
-1114112
-327680
917506
2818048
5373952
7208960
7208960
5242883
2293760
-524285
-3080191
-3932159
-4128768
-3604478
-3080192
-2949117
-2818046
-2686974
-2883581
-3080190
-3342333
-3407872
-3801087
-3407872
-4128766
-3342334
-2293758
-720893
917504
-851968
-4063231
-4587518
-4849662
-4718590
-5111806
-4128766
-5963775
5373955
17629187
983040
-16711679
-3211263
-5177344
-4194303
-4194303
-3997694
-3801087
-3407869
-2097150
-327680
2490369
4849667
4784128
3211267
917507
-1835008
-3211264
-4456446
-4653054
-4521983
-4128767
-3670014
-3670013
-3538943
-3670014
-4128765
-4063229
-4653054
-4390911
-4587520
-4456445
-4194302
-2424831
-720894
-917501
-3801085
-5767168
-5636094
-5439487
-5505021
-5308414
-4325374
-7077887
8650755
14286848
-16252927
-6422527
-4390910
-4128768
-3866622
-3604479
-3407870
-2883584
-2162685
-327679
1441793
4194307
5832705
5963776
3735552
393219
-2097151
-3670016
-4784125
-4849662
-4915200
-3997696
-3538942
-3211263
-3276800
-3145728
-3211261
-3473406
-3670014
-3997693
-4063232
-4325373
-4259838
-3538943
-2621440
-1179647
-196607
-1703934
-4849664
-5439488
-5963773
-5898237
-6094846
-4915199
-7667709
8519681
12845056
-15794175
-6029310
-4718592
-4784127
-4653054
-4259839
-3997696
-3670014
-2490368
-1376255
917505
3735554
5570561
5308417
3735552
393218
-2555904
-4390912
-5242880
-5177343
-4587518
-3997696
-3473407
-3145726
-3014656
-3211263
-3407872
-3538943
-3801085
-4063232
-4259840
-4063229
-3801088
-3932158
-2686973
-1376256
-196606
851970
-262143
-3080190
-4325375
-4128768
-4521983
-4390910
-3604477
-6160382
5308417
16908289
-12386302
-6946816
-3342336
-3997694
-3670013
-3080191
-2949119
-2752511
-2097149
-589823
1245185
4063234
6225922
6553601
5373952
2752513
-327678
-2031616
-2686976
-3342333
-3014656
-2359294
-1703935
-1703934
-1376253
-786432
-1245182
-786432
-720894
-524285
-327680
-196608
327681
655361
524291
589827
1966081
2818050
4063234
4456448
2097153
-458752
-720895
-720896
-655357
-196606
-720895
-1900542
20512771
4390912
-10944511
393219
-1376255
-589821
-393215
-393214
-393216
327680
1245187
2621442
4456450
6946819
9437184
9175043
7864323
5111808
1703938
-458751
-1572862
-1507327
-1376254
-1245181
-983037
-917501
-720894
-1245181
-1703935
-1900541
-1835005
-1638399
-1572863
-1769472
-1966080
-1703935
-720894
-65536
1179648
1638402
-65534
-3276798
-3604478
-3735551
-3735550
-3604477
-2949119
-4915199
3211264
18939906
-9109502
-7536640
-2162686
-3014656
-2490368
-2293759
-2031613
-1441792
-917504
131072
2424833
4915200
7340032
7471106
6094849
3080194
196609
-2621438
-3997694
-3866622
-3735552
-3342334
-2949118
-2883582
-3276799
-3211263
-3276797
-3801086
-3407872
-3342336
-3604478
-3080189
-3342336
-2883584
-1441791
-786431
327682
-983038
-2752509
-4784126
-5046272
-5308413
-5308416
-5767167
-4784126
-5308416
16777217
589826
-15925246
-3932159
-5898240
-5242880
-4980735
-4784128
-4063230
-4128765
-2686974
-262144
1966080
4390913
5308417
4718592
2424835
-524286
-2686973
-5046270
-4915199
-4718592
-4718589
-4653054
-4128766
-3866623
-3801086
-3932159
-4259838
-4128768
-4063230
-4390911
-4390909
-2818048
-1769469
-1507325
-3014656
-5308416
-4980733
-5177341
-4390912
-4259839
-4915197
-2293757
19988480
-4325373
-13893630
-1900543
-3604480
-2621440
-2424830
-1835006
-1376256
-1310718
524290
2228227
5308418
7536642
8192001
7143425
3932160
1376256
-1441791
-2621440
-2752509
-2490368
-2228222
-1310717
-1441790
-1376256
-1179648
-1638399
-1376253
-1703933
-1835005
-786431
0
1310723
1048576
-524285
-2621440
-3342336
-3080190
-2949119
-2752509
-3538942
1769474
21233664
-7995389
-10289149
-983038
-2228223
-2424830
-2097152
-917502
-786430
-327680
1048576
3407872
6225922
8716290
9175043
7536640
4259842
1245187
-1310718
-2359294
-2359296
-2555901
-1900542
-1703936
-1310720
-1507326
-1245181
-851968
-1441792
-1179648
-1441789
-327680
524290
1900546
1441793
-1441791
-2752512
-2818048
-2621438
-2686976
-2359294
-4063230
3604480
20316160
-9371646
-8257535
-917502
-1835007
-1507327
-1638398
-1703936
-1245183
-393213
851968
2752512
5570562
7733251
7667715
5963779
2883585
-786429
-2949117
-3866623
-4063229
-4325374
-3538941
-3080191
-2818047
-2686976
-2818047
-3342333
-3407870
-3538944
-3866623
-3932159
-4259837
-3932158
-2293760
-786431
393216
-786431
-3801087
-4980736
-4915200
-4980735
-4718591
-3997693
-6225920
4390913
17498115
-12255231
-7929853
-3276800
-4325376
-3932160
-3997693
-4063229
-3211263
-2293759
-1179646
983043
3866626
5898240
6619136
6160386
3735553
327680
-2228221
-3735549
-4521981
-4390909
-3866621
-3014653
-2490367
-2621439
-2228222
-1966080
-2293757
-2621437
-3080189
-2949117
-2818047
-3211264
-3145725
-2752511
-2424830
-1310717
-524288
1114113
1703937
-262141
-2686976
-3276797
-3604479
-3407872
-3145728
-2031614
-3997693
16252929
9764866
-12386303
-851968
-2359294
-1441790
-1245181
-720896
-131072
131072
65536
-131070
2097153
4980739
7536640
7995395
7340033
5046275
1966082
-393214
-1572862
-1900544
-1441791
-1114111
-589824
1
3
-65533
-262142
-983040
-983039
-720894
-524288
-524286
-458749
-524288
-524285
-720894
-851967
393216
1114113
2686979
3407874
1572865
-1245181
-1441791
-1507326
-1638400
-1572863
-393215
-2031613
2490370
21954562
-3604478
-7274495
393216
-1441792
-655358
-458751
-327677
524291
917504
1835009
3735554
6356993
8454146
9371648
8257537
5570562
2228226
-458749
-1703934
-1703936
-1507328
-786432
-262141
-327680
-524286
-917502
-1179647
-1572862
-1900542
-1966077
-1966077
-1966078
-2031615
-2097151
-1835006
-1835007
-983038
131073
1835011
2359298
1572864
-1114111
-2949120
-2818046
-3145725
-3342333
-2424831
-3407871
720896
22478851
-786430
-7995392
917506
-1245183
-458749
-131070
65537
196610
917507
1638402
3604480
5832704
8716288
9175040
8650753
6291456
3276802
1048579
-589823
-1114112
-983037
-65535
65539
393218
327680
786432
720898
655363
393216
-196608
-131072
-327679
-327680
-720893
-1376255
196609
1376259
2228225
3604481
2097155
-786429
-1638400
-1114112
-1507327
-1376253
-786429
-3801088
11796481
16056320
-12451840
-3473408
-1572864
-1376255
-1638399
-851968
-720895
-589821
589827
1703939
3932160
6291457
8192000
8388609
6291457
2818050
196608
-2293757
-3080192
-3735549
-3342333
-2490367
-2686973
-3014653
-2686973
-2555903
-3276800
-3211261
-3211262
-3670016
-3735551
-4063230
-3670015
-2424832
-1441790
131072
-589821
-3145726
-4653054
-3997694
-4456448
-4390910
-3407870
-5636093
4390913
18087936
-13107199
-9699328
-3932159
-4128768
-4063230
-3407871
-2883583
-2293758
-1376256
-524288
1638401
4259842
6225922
6553601
5177347
1703936
-1966078
-4128768
-4980736
-5439486
-5242878
-5242880
-4587520
-4259839
-4325374
-4587518
-4653055
-4784127
-5570558
-5373949
-5177342
-4718590
-3211261
-2359295
-2359295
-4521983
-6225920
-6291454
-6553600
-6422528
-5832704
-6488062
-524286
17760258
-11993087
-13500415
-4325374
-6488061
-5701629
-5505024
-5439488
-5505022
-5177341
-3538941
-983039
1835009
4390913
5046275
4849664
2359298
-1310718
-3604478
-5701630
-6225918
-6094847
-5701632
-5242877
-4587520
-4521984
-4456447
-4325373
-4128768
-4390911
-4784125
-4784125
-3801087
-2424830
-917503
-720895
-3080189
-4849663
-5177343
-5570559
-5505023
-4784125
-5439485
-2686976
18546690
-6946814
-13303806
-3342334
-5177341
-4784126
-4718591
-4063231
-3670014
-3276797
-2031614
-1507325
851968
3538945
4784128
4521987
2621443
-524288
-3080192
-4849662
-5963774
-6029311
-6291456
-5898238
-5177343
-5046272
-5177342
-5439487
-5308415
-5439488
-5439487
-5308413
-5439485
-4521981
-3407870
-1966077
-1441789
-3801087
-6094845
-6094847
-5898237
-5767166
-5636094
-5308413
-6619133
15794179
3211266
-15794175
-3080192
-4915198
-3801086
-3342336
-3145728
-2949117
-2752509
-2228224
-1048574
1245185
3866624
5570562
6094848
4849664
1900547
-524287
-2883584
-3670016
-4063230
-4259838
-3604479
-2883583
-2883582
-2752510
-3145728
-3407872
-3276797
-3080190
-3080190
-4194304
-4718589
-3735550
-2555902
-1376256
786432
786432
-1572864
-3276797
-2949117
-2424830
-2555902
-2359295
-2949118
-65533
21168130
-2686975
-9109503
-196608
-1966077
-1376253
-1376256
-983040
-327679
458755
851971
2228225
5111809
7471107
9109504
9371649
7864320
5111811
2359297
65539
-983039
-262141
-196605
524289
1114113
786434
589827
131075
262146
-393216
-327678
-393213
-327678
-786432
-131071
720899
1769472
2752513
2293763
-393214
-2293760
-1966077
-2293757
-2031616
-1572864
-3211264
-4456447
14942208
11599872
-12320766
-1769469
-2359296
-1572861
-1703934
-1376253
-786430
-589824
589824
1835010
3604482
6488065
7864321
8060931
5898241
3014659
393219
-917502
-1703935
-1572864
-720894
262147
458753
262146
-131072
-458750
-786431
-786430
-983040
-1245182
-1114111
524289
1507328
2555907
3473410
2490371
-196605
-1769469
-1245184
-1507328
-917502
-720893
-786430
-2686975
19398658
7667715
-10944510
1507331
-786429
65539
131072
524290
720899
1245186
2228227
3735552
5898243
8060931
9175041
8585218
5963778
2621443
131073
-1638399
-2031614
-1769469
-1900541
-1441790
-786432
-720893
-917502
-1114109
-720896
-1245183
-1376253
-327678
524289
1376256
1769472
2
-2097152
-2097152
-1769471
-1966079
-1638399
-851966
-3997696
13565953
13303808
-13303806
-2555903
-1769471
-1245182
-1179645
-1572861
-458751
-131071
524291
1703936
3997699
6094849
8126464
7077890
4653057
1638402
-1572864
-3211263
-3932160
-4259837
-3735549
-3276797
-3407872
-3145727
-3538944
-3473406
-3670016
-3604480
-3932159
-3014653
-1835008
-262144
-524288
-3276798
-4653053
-4521984
-4390910
-4718592
-4259839
-3473406
-5242878
16777218
4325378
-16252928
-2424831
-4521982
-3080190
-3276797
-3014655
-3145727
-2686976
-1310719
196609
2621440
5439491
6029313
5373953
2424834
-589823
-4390909
-5767166
-5963773
-5832704
-5701629
-4980735
-4849661
-4259837
-4128767
-4653053
-4784126
-4653054
-3538941
-2752511
-1769469
-2424831
-3866621
-6160382
-6160382
-6291455
-5767165
-5111806
-5636094
-3538942
18415618
-6750207
-13893631
-2621440
-4653055
-4194302
-3735552
-3211262
-3080192
-2359295
-917503
589827
3276803
5373952
6160387
4980736
1835008
-1245181
-3407870
-4849664
-4980735
-4915198
-4849663
-4259838
-3670016
-3801088
-3866621
-4063230
-4128765
-4259838
-4259839
-3342336
-2818046
-1310720
-393216
-1966079
-5111807
-5701632
-5701632
-6160381
-6356992
-5111807
-8323072
8585217
10616834
-16515072
-6160384
-5439485
-5177343
-4980733
-4718590
-4194302
-3997696
-3473405
-2228223
-393213
2424832
4063233
3866627
1572867
-1441790
-4390909
-6488061
-7274496
-7208957
-7077886
-6225919
-5242879
-5046272
-4980734
-4980734
-5046270
-5111805
-5308416
-5111805
-5046270
-4980736
-5177342
-4980736
-3997693
-2686976
-1441792
-2031615
-5046269
-6553599
-6160384
-6553597
-6422527
-5898238
-7012352
-1703933
17235971
-8978432
-11534336
-4521981
-6094848
-5373952
-5177344
-4194302
-3473407
-2686975
-2162686
327680
2097155
3276803
3866627
3342337
851970
-2228222
-3932158
-4784125
-5308413
-4784126
-3997696
-3014653
-2293758
-1835006
-1572862
-1048574
-1441791
-1900541
-1441792
-1572861
-1966080
-1900542
-1900541
-1769472
-2293758
-2359296
-917503
65538
1310722
1966080
131072
-2228224
-2293757
-2228221
-2031616
-1638398
-1245183
-3473407
16973825
10223619
-11665408
-65534
-1114109
-196605
262147
196610
524291
1048576
1835011
2949122
3866625
6553603
8912897
9306113
8060930
5439489
2031619
-196607
-1835008
-2686974
-2031615
-1507328
-1048574
-655357
-458749
-589824
-524286
-1114109
-1245183
-1572861
-1638400
-1441791
-1376254
-1441789
-1572862
-1703933
-917502
65537
1048577
2686978
2949120
1638400
-1441792
-2228221
-2162685
-1966080
-1769470
-393215
-3538942
12058627
16580610
-10682367
-2162687
-720895
-393213
-131070
262144
393217
524289
983043
1966080
3801090
5898241
8781827
10223619
9043970
6619139
3407872
655361
-1114112
-2097149
-2097151
-1310717
-851965
-720893
-393213
-393215
-524287
-589824
-1507326
-1245183
-1572861
-1703933
-1572862
-2162686
-2162687
-2293758
-1835007
-458750
196608
1638403
1769475
-655359
-3145725
-3080189
-3145725
-3014656
-2228224
-3080191
-786432
11534336
14548995
-12058624
-3014656
-1900542
-1376253
-1376253
-655357
262146
524288
1966081
3801091
5832707
8847362
10944512
10944515
9699328
7929857
4718594
2228224
1572864
1179651
1441795
2162691
2162688
2555905
2752514
2818050
2359297
1703938
2031618
1376259
1310721
2293762
2359297
3342339
5111810
3735552
196609
-1114111
-917504
-1245183
-983040
65539
-2424829
7995392
20840450
-8388605
-4128768
720897
-131072
196608
589825
524288
786435
1703939
2883587
4521985
7077891
9502723
9568259
7340033
4718592
1048576
-1572861
-2818048
-3407872
-3211262
-2883584
-2818045
-2752510
-2949118
-2490367
-2949120
-2818045
-3014653
-3014653
-1507326
-458749
-262142
-2818045
-4653053
-5046272
-5373949
-5373952
-4980734
-5111806
-3538941
18743296
-5636093
-14548989
-2752510
-4980734
-4063231
-3670015
-3407870
-2949119
-2359296
-1638398
262147
2818050
5242883
6619139
5242882
2359297
-1179646
-4259840
-5177344
-6094846
-6422525
-5898237
-5308413
-5308415
-5177344
-5373951
-5111805
-5373952
-6029312
-5111808
-4128768
-2949119
-3407871
-6029312
-7536638
-7471103
-7208959
-7208958
-6488062
-8781821
3670019
13434883
-17694717
-9568256
-5439488
-6225917
-5898238
-5177341
-5505024
-5439486
-5308415
-3538942
-720896
1900545
3276800
4718593
3866626
1441792
-1900543
-4849662
-6029310
-6356990
-6553600
-6291456
-5898237
-5898240
-5308415
-5242877
-5373949
-5439486
-5963776
-5242879
-4128766
-2818047
-1900543
-3670014
-6750206
-7536637
-7536637
-7667709
-7471101
-6488061
-9175038
8257539
8781824
-18284543
-7143423
-7143421
-6488062
-6160383
-5767168
-5701629
-4849661
-3932160
-3211263
-1376256
1310721
3604480
4653059
4063232
1179651
-1966077
-4128768
-5636095
-5570557
-5111808
-4784126
-4128768
-3801088
-3538942
-3932159
-4325373
-4390909
-4259837
-3932159
-4128768
-3997694
-3276800
-1966077
-131069
1310723
524291
-2424832
-3735552
-3211264
-3342334
-3407869
-2359294
-3538944
2686978
20578305
-5505023
-7602174
-1966077
-3407870
-2621438
-2293757
-1900541
-1245182
-917503
196611
2162689
4390914
7077889
9109504
8847363
6553603
3145731
589827
-917502
-2293760
-2162688
-1638400
-1245182
-786429
-524285
-983040
-983039
-1048576
-1179646
-1048576
-1376253
-1048573
-1114111
-1048574
-524287
-655358
-393213
524291
1376256
3276801
3407875
1376258
-983037
-1179648
-1376255
-1310718
-983040
-524286
-2555903
6094851
21495808
-6553599
-4784125
262145
-720893
-655359
-131072
262146
524291
1507329
2490369
4456451
6684673
8847362
9437184
8454146
6029313
2424833
2
-1245181
-1638400
-1638398
-1245182
-393215
-196607
-786430
-983038
-983040
-1441790
-1703933
-1703933
-1638397
-1638398
-1835008
-1769471
-1900543
-1769471
-2031615
-1310717
-65534
786435
2031616
983042
-851966
-1245182
-1310719
-1179646
-1310720
-458752