0
0.0150031921571070
0.0300063843142140
0.0450095764713210
0.0600127686284280
0.0750159607855350
0.0900191529426419
0.105022345099749
0.120025537256856
0.135028729413963
0.150031921571070
0.165035113728177
0.180038305885284
0.195041498042391
0.210044690199498
0.225047882356605
0.240051074513712
0.255054266670819
0.270057458827926
0.285060650985033
0.300063843142140
0.315067035299247
0.330070227456354
0.345073419613461
0.360076611770568
0.375079803927675
0.390082996084782
0.405086188241889
0.420089380398996
0.435092572556103
0.450095764713210
0.465098956870317
0.480102149027424
0.495105341184531
0.510108533341638
0.525111725498745
0.540114917655852
0.555118109812959
0.570121301970066
0.585124494127173
0.600127686284280
0.615130878441387
0.630134070598494
0.645137262755601
0.660140454912708
0.675143647069815
0.690146839226922
0.705150031384029
0.720153223541136
0.735156415698243
0.750159607855350
0.765162800012457
0.780165992169564
0.795169184326671
0.810172376483778
0.825175568640885
0.840178760797992
0.855181952955098
0.870185145112206
0.885188337269312
0.900191529426420
0.915194721583526
0.930197913740633
0.945201105897740
0.960204298054847
0.975207490211954
0.990210682369061
1.00521387452617
1.02021706668328
1.03522025884038
1.05022345099749
1.06522664315460
1.08022983531170
1.09523302746881
1.11023621962592
1.12523941178302
1.14024260394013
1.15524579609724
1.17024898825435
1.18525218041145
1.20025537256856
1.21525856472567
1.23026175688277
1.24526494903988
1.26026814119699
1.27527133335409
1.29027452551120
1.30527771766831
1.32028090982542
1.33528410198252
1.35028729413963
1.36529048629674
1.38029367845384
1.39529687061095
1.41030006276806
1.42530325492516
1.44030644708227
1.45530963923938
1.47031283139649
1.48531602355359
1.50031921571070
1.51532240786781
1.53032560002491
1.54532879218202
1.56033198433913
1.57533517649623
1.59033836865334
1.60534156081045
1.62034475296756
1.63534794512466
1.65035113728177
1.66535432943888
1.68035752159598
1.69536071375309
1.71036390591020
1.72536709806730
1.74037029022441
1.75537348238152
1.77037667453862
1.78537986669573
1.80038305885284
1.81538625100995
1.83038944316705
1.84539263532416
1.86039582748127
1.87539901963837
1.89040221179548
1.90540540395259
1.92040859610969
1.93541178826680
1.95041498042391
1.96541817258102
1.98042136473812
1.99542455689523
2.01042774905234
2.02543094120944
2.04043413336655
2.05543732552366
2.07044051768077
2.08544370983787
2.10044690199498
2.11545009415209
2.13045328630919
2.14545647846630
2.16045967062341
2.17546286278051
2.19046605493762
2.20546924709473
2.22047243925183
2.23547563140894
2.25047882356605
2.26548201572316
2.28048520788026
2.29548840003737
2.31049159219448
2.32549478435158
2.34049797650869
2.35550116866580
2.37050436082291
2.38550755298001
2.40051074513712
2.41551393729423
2.43051712945133
2.44552032160844
2.46052351376555
2.47552670592265
2.49052989807976
2.50553309023687
2.52053628239397
2.53553947455108
2.55054266670819
2.56554585886530
2.58054905102240
2.59555224317951
2.61055543533662
2.62555862749372
2.64056181965083
2.65556501180794
2.67056820396504
2.68557139612215
2.70057458827926
2.71557778043637
2.73058097259347
2.74558416475058
2.76058735690769
2.77559054906479
2.79059374122190
2.80559693337901
2.82060012553611
2.83560331769322
2.85060650985033
2.86560970200744
2.88061289416454
2.89561608632165
2.91061927847876
2.92562247063586
2.94062566279297
2.95562885495008
2.97063204710718
2.98563523926429
3.00063843142140
3.01564162357851
3.03064481573561
3.04564800789272
3.06065120004983
3.07565439220693
3.09065758436404
3.10566077652115
3.12066396867825
3.13566716083536
3.15067035299247
3.16567354514957
3.18067673730668
3.19567992946379
3.21068312162090
3.22568631377800
3.24068950593511
3.25569269809222
3.27069589024932
3.28569908240643
3.30070227456354
3.31570546672065
3.33070865887775
3.34571185103486
3.36071504319197
3.37571823534907
3.39072142750618
3.40572461966329
3.42072781182039
3.43573100397750
3.45073419613461
3.46573738829171
3.48074058044882
3.49574377260593
3.51074696476304
3.52575015692014
3.54075334907725
3.55575654123436
3.57075973339146
3.58576292554857
3.60076611770568
3.61576930986279
3.63077250201989
3.64577569417700
3.66077888633411
3.67578207849121
3.69078527064832
3.70578846280543
3.72079165496253
3.73579484711964
3.75079803927675
3.76580123143386
3.78080442359096
3.79580761574807
3.81081080790518
3.82581400006228
3.84081719221939
3.85582038437650
3.87082357653360
3.88582676869071
3.90082996084782
3.91583315300492
3.93083634516203
3.94583953731914
3.96084272947625
3.97584592163335
3.99084911379046
4.00585230594757
4.02085549810467
4.03585869026178
4.05086188241889
4.06586507457599
4.08086826673310
4.09587145889021
4.11087465104732
4.12587784320442
4.14088103536153
4.15588422751864
4.17088741967574
4.18589061183285
4.20089380398996
4.21589699614706
4.23090018830417
4.24590338046128
4.26090657261839
4.27590976477549
4.29091295693260
4.30591614908971
4.32091934124681
4.33592253340392
4.35092572556103
4.36592891771814
4.38093210987524
4.39593530203235
4.41093849418946
4.42594168634656
4.44094487850367
4.45594807066078
4.47095126281788
4.48595445497499
4.50095764713210
4.51596083928920
4.53096403144631
4.54596722360342
4.56097041576053
4.57597360791763
4.59097680007474
4.60597999223185
4.62098318438895
4.63598637654606
4.65098956870317
4.66599276086027
4.68099595301738
4.69599914517449
4.71100233733160
4.72600552948870
4.74100872164581
4.75601191380292
4.77101510596002
4.78601829811713
4.80102149027424
4.81602468243134
4.83102787458845
4.84603106674556
4.86103425890267
4.87603745105977
4.89104064321688
4.90604383537399
4.92104702753109
4.93605021968820
4.95105341184531
4.96605660400241
4.98105979615952
4.99606298831663
5.01106618047374
5.02606937263084
5.04107256478795
5.05607575694506
5.07107894910216
5.08608214125927
5.10108533341638
5.11608852557348
5.13109171773059
5.14609490988770
5.16109810204481
5.17610129420191
5.19110448635902
5.20610767851613
5.22111087067323
5.23611406283034
5.25111725498745
5.26612044714455
5.28112363930166
5.29612683145877
5.31113002361587
5.32613321577298
5.34113640793009
5.35613960008720
5.37114279224430
5.38614598440141
5.40114917655852
5.41615236871562
5.43115556087273
5.44615875302984
5.46116194518694
5.47616513734405
5.49116832950116
5.50617152165827
5.52117471381537
5.53617790597248
5.55118109812959
5.56618429028669
5.58118748244380
5.59619067460091
5.61119386675802
5.62619705891512
5.64120025107223
5.65620344322934
5.67120663538644
5.68620982754355
5.70121301970066
5.71621621185776
5.73121940401487
5.74622259617198
5.76122578832908
5.77622898048619
5.79123217264330
5.80623536480041
5.82123855695751
5.83624174911462
5.85124494127173
5.86624813342883
5.88125132558594
5.89625451774305
5.91125770990015
5.92626090205726
5.94126409421437
5.95626728637148
5.97127047852858
5.98627367068569
6.00127686284280
6.01628005499990
6.03128324715701
6.04628643931412
6.06128963147122
6.07629282362833
6.09129601578544
6.10629920794255
6.12130240009965
6.13630559225676
6.15130878441387
6.16631197657097
6.18131516872808
6.19631836088519
6.21132155304229
6.22632474519940
6.24132793735651
6.25633112951362
6.27133432167072
6.28633751382783
6.30134070598494
6.31634389814204
6.33134709029915
6.34635028245626
6.36135347461336
6.37635666677047
6.39135985892758
6.40636305108469
6.42136624324179
6.43636943539890
6.45137262755601
6.46637581971311
6.48137901187022
6.49638220402733
6.51138539618443
6.52638858834154
6.54139178049865
6.55639497265575
6.57139816481286
6.58640135696997
6.60140454912708
6.61640774128418
6.63141093344129
6.64641412559840
6.66141731775550
6.67642050991261
6.69142370206972
6.70642689422683
6.72143008638393
6.73643327854104
6.75143647069815
6.76643966285525
6.78144285501236
6.79644604716947
6.81144923932657
6.82645243148368
6.84145562364079
6.85645881579790
6.87146200795500
6.88646520011211
6.90146839226922
6.91647158442632
6.93147477658343
6.94647796874054
6.96148116089764
6.97648435305475
6.99148754521186
7.00649073736896
7.02149392952607
7.03649712168318
7.05150031384029
7.06650350599739
7.08150669815450
7.09650989031161
7.11151308246871
7.12651627462582
7.14151946678293
7.15652265894003
7.17152585109714
7.18652904325425
7.20153223541136
7.21653542756846
7.23153861972557
7.24654181188268
7.26154500403978
7.27654819619689
7.29155138835400
7.30655458051111
7.32155777266821
7.33656096482532
7.35156415698243
7.36656734913953
7.38157054129664
7.39657373345375
7.41157692561085
7.42658011776796
7.44158330992507
7.45658650208218
7.47158969423928
7.48659288639639
7.50159607855349
7.51659927071060
7.53160246286771
7.54660565502482
7.56160884718192
7.57661203933903
7.59161523149614
7.60661842365324
7.62162161581035
7.63662480796746
7.65162800012457
7.66663119228167
7.68163438443878
7.69663757659589
7.71164076875299
7.72664396091010
7.74164715306721
7.75665034522431
7.77165353738142
7.78665672953853
7.80165992169563
7.81666311385274
7.83166630600985
7.84666949816696
7.86167269032406
7.87667588248117
7.89167907463828
7.90668226679538
7.92168545895249
7.93668865110960
7.95169184326670
7.96669503542381
7.98169822758092
7.99670141973803
8.01170461189513
8.02670780405224
8.04171099620935
8.05671418836645
8.07171738052356
8.08672057268067
8.10172376483778
8.11672695699488
8.13173014915199
8.14673334130910
8.16173653346620
8.17673972562331
8.19174291778042
8.20674610993753
8.22174930209463
8.23675249425174
8.25175568640884
8.26675887856595
8.28176207072306
8.29676526288017
8.31176845503727
8.32677164719438
8.34177483935149
8.35677803150859
8.37178122366570
8.38678441582281
8.40178760797992
8.41679080013702
8.43179399229413
8.44679718445124
8.46180037660834
8.47680356876545
8.49180676092256
8.50680995307966
8.52181314523677
8.53681633739388
8.55181952955098
8.56682272170809
8.58182591386520
8.59682910602231
8.61183229817941
8.62683549033652
8.64183868249363
8.65684187465073
8.67184506680784
8.68684825896495
8.70185145112205
8.71685464327916
8.73185783543627
8.74686102759338
8.76186421975048
8.77686741190759
8.79187060406470
8.80687379622180
8.82187698837891
8.83688018053602
8.85188337269313
8.86688656485023
8.88188975700734
8.89689294916444
8.91189614132155
8.92689933347866
8.94190252563577
8.95690571779287
8.97190890994998
8.98691210210709
9.00191529426419
9.01691848642130
9.03192167857841
9.04692487073552
9.06192806289262
9.07693125504973
9.09193444720684
9.10693763936394
9.12194083152105
9.13694402367816
9.15194721583526
9.16695040799237
9.18195360014948
9.19695679230659
9.21195998446369
9.22696317662080
9.24196636877791
9.25696956093501
9.27197275309212
9.28697594524923
9.30197913740634
9.31698232956344
9.33198552172055
9.34698871387765
9.36199190603476
9.37699509819187
9.39199829034898
9.40700148250608
9.42200467466319
9.43700786682030
9.45201105897740
9.46701425113451
9.48201744329162
9.49702063544873
9.51202382760583
9.52702701976294
9.54203021192005
9.55703340407715
9.57203659623426
9.58703978839137
9.60204298054847
9.61704617270558
9.63204936486269
9.64705255701979
9.66205574917690
9.67705894133401
9.69206213349112
9.70706532564822
9.72206851780533
9.73707170996244
9.75207490211954
9.76707809427665
9.78208128643376
9.79708447859087
9.81208767074797
9.82709086290508
9.84209405506219
9.85709724721929
9.87210043937640
9.88710363153351
9.90210682369061
9.91711001584772
9.93211320800483
9.94711640016194
9.96211959231904
9.97712278447615
9.99212597663326
10.0071291687904
10.0221323609475
10.0371355531046
10.0521387452617
10.0671419374188
10.0821451295759
10.0971483217330
10.1121515138901
10.1271547060472
10.1421578982043
10.1571610903614
10.1721642825185
10.1871674746756
10.2021706668328
10.2171738589899
10.2321770511470
10.2471802433041
10.2621834354612
10.2771866276183
10.2921898197754
10.3071930119325
10.3221962040896
10.3371993962467
10.3522025884038
10.3672057805609
10.3822089727180
10.3972121648751
10.4122153570323
10.4272185491894
10.4422217413465
10.4572249335036
10.4722281256607
10.4872313178178
10.5022345099749
10.5172377021320
10.5322408942891
10.5472440864462
10.5622472786033
10.5772504707604
10.5922536629175
10.6072568550746
10.6222600472317
10.6372632393889
10.6522664315460
10.6672696237031
10.6822728158602
10.6972760080173
10.7122792001744
10.7272823923315
10.7422855844886
10.7572887766457
10.7722919688028
10.7872951609599
10.8022983531170
10.8173015452741
10.8323047374312
10.8473079295884
10.8623111217455
10.8773143139026
10.8923175060597
10.9073206982168
10.9223238903739
10.9373270825310
10.9523302746881
10.9673334668452
10.9823366590023
10.9973398511594
11.0123430433165
11.0273462354736
11.0423494276307
11.0573526197879
11.0723558119450
11.0873590041021
11.1023621962592
11.1173653884163
11.1323685805734
11.1473717727305
11.1623749648876
11.1773781570447
11.1923813492018
11.2073845413589
11.2223877335160
11.2373909256731
11.2523941178302
11.2673973099874
11.2824005021445
11.2974036943016
11.3124068864587
11.3274100786158
11.3424132707729
11.3574164629300
11.3724196550871
11.3874228472442
11.4024260394013
11.4174292315584
11.4324324237155
11.4474356158726
11.4624388080297
11.4774420001868
11.4924451923440
11.5074483845011
11.5224515766582
11.5374547688153
11.5524579609724
11.5674611531295
11.5824643452866
11.5974675374437
11.6124707296008
11.6274739217579
11.6424771139150
11.6574803060721
11.6724834982292
11.6874866903863
11.7024898825435
11.7174930747006
11.7324962668577
11.7474994590148
11.7625026511719
11.7775058433290
11.7925090354861
11.8075122276432
11.8225154198003
11.8375186119574
11.8525218041145
11.8675249962716
11.8825281884287
11.8975313805858
11.9125345727430
11.9275377649001
11.9425409570572
11.9575441492143
11.9725473413714
11.9875505335285
12.0025537256856
12.0175569178427
12.0325601099998
12.0475633021569
12.0625664943140
12.0775696864711
12.0925728786282
12.1075760707853
12.1225792629424
12.1375824550996
12.1525856472567
12.1675888394138
12.1825920315709
12.1975952237280
12.2125984158851
12.2276016080422
12.2426048001993
12.2576079923564
12.2726111845135
12.2876143766706
12.3026175688277
12.3176207609848
12.3326239531419
12.3476271452991
12.3626303374562
12.3776335296133
12.3926367217704
12.4076399139275
12.4226431060846
12.4376462982417
12.4526494903988
12.4676526825559
12.4826558747130
12.4976590668701
12.5126622590272
12.5276654511843
12.5426686433414
12.5576718354986
12.5726750276557
12.5876782198128
12.6026814119699
12.6176846041270
12.6326877962841
12.6476909884412
12.6626941805983
12.6776973727554
12.6927005649125
12.7077037570696
12.7227069492267
12.7377101413838
12.7527133335409
12.7677165256980
12.7827197178552
12.7977229100123
12.8127261021694
12.8277292943265
12.8427324864836
12.8577356786407
12.8727388707978
12.8877420629549
12.9027452551120
12.9177484472691
12.9327516394262
12.9477548315833
12.9627580237404
12.9777612158975
12.9927644080547
13.0077676002118
13.0227707923689
13.0377739845260
13.0527771766831
13.0677803688402
13.0827835609973
13.0977867531544
13.1127899453115
13.1277931374686
13.1427963296257
13.1577995217828
13.1728027139399
13.1878059060970
13.2028090982542
13.2178122904113
13.2328154825684
13.2478186747255
13.2628218668826
13.2778250590397
13.2928282511968
13.3078314433539
13.3228346355110
13.3378378276681
13.3528410198252
13.3678442119823
13.3828474041394
13.3978505962965
13.4128537884537
13.4278569806108
13.4428601727679
13.4578633649250
13.4728665570821
13.4878697492392
13.5028729413963
13.5178761335534
13.5328793257105
13.5478825178676
13.5628857100247
13.5778889021818
13.5928920943389
13.6078952864960
13.6228984786531
13.6379016708103
13.6529048629674
13.6679080551245
13.6829112472816
13.6979144394387
13.7129176315958
13.7279208237529
13.7429240159100
13.7579272080671
13.7729304002242
13.7879335923813
13.8029367845384
13.8179399766955
13.8329431688526
13.8479463610098
13.8629495531669
13.8779527453240
13.8929559374811
13.9079591296382
13.9229623217953
13.9379655139524
13.9529687061095
13.9679718982666
13.9829750904237
13.9979782825808
14.0129814747379
14.0279846668950
14.0429878590521
14.0579910512092
14.0729942433664
14.0879974355235
14.1030006276806
14.1180038198377
14.1330070119948
14.1480102041519
14.1630133963090
14.1780165884661
14.1930197806232
14.2080229727803
14.2230261649374
14.2380293570945
14.2530325492516
14.2680357414087
14.2830389335659
14.2980421257230
14.3130453178801
14.3280485100372
14.3430517021943
14.3580548943514
14.3730580865085
14.3880612786656
14.4030644708227
14.4180676629798
14.4330708551369
14.4480740472940
14.4630772394511
14.4780804316082
14.4930836237654
14.5080868159225
14.5230900080796
14.5380932002367
14.5530963923938
14.5680995845509
14.5831027767080
14.5981059688651
14.6131091610222
14.6281123531793
14.6431155453364
14.6581187374935
14.6731219296506
14.6881251218077
14.7031283139649
14.7181315061220
14.7331346982791
14.7481378904362
14.7631410825933
14.7781442747504
14.7931474669075
14.8081506590646
14.8231538512217
14.8381570433788
14.8531602355359
14.8681634276930
14.8831666198501
14.8981698120072
14.9131730041644
14.9281761963215
14.9431793884786
14.9581825806357
14.9731857727928
14.9881889649499
15.0031921571070
15.0181953492641
15.0331985414212
15.0482017335783
15.0632049257354
15.0782081178925
15.0932113100496
15.1082145022067
15.1232176943638
15.1382208865210
15.1532240786781
15.1682272708352
15.1832304629923
15.1982336551494
15.2132368473065
15.2282400394636
15.2432432316207
15.2582464237778
15.2732496159349
15.2882528080920
15.3032560002491
15.3182591924062
15.3332623845633
15.3482655767205
15.3632687688776
15.3782719610347
15.3932751531918
15.4082783453489
15.4232815375060
15.4382847296631
15.4532879218202
15.4682911139773
15.4832943061344
15.4982974982915
15.5133006904486
15.5283038826057
15.5433070747628
15.5583102669199
15.5733134590771
15.5883166512342
15.6033198433913
15.6183230355484
15.6333262277055
15.6483294198626
15.6633326120197
15.6783358041768
15.6933389963339
15.7083421884910
15.7233453806481
15.7383485728052
15.7533517649623
15.7683549571194
15.7833581492766
15.7983613414337
15.8133645335908
15.8283677257479
15.8433709179050
15.8583741100621
15.8733773022192
15.8883804943763
15.9033836865334
15.9183868786905
15.9333900708476
15.9483932630047
15.9633964551618
15.9783996473189
15.9934028394761
16.0084060316332
16.0234092237903
16.0384124159474
16.0534156081045
16.0684188002616
16.0834219924187
16.0984251845758
16.1134283767329
16.1284315688900
16.1434347610471
16.1584379532042
16.1734411453613
16.1884443375184
16.2034475296756
16.2184507218327
16.2334539139898
16.2484571061469
16.2634602983040
16.2784634904611
16.2934666826182
16.3084698747753
16.3234730669324
16.3384762590895
16.3534794512466
16.3684826434037
16.3834858355608
16.3984890277179
16.4134922198751
16.4284954120322
16.4434986041893
16.4585017963464
16.4735049885035
16.4885081806606
16.5035113728177
16.5185145649748
16.5335177571319
16.5485209492890
16.5635241414461
16.5785273336032
16.5935305257603
16.6085337179174
16.6235369100745
16.6385401022317
16.6535432943888
16.6685464865459
16.6835496787030
16.6985528708601
16.7135560630172
16.7285592551743
16.7435624473314
16.7585656394885
16.7735688316456
16.7885720238027
16.8035752159598
16.8185784081169
16.8335816002740
16.8485847924312
16.8635879845883
16.8785911767454
16.8935943689025
16.9085975610596
16.9236007532167
16.9386039453738
16.9536071375309
16.9686103296880
16.9836135218451
16.9986167140022
17.0136199061593
17.0286230983164
17.0436262904735
17.0586294826306
17.0736326747878
17.0886358669449
17.1036390591020
17.1186422512591
17.1336454434162
17.1486486355733
17.1636518277304
17.1786550198875
17.1936582120446
17.2086614042017
17.2236645963588
17.2386677885159
17.2536709806730
17.2686741728301
17.2836773649873
17.2986805571444
17.3136837493015
17.3286869414586
17.3436901336157
17.3586933257728
17.3736965179299
17.3886997100870
17.4037029022441
17.4187060944012
17.4337092865583
17.4487124787154
17.4637156708725
17.4787188630296
17.4937220551868
17.5087252473439
17.5237284395010
17.5387316316581
17.5537348238152
17.5687380159723
17.5837412081294
17.5987444002865
17.6137475924436
17.6287507846007
17.6437539767578
17.6587571689149
17.6737603610720
17.6887635532291
17.7037667453863
17.7187699375434
17.7337731297005
17.7487763218576
17.7637795140147
17.7787827061718
17.7937858983289
17.8087890904860
17.8237922826431
17.8387954748002
17.8537986669573
17.8688018591144
17.8838050512715
17.8988082434286
17.9138114355857
17.9288146277429
17.9438178199000
17.9588210120571
17.9738242042142
17.9888273963713
18.0038305885284
18.0188337806855
18.0338369728426
18.0488401649997
18.0638433571568
18.0788465493139
18.0938497414710
18.1088529336281
18.1238561257852
18.1388593179424
18.1538625100995
18.1688657022566
18.1838688944137
18.1988720865708
18.2138752787279
18.2288784708850
18.2438816630421
18.2588848551992
18.2738880473563
18.2888912395134
18.3038944316705
18.3188976238276
18.3339008159847
18.3489040081418
18.3639072002990
18.3789103924561
18.3939135846132
18.4089167767703
18.4239199689274
18.4389231610845
18.4539263532416
18.4689295453987
18.4839327375558
18.4989359297129
18.5139391218700
18.5289423140271
18.5439455061842
18.5589486983413
18.5739518904985
18.5889550826556
18.6039582748127
18.6189614669698
18.6339646591269
18.6489678512840
18.6639710434411
18.6789742355982
18.6939774277553
18.7089806199124
18.7239838120695
18.7389870042266
18.7539901963837
18.7689933885408
18.7839965806980
18.7989997728551
18.8140029650122
18.8290061571693
18.8440093493264
18.8590125414835
18.8740157336406
18.8890189257977
18.9040221179548
18.9190253101119
18.9340285022690
18.9490316944261
18.9640348865832
18.9790380787403
18.9940412708975
19.0090444630546
19.0240476552117
19.0390508473688
19.0540540395259
19.0690572316830
19.0840604238401
19.0990636159972
19.1140668081543
19.1290700003114
19.1440731924685
19.1590763846256
19.1740795767827
19.1890827689398
19.2040859610969
19.2190891532541
19.2340923454112
19.2490955375683
19.2640987297254
19.2791019218825
19.2941051140396
19.3091083061967
19.3241114983538
19.3391146905109
19.3541178826680
19.3691210748251
19.3841242669822
19.3991274591393
19.4141306512964
19.4291338434536
19.4441370356107
19.4591402277678
19.4741434199249
19.4891466120820
19.5041498042391
19.5191529963962
19.5341561885533
19.5491593807104
19.5641625728675
19.5791657650246
19.5941689571817
19.6091721493388
19.6241753414959
19.6391785336530
19.6541817258102
19.6691849179673
19.6841881101244
19.6991913022815
19.7141944944386
19.7291976865957
19.7442008787528
19.7592040709099
19.7742072630670
19.7892104552241
19.8042136473812
19.8192168395383
19.8342200316954
19.8492232238525
19.8642264160097
19.8792296081668
19.8942328003239
19.9092359924810
19.9242391846381
19.9392423767952
19.9542455689523
19.9692487611094
19.9842519532665
19.9992551454236
20.0142583375807
20.0292615297378
20.0442647218949
20.0592679140520
20.0742711062092
20.0892742983663
20.1042774905234
20.1192806826805
20.1342838748376
20.1492870669947
20.1642902591518
20.1792934513089
20.1942966434660
20.2092998356231
20.2243030277802
20.2393062199373
20.2543094120944
20.2693126042515
20.2843157964087
20.2993189885658
20.3143221807229
20.3293253728800
20.3443285650371
20.3593317571942
20.3743349493513
20.3893381415084
20.4043413336655
20.4193445258226
20.4343477179797
20.4493509101368
20.4643541022939
20.4793572944510
20.4943604866082
20.5093636787653
20.5243668709224
20.5393700630795
20.5543732552366
20.5693764473937
20.5843796395508
20.5993828317079
20.6143860238650
20.6293892160221
20.6443924081792
20.6593956003363
20.6743987924934
20.6894019846505
20.7044051768076
20.7194083689648
20.7344115611219
20.7494147532790
20.7644179454361
20.7794211375932
20.7944243297503
20.8094275219074
20.8244307140645
20.8394339062216
20.8544370983787
20.8694402905358
20.8844434826929
20.8994466748500
20.9144498670071
20.9294530591643
20.9444562513214
20.9594594434785
20.9744626356356
20.9894658277927
21.0044690199498
21.0194722121069
21.0344754042640
21.0494785964211
21.0644817885782
21.0794849807353
21.0944881728924
21.1094913650495
21.1244945572066
21.1394977493638
21.1545009415209
21.1695041336780
21.1845073258351
21.1995105179922
21.2145137101493
21.2295169023064
21.2445200944635
21.2595232866206
21.2745264787777
21.2895296709348
21.3045328630919
21.3195360552490
21.3345392474061
21.3495424395632
21.3645456317204
21.3795488238775
21.3945520160346
21.4095552081917
21.4245584003488
21.4395615925059
21.4545647846630
21.4695679768201
21.4845711689772
21.4995743611343
21.5145775532914
21.5295807454485
21.5445839376056
21.5595871297627
21.5745903219199
21.5895935140770
21.6045967062341
21.6195998983912
21.6346030905483
21.6496062827054
21.6646094748625
21.6796126670196
21.6946158591767
21.7096190513338
21.7246222434909
21.7396254356480
21.7546286278051
21.7696318199622
21.7846350121194
21.7996382042765
21.8146413964336
21.8296445885907
21.8446477807478
21.8596509729049
21.8746541650620
21.8896573572191
21.9046605493762
21.9196637415333
21.9346669336904
21.9496701258475
21.9646733180046
21.9796765101617
21.9946797023188
22.0096828944760
22.0246860866331
22.0396892787902
22.0546924709473
22.0696956631044
22.0846988552615
22.0997020474186
22.1147052395757
22.1297084317328
22.1447116238899
22.1597148160470
22.1747180082041
22.1897212003612
22.2047243925183
22.2197275846755
22.2347307768326
22.2497339689897
22.2647371611468
22.2797403533039
22.2947435454610
22.3097467376181
22.3247499297752
22.3397531219323
22.3547563140894
22.3697595062465
22.3847626984036
22.3997658905607
22.4147690827178
22.4297722748750
22.4447754670321
22.4597786591892
22.4747818513463
22.4897850435034
22.5047882356605
22.5197914278176
22.5347946199747
22.5497978121318
22.5648010042889
22.5798041964460
22.5948073886031
22.6098105807602
22.6248137729173
22.6398169650745
22.6548201572316
22.6698233493887
22.6848265415458
22.6998297337029
22.7148329258600
22.7298361180171
22.7448393101742
22.7598425023313
22.7748456944884
22.7898488866455
22.8048520788026
22.8198552709597
22.8348584631168
22.8498616552739
22.8648648474311
22.8798680395882
22.8948712317453
22.9098744239024
22.9248776160595
22.9398808082166
22.9548840003737
22.9698871925308
22.9848903846879
22.9998935768450
23.0148967690021
23.0298999611592
23.0449031533163
23.0599063454734
23.0749095376306
23.0899127297877
23.1049159219448
23.1199191141019
23.1349223062590
23.1499254984161
23.1649286905732
23.1799318827303
23.1949350748874
23.2099382670445
23.2249414592016
23.2399446513587
23.2549478435158
23.2699510356729
23.2849542278301
23.2999574199872
23.3149606121443
23.3299638043014
23.3449669964585
23.3599701886156
23.3749733807727
23.3899765729298
23.4049797650869
23.4199829572440
23.4349861494011
23.4499893415582
23.4649925337153
23.4799957258724
23.4949989180295
23.5100021101867
23.5250053023438
23.5400084945009
23.5550116866580
23.5700148788151
23.5850180709722
23.6000212631293
23.6150244552864
23.6300276474435
23.6450308396006
23.6600340317577
23.6750372239148
23.6900404160719
23.7050436082290
23.7200468003862
23.7350499925433
23.7500531847004
23.7650563768575
23.7800595690146
23.7950627611717
23.8100659533288
23.8250691454859
23.8400723376430
23.8550755298001
23.8700787219572
23.8850819141143
23.9000851062714
23.9150882984285
23.9300914905857
23.9450946827428
23.9600978748999
23.9751010670570
23.9901042592141
24.0051074513712
24.0201106435283
24.0351138356854
24.0501170278425
24.0651202199996
24.0801234121567
24.0951266043138
24.1101297964709
24.1251329886280
24.1401361807852
24.1551393729423
24.1701425650994
24.1851457572565
24.2001489494136
24.2151521415707
24.2301553337278
24.2451585258849
24.2601617180420
24.2751649101991
24.2901681023562
24.3051712945133
24.3201744866704
24.3351776788275
24.3501808709846
24.3651840631418
24.3801872552989
24.3951904474560
24.4101936396131
24.4251968317702
24.4402000239273
24.4552032160844
24.4702064082415
24.4852096003986
24.5002127925557
24.5152159847128
24.5302191768699
24.5452223690270
24.5602255611841
24.5752287533413
24.5902319454984
24.6052351376555
24.6202383298126
24.6352415219697
24.6502447141268
24.6652479062839
24.6802510984410
24.6952542905981
24.7102574827552
24.7252606749123
24.7402638670694
24.7552670592265
24.7702702513836
24.7852734435408
24.8002766356979
24.8152798278550
24.8302830200121
24.8452862121692
24.8602894043263
24.8752925964834
24.8902957886405
24.9052989807976
24.9203021729547
24.9353053651118
24.9503085572689
24.9653117494260
24.9803149415831
24.9953181337403
25.0103213258974
25.0253245180545
25.0403277102116
25.0553309023687
25.0703340945258
25.0853372866829
25.1003404788400
25.1153436709971
25.1303468631542
25.1453500553113
25.1603532474684
25.1753564396255
25.1903596317826
25.2053628239397
25.2203660160969
25.2353692082540
25.2503724004111
25.2653755925682
25.2803787847253
25.2953819768824
25.3103851690395
25.3253883611966
25.3403915533537
25.3553947455108
25.3703979376679
25.3854011298250
25.4004043219821
25.4154075141392
25.4304107062964
25.4454138984535
25.4604170906106
25.4754202827677
25.4904234749248
25.5054266670819
25.5204298592390
25.5354330513961
25.5504362435532
25.5654394357103
25.5804426278674
25.5954458200245
25.6104490121816
25.6254522043387
25.6404553964958
25.6554585886530
25.6704617808101
25.6854649729672
25.7004681651243
25.7154713572814
25.7304745494385
25.7454777415956
25.7604809337527
25.7754841259098
25.7904873180669
25.8054905102240
25.8204937023811
25.8354968945382
25.8505000866953
25.8655032788525
25.8805064710096
25.8955096631667
25.9105128553238
25.9255160474809
25.9405192396380
25.9555224317951
25.9705256239522
25.9855288161093
26.0005320082664
26.0155352004235
26.0305383925806
26.0455415847377
26.0605447768948
26.0755479690520
26.0905511612091
26.1055543533662
26.1205575455233
26.1355607376804
26.1505639298375
26.1655671219946
26.1805703141517
26.1955735063088
26.2105766984659
26.2255798906230
26.2405830827801
26.2555862749372
26.2705894670943
26.2855926592514
26.3005958514086
26.3155990435657
26.3306022357228
26.3456054278799
26.3606086200370
26.3756118121941
26.3906150043512
26.4056181965083
26.4206213886654
26.4356245808225
26.4506277729796
26.4656309651367
26.4806341572938
26.4956373494509
26.5106405416081
26.5256437337652
26.5406469259223
26.5556501180794
26.5706533102365
26.5856565023936
26.6006596945507
26.6156628867078
26.6306660788649
26.6456692710220
26.6606724631791
26.6756756553362
26.6906788474933
26.7056820396504
26.7206852318076
26.7356884239647
26.7506916161218
26.7656948082789
26.7806980004360
26.7957011925931
26.8107043847502
26.8257075769073
26.8407107690644
26.8557139612215
26.8707171533786
26.8857203455357
26.9007235376928
26.9157267298499
26.9307299220070
26.9457331141642
26.9607363063213
26.9757394984784
26.9907426906355
27.0057458827926
27.0207490749497
27.0357522671068
27.0507554592639
27.0657586514210
27.0807618435781
27.0957650357352
27.1107682278923
27.1257714200494
27.1407746122065
27.1557778043637
27.1707809965208
27.1857841886779
27.2007873808350
27.2157905729921
27.2307937651492
27.2457969573063
27.2608001494634
27.2758033416205
27.2908065337776
27.3058097259347
27.3208129180918
27.3358161102489
27.3508193024060
27.3658224945631
27.3808256867203
27.3958288788774
27.4108320710345
27.4258352631916
27.4408384553487
27.4558416475058
27.4708448396629
27.4858480318200
27.5008512239771
27.5158544161342
27.5308576082913
27.5458608004484
27.5608639926055
27.5758671847626
27.5908703769198
27.6058735690769
27.6208767612340
27.6358799533911
27.6508831455482
27.6658863377053
27.6808895298624
27.6958927220195
27.7108959141766
27.7258991063337
27.7409022984908
27.7559054906479
27.7709086828050
27.7859118749621
27.8009150671193
27.8159182592764
27.8309214514335
27.8459246435906
27.8609278357477
27.8759310279048
27.8909342200619
27.9059374122190
27.9209406043761
27.9359437965332
27.9509469886903
27.9659501808474
27.9809533730045
27.9959565651616
28.0109597573188
28.0259629494759
28.0409661416330
28.0559693337901
28.0709725259472
28.0859757181043
28.1009789102614
28.1159821024185
28.1309852945756
28.1459884867327
28.1609916788898
28.1759948710469
28.1909980632040
28.2060012553611
28.2210044475183
28.2360076396754
28.2510108318325
28.2660140239896
28.2810172161467
28.2960204083038
28.3110236004609
28.3260267926180
28.3410299847751
28.3560331769322
28.3710363690893
28.3860395612464
28.4010427534035
28.4160459455606
28.4310491377177
28.4460523298749
28.4610555220320
28.4760587141891
28.4910619063462
28.5060650985033
28.5210682906604
28.5360714828175
28.5510746749746
28.5660778671317
28.5810810592888
28.5960842514459
28.6110874436030
28.6260906357601
28.6410938279172
28.6560970200744
28.6711002122315
28.6861034043886
28.7011065965457
28.7161097887028
28.7311129808599
28.7461161730170
28.7611193651741
28.7761225573312
28.7911257494883
28.8061289416454
28.8211321338025
28.8361353259596
28.8511385181167
28.8661417102739
28.8811449024310
28.8961480945881
28.9111512867452
28.9261544789023
28.9411576710594
28.9561608632165
28.9711640553736
28.9861672475307
29.0011704396878
29.0161736318449
29.0311768240020
29.0461800161591
29.0611832083162
29.0761864004734
29.0911895926305
29.1061927847876
29.1211959769447
29.1361991691018
29.1512023612589
29.1662055534160
29.1812087455731
29.1962119377302
29.2112151298873
29.2262183220444
29.2412215142015
29.2562247063586
29.2712278985157
29.2862310906728
29.3012342828300
29.3162374749871
29.3312406671442
29.3462438593013
29.3612470514584
29.3762502436155
29.3912534357726
29.4062566279297
29.4212598200868
29.4362630122439
29.4512662044010
29.4662693965581
29.4812725887152
29.4962757808723
29.5112789730294
29.5262821651866
29.5412853573437
29.5562885495008
29.5712917416579
29.5862949338150
29.6012981259721
29.6163013181292
29.6313045102863
29.6463077024434
29.6613108946005
29.6763140867576
29.6913172789147
29.7063204710718
29.7213236632289
29.7363268553861
29.7513300475432
29.7663332397003
29.7813364318574
29.7963396240145
29.8113428161716
29.8263460083287
29.8413492004858
29.8563523926429
29.8713555848000
29.8863587769571
29.9013619691142
29.9163651612713
29.9313683534284
29.9463715455856
29.9613747377427
29.9763779298998
29.9913811220569
30.0063843142140
30.0213875063711
30.0363906985282
30.0513938906853
30.0663970828424
30.0814002749995
30.0964034671566
30.1114066593137
30.1264098514708
30.1414130436279
30.1564162357851
30.1714194279422
30.1864226200993
30.2014258122564
30.2164290044135
30.2314321965706
30.2464353887277
30.2614385808848
30.2764417730419
30.2914449651990
30.3064481573561
30.3214513495132
30.3364545416703
30.3514577338274
30.3664609259845
30.3814641181417
30.3964673102988
30.4114705024559
30.4264736946130
30.4414768867701
30.4564800789272
30.4714832710843
30.4864864632414
30.5014896553985
30.5164928475556
30.5314960397127
30.5464992318698
30.5615024240269
30.5765056161840
30.5915088083412
30.6065120004983
30.6215151926554
30.6365183848125
30.6515215769696
30.6665247691267
30.6815279612838
30.6965311534409
30.7115343455980
30.7265375377551
30.7415407299122
30.7565439220693
30.7715471142264
30.7865503063835
30.8015534985407
30.8165566906978
30.8315598828549
30.8465630750120
30.8615662671691
30.8765694593262
30.8915726514833
30.9065758436404
30.9215790357975
30.9365822279546
30.9515854201117
30.9665886122688
30.9815918044259
30.9965949965830
31.0115981887401
31.0266013808973
31.0416045730544
31.0566077652115
31.0716109573686
31.0866141495257
31.1016173416828
31.1166205338399
31.1316237259970
31.1466269181541
31.1616301103112
31.1766333024683
31.1916364946254
31.2066396867825
31.2216428789396
31.2366460710968
31.2516492632539
31.2666524554110
31.2816556475681
31.2966588397252
31.3116620318823
31.3266652240394
31.3416684161965
31.3566716083536
31.3716748005107
31.3866779926678
31.4016811848249
31.4166843769820
31.4316875691391
31.4466907612963
31.4616939534534
31.4766971456105
31.4917003377676
31.5067035299247
31.5217067220818
31.5367099142389
31.5517131063960
31.5667162985531
31.5817194907102
31.5967226828673
31.6117258750244
31.6267290671815
31.6417322593386
31.6567354514958
31.6717386436529
31.6867418358100
31.7017450279671
31.7167482201242
31.7317514122813
31.7467546044384
31.7617577965955
31.7767609887526
31.7917641809097
31.8067673730668
31.8217705652239
31.8367737573810
31.8517769495381
31.8667801416953
31.8817833338524
31.8967865260095
31.9117897181666
31.9267929103237
31.9417961024808
31.9567992946379
31.9718024867950
31.9868056789521
32.0018088711092
32.0168120632663
32.0318152554234
32.0468184475805
32.0618216397376
32.0768248318948
32.0918280240519
32.1068312162090
32.1218344083661
32.1368376005232
32.1518407926803
32.1668439848374
32.1818471769945
32.1968503691516
32.2118535613087
32.2268567534658
32.2418599456229
32.2568631377800
32.2718663299371
32.2868695220942
32.3018727142513
32.3168759064085
32.3318790985656
32.3468822907227
32.3618854828798
32.3768886750369
32.3918918671940
32.4068950593511
32.4218982515082
32.4369014436653
32.4519046358224
32.4669078279795
32.4819110201366
32.4969142122937
32.5119174044509
32.5269205966080
32.5419237887651
32.5569269809222
32.5719301730793
32.5869333652364
32.6019365573935
32.6169397495506
32.6319429417077
32.6469461338648
32.6619493260219
32.6769525181790
32.6919557103361
32.7069589024932
32.7219620946503
32.7369652868075
32.7519684789646
32.7669716711217
32.7819748632788
32.7969780554359
32.8119812475930
32.8269844397501
32.8419876319072
32.8569908240643
32.8719940162214
32.8869972083785
32.9020004005356
32.9170035926927
32.9320067848498
32.9470099770070
32.9620131691641
32.9770163613212
32.9920195534783
33.0070227456354
33.0220259377925
33.0370291299496
33.0520323221067
33.0670355142638
33.0820387064209
33.0970418985780
33.1120450907351
33.1270482828922
33.1420514750493
33.1570546672064
33.1720578593636
33.1870610515207
33.2020642436778
33.2170674358349
33.2320706279920
33.2470738201491
33.2620770123062
33.2770802044633
33.2920833966204
33.3070865887775
33.3220897809346
33.3370929730917
33.3520961652488
33.3670993574060
33.3821025495631
33.3971057417202
33.4121089338773
33.4271121260344
33.4421153181915
33.4571185103486
33.4721217025057
33.4871248946628
33.5021280868199
33.5171312789770
33.5321344711341
33.5471376632912
33.5621408554483
33.5771440476054
33.5921472397626
33.6071504319197
33.6221536240768
33.6371568162339
33.6521600083910
33.6671632005481
33.6821663927052
33.6971695848623
33.7121727770194
33.7271759691765
33.7421791613336
33.7571823534907
33.7721855456478
33.7871887378049
33.8021919299621
33.8171951221192
33.8321983142763
33.8472015064334
33.8622046985905
33.8772078907476
33.8922110829047
33.9072142750618
33.9222174672189
33.9372206593760
33.9522238515331
33.9672270436902
33.9822302358473
33.9972334280044
34.0122366201615
34.0272398123187
34.0422430044758
34.0572461966329
34.0722493887900
34.0872525809471
34.1022557731042
34.1172589652613
34.1322621574184
34.1472653495755
34.1622685417326
34.1772717338897
34.1922749260468
34.2072781182039
34.2222813103611
34.2372845025182
34.2522876946753
34.2672908868324
34.2822940789895
34.2972972711466
34.3123004633037
34.3273036554608
34.3423068476179
34.3573100397750
34.3723132319321
34.3873164240892
34.4023196162463
34.4173228084034
34.4323260005605
34.4473291927177
34.4623323848748
34.4773355770319
34.4923387691890
34.5073419613461
34.5223451535032
34.5373483456603
34.5523515378174
34.5673547299745
34.5823579221316
34.5973611142887
34.6123643064458
34.6273674986029
34.6423706907600
34.6573738829172
34.6723770750743
34.6873802672314
34.7023834593885
34.7173866515456
34.7323898437027
34.7473930358598
34.7623962280169
34.7773994201740
34.7924026123311
34.8074058044882
34.8224089966453
34.8374121888024
34.8524153809595
34.8674185731167
34.8824217652738
34.8974249574309
34.9124281495880
34.9274313417451
34.9424345339022
34.9574377260593
34.9724409182164
34.9874441103735
35.0024473025306
35.0174504946877
35.0324536868448
35.0474568790019
35.0624600711590
35.0774632633162
35.0924664554733
35.1074696476304
35.1224728397875
35.1374760319446
35.1524792241017
35.1674824162588
35.1824856084159
35.1974888005730
35.2124919927301
35.2274951848872
35.2424983770443
35.2575015692014
35.2725047613585
35.2875079535156
35.3025111456727
35.3175143378299
35.3325175299870
35.3475207221441
35.3625239143012
35.3775271064583
35.3925302986154
35.4075334907725
35.4225366829296
35.4375398750867
35.4525430672438
35.4675462594009
35.4825494515580
35.4975526437151
35.5125558358722
35.5275590280294
35.5425622201865
35.5575654123436
35.5725686045007
35.5875717966578
35.6025749888149
35.6175781809720
35.6325813731291
35.6475845652862
35.6625877574433
35.6775909496004
35.6925941417575
35.7075973339146
35.7226005260717
35.7376037182289
35.7526069103860
35.7676101025431
35.7826132947002
35.7976164868573
35.8126196790144
35.8276228711715
35.8426260633286
35.8576292554857
35.8726324476428
35.8876356397999
35.9026388319570
35.9176420241141
35.9326452162712
35.9476484084284
35.9626516005855
35.9776547927426
35.9926579848997
36.0076611770568
36.0226643692139
36.0376675613710
36.0526707535281
36.0676739456852
36.0826771378423
36.0976803299994
36.1126835221565
36.1276867143136
36.1426899064707
36.1576930986278
36.1726962907850
36.1876994829421
36.2027026750992
36.2177058672563
36.2327090594134
36.2477122515705
36.2627154437276
36.2777186358847
36.2927218280418
36.3077250201989
36.3227282123560
36.3377314045131
36.3527345966702
36.3677377888273
36.3827409809845
36.3977441731416
36.4127473652987
36.4277505574558
36.4427537496129
36.4577569417700
36.4727601339271
36.4877633260842
36.5027665182413
36.5177697103984
36.5327729025555
36.5477760947126
36.5627792868697
36.5777824790268
36.5927856711840
36.6077888633411
36.6227920554982
36.6377952476553
36.6527984398124
36.6678016319695
36.6828048241266
36.6978080162837
36.7128112084408
36.7278144005979
36.7428175927550
36.7578207849121
36.7728239770692
36.7878271692263
36.8028303613835
36.8178335535406
36.8328367456977
36.8478399378548
36.8628431300119
36.8778463221690
36.8928495143261
36.9078527064832
36.9228558986403
36.9378590907974
36.9528622829545
36.9678654751116
36.9828686672687
36.9978718594258
37.0128750515829
37.0278782437401
37.0428814358972
37.0578846280543
37.0728878202114
37.0878910123685
37.1028942045256
37.1178973966827
37.1329005888398
37.1479037809969
37.1629069731540
37.1779101653111
37.1929133574682
37.2079165496253
37.2229197417825
37.2379229339396
37.2529261260967
37.2679293182538
37.2829325104109
37.2979357025680
37.3129388947251
37.3279420868822
37.3429452790393
37.3579484711964
37.3729516633535
37.3879548555106
37.4029580476677
37.4179612398248
37.4329644319819
37.4479676241391
37.4629708162962
37.4779740084533
37.4929772006104
37.5079803927675
37.5229835849246
37.5379867770817
37.5529899692388
37.5679931613959
37.5829963535530
37.5979995457101
37.6130027378672
37.6280059300243
37.6430091221814
37.6580123143386
37.6730155064957
37.6880186986528
37.7030218908099
37.7180250829670
37.7330282751241
37.7480314672812
37.7630346594383
37.7780378515954
37.7930410437525
37.8080442359096
37.8230474280667
37.8380506202238
37.8530538123809
37.8680570045380
37.8830601966952
37.8980633888523
37.9130665810094
37.9280697731665
37.9430729653236
37.9580761574807
37.9730793496378
37.9880825417949
38.0030857339520
38.0180889261091
38.0330921182662
38.0480953104233
38.0630985025804
38.0781016947375
38.0931048868946
38.1081080790518
38.1231112712089
38.1381144633660
38.1531176555231
38.1681208476802
38.1831240398373
38.1981272319944
38.2131304241515
38.2281336163086
38.2431368084657
38.2581400006228
38.2731431927799
38.2881463849370
38.3031495770941
38.3181527692513
38.3331559614084
38.3481591535655
38.3631623457226
38.3781655378797
38.3931687300368
38.4081719221939
38.4231751143510
38.4381783065081
38.4531814986652
38.4681846908223
38.4831878829794
38.4981910751365
38.5131942672936
38.5281974594508
38.5432006516079
38.5582038437650
38.5732070359221
38.5882102280792
38.6032134202363
38.6182166123934
38.6332198045505
38.6482229967076
38.6632261888647
38.6782293810218
38.6932325731789
38.7082357653360
38.7232389574931
38.7382421496503
38.7532453418074
38.7682485339645
38.7832517261216
38.7982549182787
38.8132581104358
38.8282613025929
38.8432644947500
38.8582676869071
38.8732708790642
38.8882740712213
38.9032772633784
38.9182804555355
38.9332836476926
38.9482868398498
38.9632900320069
38.9782932241640
38.9932964163211
39.0082996084782
39.0233028006353
39.0383059927924
39.0533091849495
39.0683123771066
39.0833155692637
39.0983187614208
39.1133219535779
39.1283251457350
39.1433283378921
39.1583315300492
39.1733347222064
39.1883379143635
39.2033411065206
39.2183442986777
39.2333474908348
39.2483506829919
39.2633538751490
39.2783570673061
39.2933602594632
39.3083634516203
39.3233666437774
39.3383698359345
39.3533730280916
39.3683762202487
39.3833794124059
39.3983826045630
39.4133857967201
39.4283889888772
39.4433921810343
39.4583953731914
39.4733985653485
39.4884017575056
39.5034049496627
39.5184081418198
39.5334113339769
39.5484145261340
39.5634177182911
39.5784209104482
39.5934241026054
39.6084272947625
39.6234304869196
39.6384336790767
39.6534368712338
39.6684400633909
39.6834432555480
39.6984464477051
39.7134496398622
39.7284528320193
39.7434560241764
39.7584592163335
39.7734624084906
39.7884656006477
39.8034687928049
39.8184719849620
39.8334751771191
39.8484783692762
39.8634815614333
39.8784847535904
39.8934879457475
39.9084911379046
39.9234943300617
39.9384975222188
39.9535007143759
39.9685039065330
39.9835070986901
39.9985102908472
40.0135134830043
40.0285166751615
40.0435198673186
40.0585230594757
40.0735262516328
40.0885294437899
40.1035326359470
40.1185358281041
40.1335390202612
40.1485422124183
40.1635454045754
40.1785485967325
40.1935517888896
40.2085549810467
40.2235581732038
40.2385613653609
40.2535645575181
40.2685677496752
40.2835709418323
40.2985741339894
40.3135773261465
40.3285805183036
40.3435837104607
40.3585869026178
40.3735900947749
40.3885932869320
40.4035964790891
40.4185996712462
40.4336028634033
40.4486060555604
40.4636092477176
40.4786124398747
40.4936156320318
40.5086188241889
40.5236220163460
40.5386252085031
40.5536284006602
40.5686315928173
40.5836347849744
40.5986379771315
40.6136411692886
40.6286443614457
40.6436475536028
40.6586507457599
40.6736539379171
40.6886571300742
40.7036603222313
40.7186635143884
40.7336667065455
40.7486698987026
40.7636730908597
40.7786762830168
40.7936794751739
40.8086826673310
40.8236858594881
40.8386890516452
40.8536922438023
40.8686954359594
40.8836986281166
40.8987018202737
40.9137050124308
40.9287082045879
40.9437113967450
40.9587145889021
40.9737177810592
40.9887209732163
41.0037241653734
41.0187273575305
41.0337305496876
41.0487337418447
41.0637369340018
41.0787401261589
41.0937433183160
41.1087465104732
41.1237497026303
41.1387528947874
41.1537560869445
41.1687592791016
41.1837624712587
41.1987656634158
41.2137688555729
41.2287720477300
41.2437752398871
41.2587784320442
41.2737816242013
41.2887848163584
41.3037880085155
41.3187912006727
41.3337943928298
41.3487975849869
41.3638007771440
41.3788039693011
41.3938071614582
41.4088103536153
41.4238135457724
41.4388167379295
41.4538199300866
41.4688231222437
41.4838263144008
41.4988295065579
41.5138326987150
41.5288358908722
41.5438390830293
41.5588422751864
41.5738454673435
41.5888486595006
41.6038518516577
41.6188550438148
41.6338582359719
41.6488614281290
41.6638646202861
41.6788678124432
41.6938710046003
41.7088741967574
41.7238773889145
41.7388805810717
41.7538837732288
41.7688869653859
41.7838901575430
41.7988933497001
41.8138965418572
41.8288997340143
41.8439029261714
41.8589061183285
41.8739093104856
41.8889125026427
41.9039156947998
41.9189188869569
41.9339220791140
41.9489252712711
41.9639284634283
41.9789316555854
41.9939348477425
42.0089380398996
42.0239412320567
42.0389444242138
42.0539476163709
42.0689508085280
42.0839540006851
42.0989571928422
42.1139603849993
42.1289635771564
42.1439667693135
42.1589699614706
42.1739731536278
42.1889763457849
42.2039795379420
42.2189827300991
42.2339859222562
42.2489891144133
42.2639923065704
42.2789954987275
42.2939986908846
42.3090018830417
42.3240050751988
42.3390082673559
42.3540114595130
42.3690146516701
42.3840178438273
42.3990210359844
42.4140242281415
42.4290274202986
42.4440306124557
42.4590338046128
42.4740369967699
42.4890401889270
42.5040433810841
42.5190465732412
42.5340497653983
42.5490529575554
42.5640561497125
42.5790593418696
42.5940625340268
42.6090657261839
42.6240689183410
42.6390721104981
42.6540753026552
42.6690784948123
42.6840816869694
42.6990848791265
42.7140880712836
42.7290912634407
42.7440944555978
42.7590976477549
42.7741008399120
42.7891040320691
42.8041072242262
42.8191104163833
42.8341136085405
42.8491168006976
42.8641199928547
42.8791231850118
42.8941263771689
42.9091295693260
42.9241327614831
42.9391359536402
42.9541391457973
42.9691423379544
42.9841455301115
42.9991487222686
43.0141519144257
43.0291551065829
43.0441582987400
43.0591614908971
43.0741646830542
43.0891678752113
43.1041710673684
43.1191742595255
43.1341774516826
43.1491806438397
43.1641838359968
43.1791870281539
43.1941902203110
43.2091934124681
43.2241966046252
43.2391997967823
43.2542029889395
43.2692061810966
43.2842093732537
43.2992125654108
43.3142157575679
43.3292189497250
43.3442221418821
43.3592253340392
43.3742285261963
43.3892317183534
43.4042349105105
43.4192381026676
43.4342412948247
43.4492444869818
43.4642476791390
43.4792508712961
43.4942540634532
43.5092572556103
43.5242604477674
43.5392636399245
43.5542668320816
43.5692700242387
43.5842732163958
43.5992764085529
43.6142796007100
43.6292827928671
43.6442859850242
43.6592891771813
43.6742923693384
43.6892955614956
43.7042987536527
43.7193019458098
43.7343051379669
43.7493083301240
43.7643115222811
43.7793147144382
43.7943179065953
43.8093210987524
43.8243242909095
43.8393274830666
43.8543306752237
43.8693338673808
43.8843370595380
43.8993402516951
43.9143434438522
43.9293466360093
43.9443498281664
43.9593530203235
43.9743562124806
43.9893594046377
44.0043625967948
44.0193657889519
44.0343689811090
44.0493721732661
44.0643753654232
44.0793785575803
44.0943817497374
44.1093849418946
44.1243881340517
44.1393913262088
44.1543945183659
44.1693977105230
44.1844009026801
44.1994040948372
44.2144072869943
44.2294104791514
44.2444136713085
44.2594168634656
44.2744200556227
44.2894232477798
44.3044264399369
44.3194296320941
44.3344328242512
44.3494360164083
44.3644392085654
44.3794424007225
44.3944455928796
44.4094487850367
44.4244519771938
44.4394551693509
44.4544583615080
44.4694615536651
44.4844647458222
44.4994679379793
44.5144711301364
44.5294743222935
44.5444775144507
44.5594807066078
44.5744838987649
44.5894870909220
44.6044902830791
44.6194934752362
44.6344966673933
44.6494998595504
44.6645030517075
44.6795062438646
44.6945094360217
44.7095126281788
44.7245158203359
44.7395190124931
44.7545222046502
44.7695253968073
44.7845285889644
44.7995317811215
44.8145349732786
44.8295381654357
44.8445413575928
44.8595445497499
44.8745477419070
44.8895509340641
44.9045541262212
44.9195573183783
44.9345605105354
44.9495637026925
44.9645668948497
44.9795700870068
44.9945732791639
45.0095764713210
45.0245796634781
45.0395828556352
45.0545860477923
45.0695892399494
45.0845924321065
45.0995956242636
45.1145988164207
45.1296020085778
45.1446052007349
45.1596083928920
45.1746115850492
45.1896147772063
45.2046179693634
45.2196211615205
45.2346243536776
45.2496275458347
45.2646307379918
45.2796339301489
45.2946371223060
45.3096403144631
45.3246435066202
45.3396466987773
45.3546498909344
45.3696530830915
45.3846562752486
45.3996594674058
45.4146626595629
45.4296658517200
45.4446690438771
45.4596722360342
45.4746754281913
45.4896786203484
45.5046818125055
45.5196850046626
45.5346881968197
45.5496913889768
45.5646945811339
45.5796977732910
45.5947009654482
45.6097041576053
45.6247073497624
45.6397105419195
45.6547137340766
45.6697169262337
45.6847201183908
45.6997233105479
45.7147265027050
45.7297296948621
45.7447328870192
45.7597360791763
45.7747392713334
45.7897424634905
45.8047456556476
45.8197488478047
45.8347520399619
45.8497552321190
45.8647584242761
45.8797616164332
45.8947648085903
45.9097680007474
45.9247711929045
45.9397743850616
45.9547775772187
45.9697807693758
45.9847839615329
45.9997871536900
46.0147903458471
46.0297935380042
46.0447967301614
46.0597999223185
46.0748031144756
46.0898063066327
46.1048094987898
46.1198126909469
46.1348158831040
46.1498190752611
46.1648222674182
46.1798254595753
46.1948286517324
46.2098318438895
46.2248350360466
46.2398382282037
46.2548414203609
46.2698446125180
46.2848478046751
46.2998509968322
46.3148541889893
46.3298573811464
46.3448605733035
46.3598637654606
46.3748669576177
46.3898701497748
46.4048733419319
46.4198765340890
46.4348797262461
46.4498829184032
46.4648861105604
46.4798893027175
46.4948924948746
46.5098956870317
46.5248988791888
46.5399020713459
46.5549052635030
46.5699084556601
46.5849116478172
46.5999148399743
46.6149180321314
46.6299212242885
46.6449244164456
46.6599276086027
46.6749308007598
46.6899339929170
46.7049371850741
46.7199403772312
46.7349435693883
46.7499467615454
46.7649499537025
46.7799531458596
46.7949563380167
46.8099595301738
46.8249627223309
46.8399659144880
46.8549691066451
46.8699722988022
46.8849754909593
46.8999786831165
46.9149818752736
46.9299850674307
46.9449882595878
46.9599914517449
46.9749946439020
46.9899978360591
47.0050010282162
47.0200042203733
47.0350074125304
47.0500106046875
47.0650137968446
47.0800169890017
47.0950201811588
47.1100233733160
47.1250265654731
47.1400297576302
47.1550329497873
47.1700361419444
47.1850393341015
47.2000425262586
47.2150457184157
47.2300489105728
47.2450521027299
47.2600552948870
47.2750584870441
47.2900616792012
47.3050648713583
47.3200680635155
47.3350712556726
47.3500744478297
47.3650776399868
47.3800808321439
47.3950840243010
47.4100872164581
47.4250904086152
47.4400936007723
47.4550967929294
47.4700999850865
47.4851031772436
47.5001063694007
47.5151095615578
47.5301127537149
47.5451159458721
47.5601191380292
47.5751223301863
47.5901255223434
47.6051287145005
47.6201319066576
47.6351350988147
47.6501382909718
47.6651414831289
47.6801446752860
47.6951478674431
47.7101510596002
47.7251542517573
47.7401574439144
47.7551606360716
47.7701638282287
47.7851670203858
47.8001702125429
47.8151734047000
47.8301765968571
47.8451797890142
47.8601829811713
47.8751861733284
47.8901893654855
47.9051925576426
47.9201957497997
47.9351989419568
47.9502021341139
47.9652053262711
47.9802085184282
47.9952117105853
48.0102149027424
48.0252180948995
48.0402212870566
48.0552244792137
48.0702276713708
48.0852308635279
48.1002340556850
48.1152372478421
48.1302404399992
48.1452436321563
48.1602468243134
48.1752500164706
48.1902532086277
48.2052564007848
48.2202595929419
48.2352627850990
48.2502659772561
48.2652691694132
48.2802723615703
48.2952755537274
48.3102787458845
48.3252819380416
48.3402851301987
48.3552883223558
48.3702915145129
48.3852947066700
48.4002978988272
48.4153010909843
48.4303042831414
48.4453074752985
48.4603106674556
48.4753138596127
48.4903170517698
48.5053202439269
48.5203234360840
48.5353266282411
48.5503298203982
48.5653330125553
48.5803362047124
48.5953393968696
48.6103425890266
48.6253457811838
48.6403489733409
48.6553521654980
48.6703553576551
48.6853585498122
48.7003617419693
48.7153649341264
48.7303681262835
48.7453713184406
48.7603745105977
48.7753777027548
48.7903808949119
48.8053840870690
48.8203872792261
48.8353904713833
48.8503936635404
48.8653968556975
48.8804000478546
48.8954032400117
48.9104064321688
48.9254096243259
48.9404128164830
48.9554160086401
48.9704192007972
48.9854223929543
49.0004255851114
49.0154287772685
49.0304319694256
49.0454351615828
49.0604383537399
49.0754415458970
49.0904447380541
49.1054479302112
49.1204511223683
49.1354543145254
49.1504575066825
49.1654606988396
49.1804638909967
49.1954670831538
49.2104702753109
49.2254734674680
49.2404766596251
49.2554798517823
49.2704830439394
49.2854862360965
49.3004894282536
49.3154926204107
49.3304958125678
49.3454990047249
49.3605021968820
49.3755053890391
49.3905085811962
49.4055117733533
49.4205149655104
49.4355181576675
49.4505213498246
49.4655245419817
49.4805277341389
49.4955309262960
49.5105341184531
49.5255373106102
49.5405405027673
49.5555436949244
49.5705468870815
49.5855500792386
49.6005532713957
49.6155564635528
49.6305596557099
49.6455628478670
49.6605660400241
49.6755692321812
49.6905724243384
49.7055756164955
49.7205788086526
49.7355820008097
49.7505851929668
49.7655883851239
49.7805915772810
49.7955947694381
49.8105979615952
49.8256011537523
49.8406043459094
49.8556075380665
49.8706107302236
49.8856139223807
49.9006171145379
49.9156203066950
49.9306234988521
49.9456266910092
49.9606298831663
49.9756330753234
49.9906362674805
50.0056394596376
50.0206426517947
50.0356458439518
50.0506490361089
50.0656522282660
50.0806554204231
50.0956586125802
50.1106618047374
50.1256649968945
50.1406681890516
50.1556713812087
50.1706745733658
50.1856777655229
50.2006809576800
50.2156841498371
50.2306873419942
50.2456905341513
50.2606937263084
50.2756969184655
50.2907001106226
50.3057033027797
50.3207064949369
50.3357096870940
50.3507128792511
50.3657160714082
50.3807192635653
50.3957224557224
50.4107256478795
50.4257288400366
50.4407320321937
50.4557352243508
50.4707384165079
50.4857416086650
50.5007448008221
50.5157479929792
50.5307511851363
50.5457543772935
50.5607575694506
50.5757607616077
50.5907639537648
50.6057671459219
50.6207703380790
50.6357735302361
50.6507767223932
50.6657799145503
50.6807831067074
50.6957862988645
50.7107894910216
50.7257926831787
50.7407958753358
50.7557990674930
50.7708022596501
50.7858054518072
50.8008086439643
50.8158118361214
50.8308150282785
50.8458182204356
50.8608214125927
50.8758246047498
50.8908277969069
50.9058309890640
50.9208341812211
50.9358373733782
50.9508405655353
50.9658437576925
50.9808469498496
50.9958501420067
51.0108533341638
51.0258565263209
51.0408597184780
51.0558629106351
51.0708661027922
51.0858692949493
51.1008724871064
51.1158756792635
51.1308788714206
51.1458820635777
51.1608852557348
51.1758884478920
51.1908916400491
51.2058948322062
51.2208980243633
51.2359012165204
51.2509044086775
51.2659076008346
51.2809107929917
51.2959139851488
51.3109171773059
51.3259203694630
51.3409235616201
51.3559267537772
51.3709299459343
51.3859331380914
51.4009363302486
51.4159395224057
51.4309427145628
51.4459459067199
51.4609490988770
51.4759522910341
51.4909554831912
51.5059586753483
51.5209618675054
51.5359650596625
51.5509682518196
51.5659714439767
51.5809746361338
51.5959778282909
51.6109810204480
51.6259842126052
51.6409874047623
51.6559905969194
51.6709937890765
51.6859969812336
51.7010001733907
51.7160033655478
51.7310065577049
51.7460097498620
51.7610129420191
51.7760161341762
51.7910193263333
51.8060225184904
51.8210257106475
51.8360289028047
51.8510320949618
51.8660352871189
51.8810384792760
51.8960416714331
51.9110448635902
51.9260480557473
51.9410512479044
51.9560544400615
51.9710576322186
51.9860608243757
52.0010640165328
52.0160672086899
52.0310704008470
52.0460735930042
52.0610767851613
52.0760799773184
52.0910831694755
52.1060863616326
52.1210895537897
52.1360927459468
52.1510959381039
52.1660991302610
52.1811023224181
52.1961055145752
52.2111087067323
52.2261118988894
52.2411150910465
52.2561182832037
52.2711214753608
52.2861246675179
52.3011278596750
52.3161310518321
52.3311342439892
52.3461374361463
52.3611406283034
52.3761438204605
52.3911470126176
52.4061502047747
52.4211533969318
52.4361565890889
52.4511597812460
52.4661629734031
52.4811661655603
52.4961693577174
52.5111725498745
52.5261757420316
52.5411789341887
52.5561821263458
52.5711853185029
52.5861885106600
52.6011917028171
52.6161948949742
52.6311980871313
52.6462012792884
52.6612044714455
52.6762076636026
52.6912108557598
52.7062140479169
52.7212172400740
52.7362204322311
52.7512236243882
52.7662268165453
52.7812300087024
52.7962332008595
52.8112363930166
52.8262395851737
52.8412427773308
52.8562459694879
52.8712491616450
52.8862523538021
52.9012555459593
52.9162587381164
52.9312619302735
52.9462651224306
52.9612683145877
52.9762715067448
52.9912746989019
53.0062778910590
53.0212810832161
53.0362842753732
53.0512874675303
53.0662906596874
53.0812938518445
53.0962970440016
53.1113002361588
53.1263034283159
53.1413066204730
53.1563098126301
53.1713130047872
53.1863161969443
53.2013193891014
53.2163225812585
53.2313257734156
53.2463289655727
53.2613321577298
53.2763353498869
53.2913385420440
53.3063417342011
53.3213449263582
53.3363481185153
53.3513513106725
53.3663545028296
53.3813576949867
53.3963608871438
53.4113640793009
53.4263672714580
53.4413704636151
53.4563736557722
53.4713768479293
53.4863800400864
53.5013832322435
53.5163864244006
53.5313896165577
53.5463928087149
53.5613960008720
53.5763991930291
53.5914023851862
53.6064055773433
53.6214087695004
53.6364119616575
53.6514151538146
53.6664183459717
53.6814215381288
53.6964247302859
53.7114279224430
53.7264311146001
53.7414343067572
53.7564374989143
53.7714406910715
53.7864438832286
53.8014470753857
53.8164502675428
53.8314534596999
53.8464566518570
53.8614598440141
53.8764630361712
53.8914662283283
53.9064694204854
53.9214726126425
53.9364758047996
53.9514789969567
53.9664821891138
53.9814853812710
53.9964885734281
54.0114917655852
54.0264949577423
54.0414981498994
54.0565013420565
54.0715045342136
54.0865077263707
54.1015109185278
54.1165141106849
54.1315173028420
54.1465204949991
54.1615236871562
54.1765268793133
54.1915300714704
54.2065332636276
54.2215364557847
54.2365396479418
54.2515428400989
54.2665460322560
54.2815492244131
54.2965524165702
54.3115556087273
54.3265588008844
54.3415619930415
54.3565651851986
54.3715683773557
54.3865715695128
54.4015747616700
54.4165779538271
54.4315811459842
54.4465843381413
54.4615875302984
54.4765907224555
54.4915939146126
54.5065971067697
54.5216002989268
54.5366034910839
54.5516066832410
54.5666098753981
54.5816130675552
54.5966162597123
54.6116194518694
54.6266226440266
54.6416258361837
54.6566290283408
54.6716322204979
54.6866354126550
54.7016386048121
54.7166417969692
54.7316449891263
54.7466481812834
54.7616513734405
54.7766545655976
54.7916577577547
54.8066609499118
54.8216641420689
54.8366673342261
54.8516705263832
54.8666737185403
54.8816769106974
54.8966801028545
54.9116832950116
54.9266864871687
54.9416896793258
54.9566928714829
54.9716960636400
54.9866992557971
55.0017024479542
55.0167056401113
55.0317088322684
55.0467120244255
55.0617152165827
55.0767184087398
55.0917216008969
55.1067247930540
55.1217279852111
55.1367311773682
55.1517343695253
55.1667375616824
55.1817407538395
55.1967439459966
55.2117471381537
55.2267503303108
55.2417535224679
55.2567567146251
55.2717599067822
55.2867630989393
55.3017662910964
55.3167694832535
55.3317726754106
55.3467758675677
55.3617790597248
55.3767822518819
55.3917854440390
55.4067886361961
55.4217918283532
55.4367950205103
55.4517982126674
55.4668014048245
55.4818045969817
55.4968077891388
55.5118109812959
55.5268141734530
55.5418173656101
55.5568205577672
55.5718237499243
55.5868269420814
55.6018301342385
55.6168333263956
55.6318365185527
55.6468397107098
55.6618429028669
55.6768460950240
55.6918492871812
55.7068524793383
55.7218556714954
55.7368588636525
55.7518620558096
55.7668652479667
55.7818684401238
55.7968716322809
55.8118748244380
55.8268780165951
55.8418812087522
55.8568844009093
55.8718875930664
55.8868907852235
55.9018939773806
55.9168971695378
55.9319003616949
55.9469035538520
55.9619067460091
55.9769099381662
55.9919131303233
56.0069163224804
56.0219195146375
56.0369227067946
56.0519258989517
56.0669290911088
56.0819322832659
56.0969354754230
56.1119386675801
56.1269418597373
56.1419450518944
56.1569482440515
56.1719514362086
56.1869546283657
56.2019578205228
56.2169610126799
56.2319642048370
56.2469673969941
56.2619705891512
56.2769737813083
56.2919769734654
56.3069801656225
56.3219833577796
56.3369865499368
56.3519897420939
56.3669929342510
56.3819961264081
56.3969993185652
56.4120025107223
56.4270057028794
56.4420088950365
56.4570120871936
56.4720152793507
56.4870184715078
56.5020216636649
56.5170248558220
56.5320280479791
56.5470312401362
56.5620344322934
56.5770376244505
56.5920408166076
56.6070440087647
56.6220472009218
56.6370503930789
56.6520535852360
56.6670567773931
56.6820599695502
56.6970631617073
56.7120663538644
56.7270695460215
56.7420727381786
56.7570759303357
56.7720791224929
56.7870823146500
56.8020855068071
56.8170886989642
56.8320918911213
56.8470950832784
56.8620982754355
56.8771014675926
56.8921046597497
56.9071078519068
56.9221110440639
56.9371142362210
56.9521174283781
56.9671206205352
56.9821238126924
56.9971270048495
57.0121301970066
57.0271333891637
57.0421365813208
57.0571397734779
57.0721429656350
57.0871461577921
57.1021493499492
57.1171525421063
57.1321557342634
57.1471589264205
57.1621621185776
57.1771653107347
57.1921685028919
57.2071716950490
57.2221748872061
57.2371780793632
57.2521812715203
57.2671844636774
57.2821876558345
57.2971908479916
57.3121940401487
57.3271972323058
57.3422004244629
57.3572036166200
57.3722068087771
57.3872100009342
57.4022131930913
57.4172163852485
57.4322195774056
57.4472227695627
57.4622259617198
57.4772291538769
57.4922323460340
57.5072355381911
57.5222387303482
57.5372419225053
57.5522451146624
57.5672483068195
57.5822514989766
57.5972546911337
57.6122578832909
57.6272610754480
57.6422642676051
57.6572674597622
57.6722706519193
57.6872738440764
57.7022770362335
57.7172802283906
57.7322834205477
57.7472866127048
57.7622898048619
57.7772929970190
57.7922961891761
57.8072993813332
57.8223025734903
57.8373057656475
57.8523089578046
57.8673121499617
57.8823153421188
57.8973185342759
57.9123217264330
57.9273249185901
57.9423281107472
57.9573313029043
57.9723344950614
57.9873376872185
58.0023408793756
58.0173440715327
58.0323472636898
58.0473504558469
58.0623536480041
58.0773568401612
58.0923600323183
58.1073632244754
58.1223664166325
58.1373696087896
58.1523728009467
58.1673759931038
58.1823791852609
58.1973823774180
58.2123855695751
58.2273887617322
58.2423919538893
58.2573951460464
58.2723983382036
58.2874015303607
58.3024047225178
58.3174079146749
58.3324111068320
58.3474142989891
58.3624174911462
58.3774206833033
58.3924238754604
58.4074270676175
58.4224302597746
58.4374334519317
58.4524366440888
58.4674398362459
58.4824430284031
58.4974462205602
58.5124494127173
58.5274526048744
58.5424557970315
58.5574589891886
58.5724621813457
58.5874653735028
58.6024685656599
58.6174717578170
58.6324749499741
58.6474781421312
58.6624813342883
58.6774845264454
58.6924877186026
58.7074909107597
58.7224941029168
58.7374972950739
58.7525004872310
58.7675036793881
58.7825068715452
58.7975100637023
58.8125132558594
58.8275164480165
58.8425196401736
58.8575228323307
58.8725260244878
58.8875292166449
58.9025324088020
58.9175356009592
58.9325387931163
58.9475419852734
58.9625451774305
58.9775483695876
58.9925515617447
59.0075547539018
59.0225579460589
59.0375611382160
59.0525643303731
59.0675675225302
59.0825707146873
59.0975739068444
59.1125770990015
59.1275802911587
59.1425834833158
59.1575866754729
59.1725898676300
59.1875930597871
59.2025962519442
59.2175994441013
59.2326026362584
59.2476058284155
59.2626090205726
59.2776122127297
59.2926154048868
59.3076185970439
59.3226217892010
59.3376249813582
59.3526281735153
59.3676313656724
59.3826345578295
59.3976377499866
59.4126409421437
59.4276441343008
59.4426473264579
59.4576505186150
59.4726537107721
59.4876569029292
59.5026600950863
59.5176632872434
59.5326664794005
59.5476696715577
59.5626728637148
59.5776760558719
59.5926792480290
59.6076824401861
59.6226856323432
59.6376888245003
59.6526920166574
59.6676952088145
59.6826984009716
59.6977015931287
59.7127047852858
59.7277079774429
59.7427111696000
59.7577143617571
59.7727175539143
59.7877207460714
59.8027239382285
59.8177271303856
59.8327303225427
59.8477335146998
59.8627367068569
59.8777398990140
59.8927430911711
59.9077462833282
59.9227494754853
59.9377526676424
59.9527558597995
59.9677590519567
59.9827622441138
59.9977654362708
60.0127686284280
60.0277718205851
60.0427750127422
60.0577782048993
60.0727813970564
60.0877845892135
60.1027877813706
60.1177909735277
60.1327941656848
60.1477973578419
60.1628005499990
60.1778037421561
60.1928069343132
60.2078101264704
60.2228133186275
60.2378165107846
60.2528197029417
60.2678228950988
60.2828260872559
60.2978292794130
60.3128324715701
60.3278356637272
60.3428388558843
60.3578420480414
60.3728452401985
60.3878484323556
60.4028516245128
60.4178548166698
60.4328580088270
60.4478612009841
60.4628643931412
60.4778675852983
60.4928707774554
60.5078739696125
60.5228771617696
60.5378803539267
60.5528835460838
60.5678867382409
60.5828899303980
60.5978931225551
60.6128963147122
60.6278995068694
60.6429026990265
60.6579058911836
60.6729090833407
60.6879122754978
60.7029154676549
60.7179186598120
60.7329218519691
60.7479250441262
60.7629282362833
60.7779314284404
60.7929346205975
60.8079378127546
60.8229410049118
60.8379441970688
60.8529473892259
60.8679505813831
60.8829537735402
60.8979569656973
60.9129601578544
60.9279633500115
60.9429665421686
60.9579697343257
60.9729729264828
60.9879761186399
61.0029793107970
61.0179825029541
61.0329856951112
61.0479888872683
61.0629920794255
61.0779952715826
61.0929984637397
61.1080016558968
61.1230048480539
61.1380080402110
61.1530112323681
61.1680144245252
61.1830176166823
61.1980208088394
61.2130240009965
61.2280271931536
61.2430303853107
61.2580335774678
61.2730367696249
61.2880399617821
61.3030431539392
61.3180463460963
61.3330495382534
61.3480527304105
61.3630559225676
61.3780591147247
61.3930623068818
61.4080654990389
61.4230686911960
61.4380718833531
61.4530750755102
61.4680782676673
61.4830814598245
61.4980846519816
61.5130878441387
61.5280910362958
61.5430942284529
61.5580974206100
61.5731006127671
61.5881038049242
61.6031069970813
61.6181101892384
61.6331133813955
61.6481165735526
61.6631197657097
61.6781229578668
61.6931261500239
61.7081293421810
61.7231325343382
61.7381357264953
61.7531389186524
61.7681421108095
61.7831453029666
61.7981484951237
61.8131516872808
61.8281548794379
61.8431580715950
61.8581612637521
61.8731644559092
61.8881676480663
61.9031708402234
61.9181740323806
61.9331772245377
61.9481804166948
61.9631836088519
61.9781868010090
61.9931899931661
62.0081931853232
62.0231963774803
62.0381995696374
62.0532027617945
62.0682059539516
62.0832091461087
62.0982123382658
62.1132155304229
62.1282187225800
62.1432219147372
62.1582251068943
62.1732282990514
62.1882314912085
62.2032346833656
62.2182378755227
62.2332410676798
62.2482442598369
62.2632474519940
62.2782506441511
62.2932538363082
62.3082570284653
62.3232602206224
62.3382634127796
62.3532666049367
62.3682697970938
62.3832729892509
62.3982761814080
62.4132793735651
62.4282825657222
62.4432857578793
62.4582889500364
62.4732921421935
62.4882953343506
62.5032985265077
62.5183017186648
62.5333049108219
62.5483081029790
62.5633112951362
62.5783144872933
62.5933176794504
62.6083208716075
62.6233240637646
62.6383272559217
62.6533304480788
62.6683336402359
62.6833368323930
62.6983400245501
62.7133432167072
62.7283464088643
62.7433496010214
62.7583527931785
62.7733559853357
62.7883591774928
62.8033623696499
62.8183655618070
62.8333687539641
62.8483719461212
62.8633751382783
62.8783783304354
62.8933815225925
62.9083847147496
62.9233879069067
62.9383910990638
62.9533942912209
62.9683974833780
62.9834006755351
62.9984038676923
63.0134070598494
63.0284102520065
63.0434134441636
63.0584166363207
63.0734198284778
63.0884230206349
63.1034262127920
63.1184294049491
63.1334325971062
63.1484357892633
63.1634389814204
63.1784421735775
63.1934453657347
63.2084485578917
63.2234517500489
63.2384549422060
63.2534581343631
63.2684613265202
63.2834645186773
63.2984677108344
63.3134709029915
63.3284740951486
63.3434772873057
63.3584804794628
63.3734836716199
63.3884868637770
63.4034900559341
63.4184932480913
63.4334964402484
63.4484996324055
63.4635028245626
63.4785060167197
63.4935092088768
63.5085124010339
63.5235155931910
63.5385187853481
63.5535219775052
63.5685251696623
63.5835283618194
63.5985315539765
63.6135347461336
63.6285379382907
63.6435411304479
63.6585443226050
63.6735475147621
63.6885507069192
63.7035538990763
63.7185570912334
63.7335602833905
63.7485634755476
63.7635666677047
63.7785698598618
63.7935730520189
63.8085762441760
63.8235794363331
63.8385826284902
63.8535858206474
63.8685890128045
63.8835922049616
63.8985953971187
63.9135985892758
63.9286017814329
63.9436049735900
63.9586081657471
63.9736113579042
63.9886145500613
64.0036177422184
64.0186209343755
64.0336241265326
64.0486273186897
64.0636305108469
64.0786337030040
64.0936368951611
64.1086400873182
64.1236432794753
64.1386464716324
64.1536496637895
64.1686528559466
64.1836560481037
64.1986592402608
64.2136624324179
64.2286656245750
64.2436688167321
64.2586720088892
64.2736752010463
64.2886783932035
64.3036815853606
64.3186847775177
64.3336879696748
64.3486911618319
64.3636943539890
64.3786975461461
64.3937007383032
64.4087039304603
64.4237071226174
64.4387103147745
64.4537135069316
64.4687166990887
64.4837198912458
64.4987230834030
64.5137262755601
64.5287294677172
64.5437326598743
64.5587358520314
64.5737390441885
64.5887422363456
64.6037454285027
64.6187486206598
64.6337518128169
64.6487550049740
64.6637581971311
64.6787613892882
64.6937645814454
64.7087677736025
64.7237709657596
64.7387741579167
64.7537773500738
64.7687805422309
64.7837837343880
64.7987869265451
64.8137901187022
64.8287933108593
64.8437965030164
64.8587996951735
64.8738028873306
64.8888060794877
64.9038092716448
64.9188124638019
64.9338156559591
64.9488188481162
64.9638220402733
64.9788252324304
64.9938284245875
65.0088316167446
65.0238348089017
65.0388380010588
65.0538411932159
65.0688443853730
65.0838475775301
65.0988507696872
65.1138539618443
65.1288571540015
65.1438603461586
65.1588635383157
65.1738667304728
65.1888699226299
65.2038731147870
65.2188763069441
65.2338794991012
65.2488826912583
65.2638858834154
65.2788890755725
65.2938922677296
65.3088954598867
65.3238986520438
65.3389018442010
65.3539050363580
65.3689082285152
65.3839114206723
65.3989146128294
65.4139178049865
65.4289209971436
65.4439241893007
65.4589273814578
65.4739305736149
65.4889337657720
65.5039369579291
65.5189401500862
65.5339433422433
65.5489465344004
65.5639497265575
65.5789529187147
65.5939561108718
65.6089593030289
65.6239624951860
65.6389656873431
65.6539688795002
65.6689720716573
65.6839752638144
65.6989784559715
65.7139816481286
65.7289848402857
65.7439880324428
65.7589912245999
65.7739944167571
65.7889976089142
65.8040008010713
65.8190039932284
65.8340071853855
65.8490103775426
65.8640135696997
65.8790167618568
65.8940199540139
65.9090231461710
65.9240263383281
65.9390295304852
65.9540327226423
65.9690359147995
65.9840391069565
65.9990422991136
66.0140454912708
66.0290486834279
66.0440518755850
66.0590550677421
66.0740582598992
66.0890614520563
66.1040646442134
66.1190678363705
66.1340710285276
66.1490742206847
66.1640774128418
66.1790806049989
66.1940837971560
66.2090869893132
66.2240901814703
66.2390933736274
66.2540965657845
66.2690997579416
66.2841029500987
66.2991061422558
66.3141093344129
66.3291125265700
66.3441157187271
66.3591189108842
66.3741221030413
66.3891252951984
66.4041284873555
66.4191316795127
66.4341348716698
66.4491380638269
66.4641412559840
66.4791444481411
66.4941476402982
66.5091508324553
66.5241540246124
66.5391572167695
66.5541604089266
66.5691636010837
66.5841667932408
66.5991699853979
66.6141731775550
66.6291763697121
66.6441795618693
66.6591827540264
66.6741859461835
66.6891891383406
66.7041923304977
66.7191955226548
66.7341987148119
66.7492019069690
66.7642050991261
66.7792082912832
66.7942114834403
66.8092146755974
66.8242178677545
66.8392210599116
66.8542242520688
66.8692274442259
66.8842306363830
66.8992338285401
66.9142370206972
66.9292402128543
66.9442434050114
66.9592465971685
66.9742497893256
66.9892529814827
67.0042561736398
67.0192593657969
67.0342625579540
67.0492657501112
67.0642689422683
67.0792721344254
67.0942753265825
67.1092785187396
67.1242817108967
67.1392849030538
67.1542880952109
67.1692912873680
67.1842944795251
67.1992976716822
67.2143008638393
67.2293040559964
67.2443072481535
67.2593104403106
67.2743136324677
67.2893168246249
67.3043200167820
67.3193232089391
67.3343264010962
67.3493295932533
67.3643327854104
67.3793359775675
67.3943391697246
67.4093423618817
67.4243455540388
67.4393487461959
67.4543519383530
67.4693551305101
67.4843583226673
67.4993615148244
67.5143647069815
67.5293678991386
67.5443710912957
67.5593742834528
67.5743774756099
67.5893806677670
67.6043838599241
67.6193870520812
67.6343902442383
67.6493934363954
67.6643966285525
67.6793998207096
67.6944030128667
67.7094062050238
67.7244093971810
67.7394125893381
67.7544157814952
67.7694189736523
67.7844221658094
67.7994253579665
67.8144285501236
67.8294317422807
67.8444349344378
67.8594381265949
67.8744413187520
67.8894445109091
67.9044477030662
67.9194508952234
67.9344540873804
67.9494572795376
67.9644604716947
67.9794636638518
67.9944668560089
68.0094700481660
68.0244732403231
68.0394764324802
68.0544796246373
68.0694828167944
68.0844860089515
68.0994892011086
68.1144923932657
68.1294955854228
68.1444987775800
68.1595019697371
68.1745051618942
68.1895083540513
68.2045115462084
68.2195147383655
68.2345179305226
68.2495211226797
68.2645243148368
68.2795275069939
68.2945306991510
68.3095338913081
68.3245370834652
68.3395402756223
68.3545434677794
68.3695466599366
68.3845498520937
68.3995530442508
68.4145562364079
68.4295594285650
68.4445626207221
68.4595658128792
68.4745690050363
68.4895721971934
68.5045753893505
68.5195785815076
68.5345817736647
68.5495849658218
68.5645881579790
68.5795913501361
68.5945945422932
68.6095977344503
68.6246009266074
68.6396041187645
68.6546073109216
68.6696105030787
68.6846136952358
68.6996168873929
68.7146200795500
68.7296232717071
68.7446264638642
68.7596296560214
68.7746328481784
68.7896360403356
68.8046392324927
68.8196424246498
68.8346456168069
68.8496488089640
68.8646520011211
68.8796551932782
68.8946583854353
68.9096615775924
68.9246647697495
68.9396679619066
68.9546711540637
68.9696743462208
68.9846775383779
68.9996807305351
69.0146839226922
69.0296871148493
69.0446903070064
69.0596934991635
69.0746966913206
69.0896998834777
69.1047030756348
69.1197062677919
69.1347094599490
69.1497126521061
69.1647158442632
69.1797190364203
69.1947222285774
69.2097254207345
69.2247286128917
69.2397318050488
69.2547349972059
69.2697381893630
69.2847413815201
69.2997445736772
69.3147477658343
69.3297509579914
69.3447541501485
69.3597573423056
69.3747605344627
69.3897637266198
69.4047669187769
69.4197701109341
69.4347733030912
69.4497764952483
69.4647796874054
69.4797828795625
69.4947860717196
69.5097892638767
69.5247924560338
69.5397956481909
69.5547988403480
69.5698020325051
69.5848052246622
69.5998084168193
69.6148116089764
69.6298148011335
69.6448179932906
69.6598211854478
69.6748243776049
69.6898275697620
69.7048307619191
69.7198339540762
69.7348371462333
69.7498403383904
69.7648435305475
69.7798467227046
69.7948499148617
69.8098531070188
69.8248562991759
69.8398594913330
69.8548626834902
69.8698658756473
69.8848690678044
69.8998722599615
69.9148754521186
69.9298786442757
69.9448818364328
69.9598850285899
69.9748882207470
69.9898914129041
70.0048946050612
70.0198977972183
70.0349009893754
70.0499041815325
70.0649073736896
70.0799105658468
70.0949137580039
70.1099169501610
70.1249201423181
70.1399233344752
70.1549265266323
70.1699297187894
70.1849329109465
70.1999361031036
70.2149392952607
70.2299424874178
70.2449456795749
70.2599488717320
70.2749520638892
70.2899552560463
70.3049584482034
70.3199616403605
70.3349648325176