52559872
4128771
-5505024
-7274496
-7667712
-7536637
-6684672
-6684669
-6225917
-5373950
-3997695
-2293760
-1703933
-131072
1769474
1966082
1966081
458755
-2424831
-4390910
-5767168
-5832701
-5505024
-5046272
-4653056
-3866622
-3670014
-3473405
-3145726
-3080192
-3276797
-3276799
-3276797
-3407871
-2883583
-2818047
-3014655
-2686976
-2621438
-2686976
-2621437
-2097149
-2424830
-2490366
-1703934
-2031613
-1900544
-1638397
-1376256
-720896
-655359
-1114111
-1245182
-1703934
-1048575
-1310718
-917504
-65536
-4980733
5308418
55705600
59899906
11862016
-5898240
-6815741
-7864318
-7929853
-7274494
-6488064
-6160384
-5111808
-4128767
-3014653
-1966077
-131069
1441794
2097152
2424835
1114114
-1179648
-3538941
-5111805
-5505021
-5111808
-4915198
-4456446
-4259839
-3801087
-3407871
-3276799
-3014654
-3342336
-3473405
-3670014
-3866621
-3276800
-3670014
-3604477
-3342334
-3604477
-3080192
-2621437
-2883581
-3080189
-2752510
-2228221
-2424829
-2686974
-2293760
-1835007
-1900543
-1835008
-2097150
-1835007
-1638398
-917504
-1703935
-1507325
-1441789
-2031613
-2228221
-1900541
-327680
-1048574
-6553598
10813440
58654720
27131905
-7012352
-5767167
-8388606
-8257534
-7864320
-6815744
-6619133
-5898239
-5308416
-4325375
-3538944
-1769472
131074
1507328
2162688
1572864
-720893
-3604479
-5111807
-6225920
-6619133
-6225917
-6094845
-5439487
-4784126
-4718590
-4456447
-4390912
-4390910
-3932158
-3801085
-3997693
-4063230
-3866622
-4259837
-4128766
-2949118
-3211261
-3276800
-3276799
-2883581
-2555902
-2424830
-2228221
-2097151
-2031615
-1835006
-1572862
-1572862
-1638398
-983037
-720893
-393213
-851967
-917503
-327678
-327680
-786429
-589824
655360
-2228222
-1769472
41156609
54525954
5898243
-4718591
-6684669
-7274494
-6750208
-6291453
-5832703
-5373951
-4653056
-3407870
-2424829
-983038
917505
2752514
3801089
4128771
2359298
-655358
-3080191
-3866621
-4521982
-4784126
-4718592
-3997693
-3145726
-2883582
-2359293
-2031615
-2097151
-2097151
-2490365
-2097152
-2031613
-1835008
-1769471
-1441789
-1376256
-1179647
-1376254
-1376254
-1310720
-1114110
-983040
-851967
-983040
-524288
-589824
131074
65539
65536
131074
393216
196610
131074
1245184
1179650
-3473408
7471106
58851328
42270720
-3014654
-5570559
-8454141
-8257535
-8060925
-7077888
-6619135
-6160382
-5636096
-4390910
-2949120
-1376256
851971
2031617
2555904
2228227
-262144
-3866621
-5963773
-6684672
-6815741
-6881278
-6815742
-5832702
-5308415
-4653056
-4325375
-3932158
-3735551
-4063232
-4456448
-4194303
-3997694
-4063232
-4784125
-4194301
-3604479
-3801087
-3473406
-3407871
-3080190
-3014656
-2883582
-2752511
-2949119
-2752512
-2555901
-2162686
-1245181
-917503
-1179645
-1441790
-1769472
-1900542
-1835007
-589821
-2031614
-6029309
55967744
40108033
-4587519
-5505023
-8191997
-8257533
-7733248
-7208957
-6619134
-5898239
-4784125
-3473408
-2818046
-1245184
1048578
1966083
2686977
2752513
262147
-2490368
-4653055
-5046269
-5373950
-5177342
-4784125
-4718592
-4194303
-3604479
-3407872
-3080190
-3080189
-3407869
-2752509
-2686974
-3407871
-2949118
-2883583
-2883582
-2752510
-2621438
-2621438
-2555902
-2031613
-1835007
-1835005
-1703934
-1638400
-1507326
-1441790
-1507327
-1310718
-1114111
-1114111
-1179645
-983039
458754
2
-458750
-327677
-720895
-851968
-786430
2
-1048574
-6488064
21233666
60555267
17694722
-6094845
-6422528
-7929856
-7995391
-7077888
-6750208
-6619136
-5832701
-4718592
-3670014
-2228224
-786432
1179648
2228224
2359296
1966082
-327678
-3407870
-4784127
-5177343
-5373952
-5308415
-4849664
-4194302
-3866624
-3604479
-3407872
-3276800
-3473408
-3407872
-3538941
-3538944
-3342336
-3211261
-3145725
-3211262
-3145726
-2490368
-2752510
-2555904
-2228222
-2228221
-1835008
-1900544
-2097151
-1638398
-1703933
-1966080
-1507327
-1114110
-1441792
-1179647
-917504
-65536
-196608
-327680
-393214
-720894
-131070
-327679
-65535
655361
-4259839
11730947
58916864
-3080191
-4784127
-6815742
-6488063
-6488064
-5570560
-5373951
-3735551
-196608
1638401
3080194
3801090
3997698
2424835
-196608
-3014654
-4521981
-4915200
-4980733
-4784128
-4390911
-3473405
-3538941
-3145726
-2490368
-2752512
-2621439
-2752509
-2818046
-2818046
-3080192
-2949119
-2752511
-2424829
-2424831
-2162687
-2097149
-1900543
-1572864
-1900543
-1835006
-1310718
-1638397
-1245184
-1441791
-393213
-720893
-458751
-655358
-786429
-1179645
2
-2031615
-4521984
33095683
60882947
12320770
-6881277
-8323072
-8650749
-8126462
-6946814
-6488061
-5308416
-3801086
-2818045
-851965
2228226
1769473
-65536
-3211261
-5505021
-6750207
-7012352
-6619134
-6160384
-5636094
-4849662
-4390910
-3604480
-3866621
-4128768
-4194303
-3997695
-3866621
-3670015
-3670015
-3801085
-3407869
-2949120
-2883583
-2555903
-2555903
-2555904
-2686975
-2555904
-2228223
-2162685
-1703934
-1114109
-1179647
-917504
-1638400
-1376253
-1638398
-1507326
-589824
-1245182
-6094845
16842752
24379393
-6684669
-6160383
-8454141
-8519678
-7143423
-6946813
-6750205
-5898238
-4915200
-4128768
-2555901
-655358
1114114
2162690
3014657
2097153
-131071
-3276797
-4456448
-5177343
-5373951
-5439487
-5308414
-4718592
-4456445
-4194304
-3801087
-3604477
-3538944
-3670016
-3801088
-3735552
-3538944
-3801087
-3080191
-2818048
-3145725
-2818045
-2752510
-1900544
-1703933
-1966078
-1835006
-2031613
-2490367
-1638400
-1638397
-1048576
-1835006
-1179648
-524285
-720894
-1114112
-1114110
-1179645
-1703936
-1245184
-196608
-4325376
-917501
47972352
46465026
-2097149
-5177343
-8191997
-7929856
-7471101
-7274496
-7012349
-6225920
-5570558
-4718592
-3342335
-1638397
65536
1507328
2293762
2883584
1245186
-1703934
-3014653
-4784127
-5636095
-5242878
-5046269
-4653055
-4128768
-3866622
-3014653
-3014653
-2621438
-2818048
-2949118
-2883584
-2949117
-2686975
-2621439
-2621439
-2883581
-2490366
-2555901
-2293757
-1966078
-1769472
-2097149
-1966077
-1703935
-1572863
-1114111
-1376255
-1048573
-1048575
-1179647
-524288
-65534
262145
393218
-131070
-393216
-65533
-524287
1048579
-65534
-5046269
24641537
60882947
19267587
-4784128
-5832701
-7143423
-7077887
-6750207
-6225920
-5636093
-5111807
-4587519
-3342336
-1703933
196608
1966080
2818050
3014656
3014659
1245187
-1572863
-3670014
-5111808
-5111805
-5308416
-4849661
-4521983
-3604479
-3211263
-3014654
-2490368
-2686974
-3014656
-2752512
-3211262
-2818048
-2752512
-2555904
-2555904
-2490365
-2424829
-2359296
-2031614
-1966080
-2031614
-1638397
-1441792
-1376255
-1441789
-1441792
-655359
-131071
-851965
-655357
-720893
-1048573
-1179647
-1376253
-65533
-2686974
-3014656
40042499
57606144
6815745
-6291456
-7733245
-8388606
-8257535
-7602176
-6946816
-6422525
-5963773
-5046272
-3735549
-2097149
65537
2097154
2424835
2818050
2686978
196611
-2752510
-5111806
-5832702
-5898239
-5767168
-5373949
-4718591
-3866623
-3538942
-3473406
-2752510
-2818047
-3080191
-3211262
-3670016
-3211261
-3080189
-3538941
-2686973
-2752509
-2555903
-2490365
-2293758
-2162686
-1769472
-1507328
-1572862
-1245182
-1376253
-1441790
-1114112
-327680
-65536
-458752
-393213
-589821
-589823
-720895
-851966
3
-1310717
47120386
49217539
-327680
-5767165
-8585216
-8388608
-8519679
-7995390
-7077887
-6619133
-5898238
-5111807
-3670016
-2228224
-196606
2031619
2424834
1769475
-3276797
-4915198
-5701629
-5701632
-5242877
-4718591
-4390912
-3997693
-3604478
-3473407
-3276798
-3080190
-3211261
-3670016
-4194304
-3801088
-4063229
-3932159
-3670016
-3407872
-3407872
-3407870
-3407870
-3538942
-3145727
-3211261
-2752509
-2228223
-2228221
-2162685
-2424831
-1966078
-1900544
-1703935
-1572863
-786431
-851968
-983040
-1376253
-1507325
-1310719
-1507326
-589824
-1245182
-6815743
19660800
60555266
18546690
-2031613
-5570558
-8519679
-8388606
-7733245
-7143422
-6815741
-6160381
-5308416
-4325373
-2949117
-983038
786432
3276800
2818050
1048579
-1179648
-3866622
-5111805
-5636093
-5373950
-5373952
-4849663
-4194301
-3670015
-3473405
-3473405
-2949118
-2818048
-3145725
-3342333
-3145725
-3604480
-3080190
-3211263
-3080191
-2883584
-3014656
-2555904
-2555901
-2752509
-1966079
-1835005
-1900542
-1507327
-1769472
-983038
-720895
-720895
-327679
-458750
-655360
-262143
-655359
-524287
2
327681
-3801086
8454147
56754178
11403267
-6946814
-7667710
-8126463
-6750208
-6094847
-5373950
-4718592
-3735549
-2621438
-786431
1245186
1966082
2949122
3145730
1966080
-393214
-3276798
-5308413
-5636093
-5111808
-4784128
-4587519
-4128766
-3801087
-3145725
-2752511
-2818048
-2883583
-2686973
-3014656
-2752511
-2818048
-2490365
-2228222
-2097150
-1900544
-2031616
-1966080
-1507326
-1310719
-1638399
-1245183
-917503
-720896
-720895
-524287
-458750
-786429
-655357
-655359
65536
-524287
-5242880
22216707
63635458
21954563
-5963775
-6356992
-8191999
-8060926
-7340029
-6881279
-6553598
-5439487
-4849662
-3735549
-1966080
-393213
1638402
2752514
2949121
2818051
1114115
-1703935
-3866622
-5177344
-5570560
-5308415
-4653055
-3342336
-3080191
-2752510
-2424832
-2359296
-2686974
-2818047
-2555904
-3080190
-3407871
-3145725
-3145728
-2818047
-2621440
-2818046
-2621437
-2686976
-2621438
-2424830
-2031616
-1638400
-1900541
-1638399
-1441789
-1245182
-1310718
-1835007
-1769471
-1048573
-1703935
-851965
-1507325
-7077885
18153474
60096513
-7471102
-7471102
-9633792
-9175037
-8716285
-7536640
-6946813
-6291453
-4325374
-2686975
-458752
1441794
2883585
3538947
2883586
1835009
-1507326
-3735549
-5242878
-6225917
-5898240
-5242880
-5046269
-4653054
-4587519
-4784125
-3997696
-4653055
-4653053
-4456448
-4718590
-4784125
-4653056
-4390911
-4259838
-4063232
-4128765
-3801088
-3932158
-3407869
-3276798
-3473406
-3080189
-2883584
-2752509
-2752512
-2752511
-2686974
-1835006
-1835008
-1769471
-1572864
-1703934
-1572864
-1245183
-1114112
-196605
-262142
-5767168
11206659
59506690
29491201
-5505024
-4849662
-7208960
-7012349
-7012349
-6815743
-5767168
-5242877
-5046270
-4063230
-2818047
-589824
1048579
2424833
2621441
3145729
2293761
-720895
-2949117
-4915200
-5242877
-5111805
-5177344
-4718592
-4653053
-3538942
-3604479
-3604478
-3735551
-3932157
-3997696
-4128765
-3604479
-3801088
-3932160
-3604478
-3670015
-3801085
-2949120
-3080192
-3276799
-3145725
-2686974
-2555904
-2162688
-2424830
-2097152
-1966078
-1507328
-1441790
-1572864
-1376255
-851966
65538
-4390912
6488064
55443458
38141955
-3145725
-5046271
-7471103
-7208958
-6815743
-6422526
-5177342
-5046271
-4784128
-3407872
-2228224
-655359
1769472
3342337
3473410
3211265
720899
-1900542
-3735549
-4390911
-5177343
-5177344
-4849663
-4259838
-3604478
-3211264
-2555902
-2490367
-2228223
-2490365
-2818045
-2555903
-2555903
-2752509
-2490366
-2031616
-2162685
-2097152
-1769470
-1638397
-1114112
-1376255
-1048573
-786429
-983037
-458750
-1310717
-655360
-589823
-851966
65539
-1376255
-4390911
32702464
62193665
41353218
-3211262
-5767166
-7798781
-7536637
-7274494
-6553597
-6029311
-5832701
-4718590
-3604480
-2228222
-65533
917504
2424835
2818051
2359298
196610
-2883584
-5177342
-6029310
-5832703
-5767168
-4980736
-4325373
-4063229
-3211263
-3014655
-2752510
-2031616
-2555902
-2752510
-3014656
-2883583
-2686975
-2818047
-2359295
-2228224
-2424831
-2293757
-2359295
-2359293
-1900544
-1376253
-1376256
-1245182
-1179648
-983039
-851966
-524288
-917502
-786432
-720893
-393215
-589823
1114112
-2883584
327682
49676288
48168961
-589824
-4456447
-5505022
-7208958
-6815744
-6881277
-5767166
-5373950
-4784125
-3932157
-2555902
-1245184
589825
1769472
2097153
3080192
2097155
-65536
-2949120
-4390912
-5308413
-5570559
-5308415
-4587517
-4259838
-3735550
-3473405
-2752511
-3473406
-3997695
-3211262
-3670013
-3801087
-3735550
-3735551
-3407871
-3211261
-3080192
-3145727
-3211262
-3014653
-2818047
-2293760
-2555903
-2097152
-1835005
-1966078
-1638400
-1703934
-1638398
-1310718
-1441792
-1572862
-983040
-1572863
-1245183
-983040
-1048575
196608
-4849662
5242882
55967746
36896769
9764864
-5832701
-6619133
-7667712
-7798783
-6881280
-6422526
-6029309
-5242879
-4194301
-2752511
-1310719
655360
1441795
2621443
3080195
2555905
-786431
-3080192
-4521983
-4587520
-4784125
-4259839
-4063231
-3801086
-2949120
-3080192
-2752511
-3276799
-3538943
-3080192
-3538941
-3538943
-3473408
-3145726
-3342333
-3080189
-2949118
-2621439
-2490367
-2162687
-1966080
-1966080
-1703934
-1441790
-1310718
-1441789
-1310719
-1310718
-786429
-262144
-851968
-851966
-524287
-1179646
-131071
-262144
-5373951
17694720
59965442
51118082
3538947
-5439488
-7405565
-7798783
-7864317
-7667709
-6684671
-5832703
-5111806
-3866622
-2490368
-1572864
196608
1769473
2621440
3145730
1638400
-1638398
-3866624
-5177341
-5832703
-5505022
-5111807
-4390911
-4128768
-3801087
-3407872
-3211261
-3342334
-3538941
-3670013
-3735551
-2949119
-3211261
-3276799
-2883581
-2621440
-2621438
-2490368
-2228222
-2228222
-1703935
-1769469
-1900541
-1769471
-1507328
-1572864
-1507325
-983039
-1572862
-983038
-1179647
-1048576
65538
-2621440
-3538941
39387137
32636930
-4915199
-6422525
-8519679
-8388605
-8060928
-7340031
-6619135
-6356990
-4980736
-3473407
-2228224
-393213
1703939
2621441
2359299
-589821
-3342335
-5308414
-6225920
-6291456
-5439487
-5046272
-4718589
-3801085
-3735550
-3211262
-3211261
-3211263
-3407872
-3604479
-3538941
-3407869
-2818048
-3080192
-3014656
-2883582
-2555902
-2424830
-2555902
-2359296
-2555904
-2031616
-1900543
-1769470
-1900541
-1638399
-1507328
-1441791
-1114109
-1179645
-1310720
-1048574
-393213
-851968
-917503
458753
-3997694
2490371
53084162
43253762
14811139
-6094846
-6225919
-7733246
-7208958
-6422528
-5505021
-4063232
-2752511
-851967
327680
1441793
2490371
2949121
1966083
-196606
-3014653
-5111806
-5439487
-5373950
-4980733
-5111808
-4194301
-3538944
-3670014
-3670013
-3276798
-3670014
-3604479
-3473405
-3604477
-3538942
-3473405
-3276800
-2883584
-2883581
-2490367
-2424830
-2359295
-1900544
-1638400
-1900544
-1441791
-1245183
-1376255
-1310719
-851966
-1114112
-1114112
-1048576
-983038
-1048576
524289
-3604477
-458749
48889856
60882945
18481154
-6160384
-5701631
-7864317
-7471101
-6881280
-6422526
-5701630
-4980736
-3735549
-2621438
-1638399
-720893
1376259
2097153
3080193
2621441
262144
-2686974
-4390910
-4915199
-5242877
-5177342
-4521984
-4194303
-3801086
-3145728
-2883583
-3145726
-2818047
-3735551
-3801088
-2949118
-3211263
-3276799
-3014656
-3014653
-2949119
-2752510
-2818045
-2818045
-2162688
-1966079
-1769471
-1769469
-1835005
-1245183
-1376256
-1572862
-917503
-1310718
-1114111
-1245182
-655360
65536
-4390912
29753346
59179010
40435715
-2097150
-4980733
-7733248
-7340031
-7208959
-6881279
-6488061
-5963775
-4915199
-3735552
-2293757
-1245183
327680
1966080
2555904
2686979
1048579
-2031616
-4390910
-5505021
-5111806
-5242878
-4718590
-4128766
-3997696
-3473406
-3276797
-3407869
-2949117
-3473408
-3276797
-3276798
-3407869
-3276799
-3080191
-3080190
-2949119
-2490365
-2686973
-2293760
-2162688
-2031614
-1835005
-1835005
-1638397
-1376253
-851968
-1048575
-1048573
-720895
-655360
-589824
-851966
131072
-655358
-5111805
19005440
63111168
25886720
-6029312
-5701630
-8191997
-7798781
-7602173
-7012352
-6291455
-5177343
-4063232
-2818046
-917503
1048577
2162690
2359297
2752512
983043
-2031616
-4718589
-5898237
-6356991
-6160382
-5898240
-4194304
-3866624
-3670016
-3211262
-3342334
-3014656
-3276799
-3538943
-3604480
-3276798
-3342336
-2883584
-2686973
-2555902
-2359293
-2424832
-2490365
-2424829
-2228222
-2162687
-1310720
-1441791
-1179645
-1048573
-1179645
-1310717
-1310718
-589822
-720895
-851967
458754
-4128767
3014658
54001664
42860544
-2752509
-4653054
-7602173
-7077887
-7143421
-6815742
-6225919
-3932158
-2686976
-917501
983043
2097154
3080194
3407873
2686978
-786429
-2949118
-4980733
-5832702
-5439485
-4915199
-4456446
-3866624
-3407870
-2949117
-2686974
-2818048
-2949119
-2883581
-2686975
-3080190
-3276800
-3538942
-3211261
-3014654
-3145727
-2752510
-2359296
-2490367
-2686975
-2621438
-2293757
-2228224
-2031613
-1703936
-1769472
-1572864
-1507327
-1179647
-1179647
-1179648
-1376253
-786431
-917502
65536
-1835007
-6029312
28966914
58785795
-5898237
-6619133
-7995392
-8126462
-7536639
-6946814
-6422525
-5636095
-5177341
-3473405
-2162688
-917501
1179649
2031616
2359296
1900545
851969
-2097150
-4521983
-5570558
-5898237
-5505023
-4915198
-4456448
-4128767
-3670014
-3473408
-3604479
-3342336
-3801088
-4063230
-3407872
-3407869
-3407869
-3080192
-3801087
-2555902
-3211262
-3145725
-1900543
-2031615
-2424832
-2424829
-1966077
-1835005
-1703933
-1900541
-1376254
-1507325
-1114109
-851968
-1179648
-1310719
-1245181
-1048576
-1376253
393218
-3342334
-655357
45547522
48955394
1638402
-5505023
-7733245
-7405568
-7471103
-7077887
-6946815
-6553597
-5570558
-4521981
-3342333
-1769471
-65534
1638400
2818051
2818051
1638403
458753
-2883582
-4653053
-5373950
-5636096
-5111807
-3604480
-3342335
-3276800
-2883583
-3211263
-3145725
-2818046
-2949119
-3342334
-2883583
-2752512
-2752510
-2228221
-2293759
-1900542
-2162686
-2228222
-1638398
-1572862
-1638398
-983040
-1179647
-1048576
-655360
-786430
-917503
-720895
-786431
-1114111
-327680
1048577
-2621438
-1048573
46071808
54067201
3670019
-5308414
-7536639
-7798781
-7864319
-7733245
-7143421
-6619136
-5963775
-4784126
-3538942
-1835005
-131071
1572865
2228224
1114115
-1966079
-3342334
-5242880
-6029309
-6029309
-5505022
-4849663
-4194303
-3670014
-3080192
-2752510
-2228224
-2686975
-2490367
-2293758
-3014653
-2818047
-2555903
-2752509
-2686976
-2293759
-1966077
-2097151
-2228221
-1638399
-1835006
-1769471
-1114112
-1376256
-1179647
-917501
-983040
-720894
-327680
-65536
-917503
-655357
-720895
-524288
393216
-720895
-6291456
17432577
61669376
23527424
-5505023
-5636094
-8126463
-7536639
-6946813
-6684672
-6094848
-5701629
-4456447
-3866621
-2621440
-917502
786433
1966081
2818048
2162691
262144
-2424830
-3866621
-5636093
-5439486
-5505023
-5636095
-5046271
-4325375
-4128767
-4063230
-3735552
-3407871
-3670015
-3735551
-3735550
-3735551
-3866622
-3997695
-3801085
-3604480
-3735550
-3407871
-3538943
-3014655
-2752510
-2752512
-2686976
-2686973
-2752512
-2293759
-2162688
-1900542
-1966079
-1638400
-1507326
-1507325
-1572863
-1572863
-1572864
-1638399
-1572862
196609
-3735552
-1638397
45744128
47906819
-131069
-5177344
-8060925
-8060927
-8126463
-7208957
-6815741
-6029311
-4980733
-4587520
-3604479
-1638397
1
1507331
2424833
2686979
2228225
-65533
-2949119
-4849664
-5767165
-5701630
-5242880
-4718592
-4521981
-4194301
-3801088
-3604480
-3473406
-3407869
-3866622
-3801088
-3604477
-3735549
-3604480
-3407870
-3342336
-3473408
-2818048
-2686973
-2555902
-2424832
-2490368
-2359293
-1966079
-2293760
-2031616
-1966080