1835010
1835009
851968
524291
1507330
1376259
1638401
1966080
917504
983040
1048578
917504
327680
1179648
-851968
2818050
13434880
-851966
-7667709
-3211264
131072
-589823
-458751
-655358
-262143
-262144
-851966
-655358
-262144
1245185
-524286
-1048575
720897
2686978
3276802
3604481
3866626
3801088
1769473
-262141
-2424832
-3538942
-3538941
-3080191
-2949117
-3407871
-3276799
-2883583
-2621438
-2555903
-2162685
-1703934
-1966078
-1638400
-3866622
-5177342
-5177343
-4915200
-4063229
-2490366
-1048574
-393216
1
65537
196609
524290
327681
131075
262146
327683
262145
393217
3
-720893
-851965
-1441790
-1376254
-1114112
-1310717
-1048574
-983037
-1114110
-1310717
-1507326
-1310719
-1245181
-1179646
-1114112
-1638400
-1638398
-1507328
-983037
-720896
-262141
-1507325
-2162686
-2097151
-2752509
-2359294
-1376256
-2621437
-2424830
10551298
-524287
-9961471
-5963776
-1769470
-1507328
-786432
-327678
-655360
-917501
-589824
-262143
327681
851971
1245187
1376257
1245186
1900546
2359298
2162690
2293760
131075
-917501
-1703936
-3145727
-3473406
-3735552
-4849661
-4325376
-3604479
-3014655
-3145727
-2949120
-2097152
-1835007
-4128767
-5636095
-4653055
-2686973
-1769469
-2424831
-2228223
-2359294
-2293757
-1507327
-1179645
-1179645
-1179645
-589821
-131070
-524285
-327679
-262144
-262141
131073
196611
0
196608
-720893
-917504
-393216
-458752
-1245181
-1114109
-917501
-1441789
-1703935
-1376253
-458750
-1048576
-1769471
-1769472
-1769471
-1900542
-1179647
-1572863
-2228223
-1835006
-1835005
-2359293
-458750
-3211263
6946816
4063235
-3014656
-8716288
-5111807
-393213
-720893
-196608
-262143
196610
65539
196609
589827
131075
458754
524288
786433
1835008
2686976
3145729
3735554
4128768
2818050
589827
-917502
-1376254
-1703934
-1966079
-2359294
-2162687
-1769470
-2031613
-2228222
-1966079
-2686976
-1835007
-2162685
-2228222
-1900542
-3538941
-2555904
-2359295
-1703934
-1638400
-1572864
-1638399
-1638399
-1966079
-1769471
-1507328
-1572864
-1703936
-1835007
-1638399
-1179646
-1245183
-1376253
-851968
-917504
-1048576
-1572861
-1638399
-1245184
-1179647
-1245184
-1441789
-786432
-589821
-1114112
-1048576
-720895
-524288
-917504
-1179647
-983038
-851968
-1572864
-1376255
-1966080
-4456445
-3932160
-5636093
8323075
720897
-11272190
-7733248
-1966077
-2162686
-1966077
-1179645
-1114110
-1114111
-917502
-196605
-393215
-393215
-65536
327682
262147
458752
1376258
1900545
1441792
262145
-1048573
-2949120
-4194302
-4849663
-5242877
-5177344
-4587517
-4325376
-4259838
-3735550
-3211261
-2883581
-2621440
-1966079
-2228222
-1769471
-1507328
-2228222
-2228224
-1048574
-393213
131072
851971
655361
589826
-65534
-458749
-589822
-655358
-655357
-917502
-1114112
-1638397
-1638397
-1507327
-1900542
-1507327
-1441790
-1638399
-1900541
-1835007
-1310720
-1310720
-1310718
-1441789
-1441789
-1245184
-1114109
-3145725
-4587520
-3997693
-3211262
-3473406
-2424830
327683
1048578
1703937
1441792
1179648
786432
-65533
-131071
-262144
65537
-65533
-1310720
10944514
3211267
-7143422
-5046271
-1310719
1572865
1245186
851968
393219
262145
0
65539
-458750
-65536
-131070
1
589826
917506
1572864
2555907
3014659
3014659
1966081
327681
-524287
-655360
-851967
-983037
-1048575
-1245182
-1114112
-1572863
-1638398
-1179648
-1310719
-1507326
-1638400
-2359295
-1966077
-1703934
-1835008
-1900543
-1769472
-1572861
-1638397
-1441790
-1572861
-1572861
-1048573
-983037
-983038
-917503
-786431
-1310718
-1572862
-1310717
-1048574
-1048576
-1310718
-1376254
-1310720
-1245181
-1114112
-1245182
-720896
-917503
-983040
-1048574
-1114110
-983038
-1179647
-917501
-1114112
-786429
-65535
131075
-262141
524288
458755
-393213
-1507328
-1376255
-1572864
-2097152
-2490367
-1572863
-1835008
-1507327
11993090
1376257
-7929854
-3932160
-851966
262145
524290
-65533
-131069
196608
196608
851968
1245184
1376258
1245184
1376259
1835009
2424835
2883584
3604482
4325378
3932162
2228226
589826
-1114111
-2359296
-2031616
-2293758
-2490366
-2162685
-2097152
-2097152
-1441790
-1179648
-1048574
-1179648
-1376255
-1638398
-2686975
-2949118
-2293757
-2162687
-1966077
-2097151
-2162687
-1835006
-1835005
-2162687
-2293758
-2555901
-3145728
-2686975
-2097151
-2490365
-2555901
-2686973
-2621437
-2228221
-2228224
-2031615
-2228223
-2097151
-1179646
-851968
-983040
-1310718
-1441792
-1245183
-917501
-983039
-720896
-917504
-983037
-917504
-1114110
-786431
-1114112
-1966077
-2228224
-2097150
-1376254
-1507327
-1376253
-1245182
-1966078
-2097151
-2293760
-3080189
-1638400
-6094845
9764864
327681
-10027008
-6225917
-1114111
-1245184
-65535
-1900544
-917502
-720894
-1572864
-458749
-262144
1
458752
262146
327680
720897
983043
2162688
2424832
1638403
-262144
-2162687
-3211262
-3538944
-3538943
-3735551
-3735550
-3014655
-2686976
-2490368
-2752512
-2228223
-1769469
-1966077
-1900544
-2228224
-2359293
-1966078
-1507326
-1572862
-1179648
-1310719
-983037
-1441791
-1048573
-1441790
-1966078
-2555904
-2490366
-2097152
-1376256
-1703936
-1703933
-1310717
-1114109
-1376254
-655360
-1835006
1
-983040
-1835008
-262144
-1048575
-786429
-917502
-1441792
-983040
-720896
-786431
-131069
458752
655363
786433
524288
393218
-131069
-65533
-393213
655362
-2883581
8650754
6422531
-7340031
-6815744
-589822
65538
-196606
262144
-131070
-786429
-786429
-786429
-458752
-327677
1114113
1441792
1769474
2490370
2359298
983043
-786432
-1835007
-2621437
-3407869
-4128767
-3342336
-3211264
-2949117
-2752510
-2686976
-2293759
-1769472
-2097150
-1900543
-2031615
-1900544
-2359294
-1966078
-1835005
-1900542
-1572862
-1507328
-1638398
-1703936
-1703934
-1835008
-1900542
-2031616
-1376254
-1703934
-2031615
-1769472
-1638397
-1310717
-1441790
-1376255
-1310719
-1245181
-1179646
-655359
-196606
-327678
-655357
-1048575
-458752
-458750
-524288
-589822
-983040
-1245181
-1441790
-786429
-851965
-1179646
-786432
-1245182
-1376254
-983039
-524288
720899
-2752510
3670019
13107203
-2424829
-7012352
-1376254
589827
589825
720897
786432
917505
720898
720896
589825
524288
655363
720899
655363
1048576
1507329
2949122
3801088
3866624
2949123
393217
-1376253
-3014654
-3538944
-3407870
-3670014
-3538942
-3735551
-3276799
-3080192
-2424832
-2555901
-2752511
-1769470
-1769470
-1572864
-1245181
-2293760
-2686975
-2424832
-3145726
-3145725
-2883582
-2949118
-2818048
-2818046
-2686976
-2818048
-3014655
-2424832
-2162687
-1900541
-1638400
-1769472
-1900541
-2359295
-2097152
-1703934
-2228223
-1835005
-1703933
-1900541
-1769469
-1507328
-1179647
-1310718
-1638398
-1507326
-1245182
-1310718
-1769471
-2097151
-1769470
-1638400
-1638400
-1638397
-2031616
-1966077
-1507328
-1179648
-589822
-327677
-4784128
6684673
7143425
-7077887
-6488062
0
65536
196611
393218
-393216
-851965
-1048573
-1245181
-1376254
-1179647
-786432
-655359
0
458755
851969
1638403
2752513
1835011
65539
-524285
-3538941
-3276799
-3407871
-3342336
-2883583
-3407872
-2293759
-2228223
-2228224
-1703936
-2752511
-1703935
-2818046
-2490365
-1900542
-1966078
-1966080
-2555901
-2752512
-2228223
-2162687
-2097149
-2621438
-2949118
-2621440
-2555904
-2752511
-2424830
-2097152
-1835007
-1966080
-2359296
-2752509
-2490365
-2031615
-1245182
-458752
-589824
-720896
-393213
-131070
458754
983041
1507328
1048576
-131069
524289
1048576
786435
-720895
3473411
10354689
-2031613
1310723
2293762
1572865
2031618
2752515
1441793
1507329
3145728
1179648
720896
917504
458752
1179651
1310723
1507328
1900547
3145728
2359298
131075
-720893
-1835007
-3211261
-3473407
-3342333
-3604480
-3538941
-3276799
-2949119
-2621439
-2686973
-2752510
-2293757
-2490365
-2752510
-2359295
-2162686
-1507326
-1179645
-1376253
-1769470
-1835008
-1900542
-2097151
-2228221
-1966079
-2424831
-1769471
-393213
-524288
-720895
-131070
131074
-65533
-524286
-262142
-196607
-196606
-65533
65536
589826
589824
655360
786432
393217
917506
1310720
589827
1114114
1179649
65538
-196607
-786431
-720896
-262143
-458752
-1703935
11272195
2228227
-7929856
-4325375
1441792
786434
655363
393219
65539
-65533
65539
458755
262144
720898
655361
458754
720899
1114115
1245187
2293760
2883586
786434
-393215
-1900543
-3473408
-4063229
-4521983
-4784127
-4390909
-3604479
-3211262
-3407870
-3014653
-2818045
-3538944
-3866621
-3407869
-3080190
-3014656
-2228223
-2883582
-3014655
-2621439
-2293758
-2621439
-2359294
-1835007
-1835005
-1703936
-1769472
-1769470
-1114111
-1441791
-2031615
-2031613
-1441792
-2162685
-2359295
-2228221
-2752510
-2883581
-2424829
-2031616
-1572861
-1114109
-1179645
-1114111
-983040
-524286
-983039
-524288
-655359
-655360
-589824
-524285
-262143
-393215
-524285
131074
458753
-327680
-1114110
-1441791
-1441791
-1376255
-131071
-3735549
3932160
9699330
-5832702
-8126463
-2293758
-393213
-786431
-327678
-851968
-983037
-589824
-393216
-720895
-1114109
-983038
-1376254
-655359
-131071
1245184
2162689
1835008
2359299
1048579
0
-1441790
-2555901
-3342334
-3997693
-4325373
-3670015
-3604478
-3735551
-3670014
-3145725
-2555902
-2555902
-2818047
-3145725
-3342333
-3342336
-3276797
-3080191
-3538944
-3407872
-2686976
-2490365
-2490368
-2686974
-2818045
-3014655
-2490366
-2359296
-1638399
-1900542
-2359296
-2424830
-2424830
-2031615
-2031614
-2752509
-2883581
-2752510
-2490368
-2490366
-2424832
-1900543
-1703933
-1376256
-917501
-917501
-917503
-983039
-720895
-720894
-983039
-720895
-1048573
-1114110
-1507327
-1507326
-655359
-524286
-1179648
10944512
2424835
-4128768
-6356992
-917504
655362
458752
786435
917505
65538
327683
851968
655363
917507
1703939
1966080
2097154
2555907
2949120
3407874
3866626
3670018
2031617
262144
-720893
-1900542
-1769472
-1769470
-1966078
-1900542
-1507328
-1179646
-1310719
-1179647
-1572864
-1572864
-1310720
-1638397
-1572862
-1703933
-1900541
-1966079
-1966078
-2031616
-1835006
-1835008
-2097151
-1900541
-1638397
-2031613
-2228221
-2555901
-2424831
-2490367
-2621437
-2097151
-2031615
-2031613
-1900543
-1966077
-2097151
-1507326
-1572862
-983039
-458752
-655359
-983038
-917502
-786432
-655358
-720895
-589823
-131070
131072
196609
393219
196609
2
-458750
-262142
131074
65539
-262142
-1114109
12386306
2686977
-8060928
-3932157
1179648
851970
983043
1310721
1572866
1769473
1900546
1769473
1638402
1441795
1638403
1703938
1835009
2686977
3211265
3604483
4325377
4259842
2490368
196611
-1507327
-2097152
-1900543
-1703933
-2031614
-2228221
-2162686
-2228222
-2162685
-2555904
-1572864
-1376256
-2031615
-2228221
-2293760
-2228223
-2162687
-2359293
-2097149
-1966080
-1900541
-1507327
-1441789
-1048573
-1179646
-1376255
-1966079
-2031616
-1441792
-1310719
-1507326
-1638398
-1245181
-917503
-1376256
-1703933
-1703935
-1376255
-1572864
-1245184
-1245182
-1114109
-1441791
-2097150
-2162687
-2097152
-1900544
-1835006
-1769471
-2031615
-2162688
-1835006
-720896
-327680
-589821
-983040
-1114111
-1114112
-1835008
-2228224
-2359294
-393214
-4063231
6291458
8060931
-6356992
-6881280
-1114110
131075
65537
65538
-65535
-262141
-524287
-786431
-196606
262145
327682
65539
-65533
524290
1048578
1245186
1441792
1900546
2097152
196608
-2490365
-3014655
-3211262
-3211264
-3145727
-2228222
-1966077
-2752511
-1507328
-655358
-2752509
-1114112
-1376254
-1310719
-851967
-1048573
-655357
-786430
-1179647
-1441789
-1572864
-917504
-1179645
-1835007
-1245183
-1245184
-1769471
-1507325
-1245184
-983039
-1310720
-2228221
-2359296
-2359294
-2424829
-2424832
-2162686
-1966080
-1441792
-917504
-589824
-851967
-1179647
-1048574
-1048573
-262143
262146
458753
589824
524289
393218
131074
-262144
-917501
-1048575
393218
-3473408
-2424831
10289152
2621442
-7536638
-5439485
131075
1
-196607
-655359
-983037
-589822
262145
524291
196610
393217
524290
720898
1310722
1114115
1769472
3080195
3014657
2031619
786434
-1310720
-2228221
-3211262
-3801087
-3932159
-4194301
-4456448
-4194302
-4259838
-4980734
-5570559
-5505023
-4653054
-4587517
-3997696
-2752511
-1966080
-1376253
-1245183
-1441791
-1376255
-589823
-262143
-65535
-458749
-655360
-589822
-393213
-655357
-1245182
-1245184
-1441789
-851968
-655360
-655357
-851967
-1245181
-1376253
-1441792
-1507328
-1441791
-1638399
-1245182
-983038
-1441791
-1769471
-1310719
-1507325
-1441790
-1114111
-1114110
-1376256
-1048576
393219
458754
262147
458752
-458749
-786429
-393215
-393214
-65533
-983039
-3145725
8257539
11206657
-6356991
-6356992
0
196611
393216
720899
851971
983040
1310720
1048579
589826
589824
917507
1441792
1638402
1900547
2490369
2555907
2424834
1769473
3
-1835007
-2555903
-3604477
-3932159
-3932158
-4063231
-4063229
-4128765
-3538944
-3145727
-3014653
-2686974
-1769471
-2359295
-2621438
-2621438
-2686973
-2490365
-2097151
-2097152
-2621440
-2555901
-1835008
-2228224
-2686975
-2097151
-2162688
-2293757
-1835006
-2424829
-2883582
-2686975
-2818046
-2818046
-2359296
-1507325
-1835006
-1900542
-1638399
-1638397
-1441792
-1507328
-1114109
-393216
2
524291
1310721
1769474
1507330
1507330
1835011
1900547
983043
393217
1114114
1114115
1572864
589827
-262144
-589822
-1179645
-1638397
-262142
-5111807
-1769472
9043969
-2490365
-10223614
-5701631
-524285
-786431
-720894
-983038
-589823
-524288
-589824
-393214
131073
131075
196608
524291
851969
1245185
1507330
1900544
1572865
524288
-2031616
-2818048
-3145725
-3735550
-4194302
-4587520
-4259838
-3407869
-2686976
-2490367
-2818045
-2621437
-2818048
-3080192
-3342334
-3080189
-2949117
-3080190
-2752510
-2359293
-2293757
-2293758
-1703935
-2097152
-2097149
-1441790
-1638397
-1703934
-1966077
-2162686
-1900541
-1966079
-1769469
-2621437
-2883581
-2162686
-1900542
-1769470
-1703936
-1310719
-917501
-1179645
-720896
-786431
-524286
-655359
-589821
-327677
-720896
-1441790
-1376253
-1114112
-1245181
-786429
-720894
-720893
-393214
983040
-2097152
3342339
10944513
-3407870
-7536639
-2555901
327683
917505
983041
1245187
1638402
1179650
720899
1048577
983040
720896
589824
524288
1441794
1900547
2621443
2949120
3080192
2293761
655362
-983037
-1572864
-1900543
-1703936
-1900544
-1441789
-1376256
-1638397
-1310718
-1048575
-1179645
-1638400
-1966080
-1703936
-1638400
-1638398
-1769469
-1769470
-1114111
-720894
-393214
-917502
-917502
-720895
-393215
-589822
-458749
-589822
-983040
-917503
-655357
-589824
-1245182
-1048576
-589822
-655360
-655359
-589821
-655359
-655360
-720893
-851965
-1048576
-1114109
-1048575
-1441789
-1900542
-1310718
-1114112
-983039
-851968
-1245182
-1048575
-983040
196608
524289
393218
196608
-458751
-1048573
-1048573
-1310719
-1507328
-2293758
-2293760
10747904
-1638397
-12189696
-7274493
-3801085
-2490367
-2097150
-1179645
-262142
1
65539
196611
-720896
-1441792
-2097150
-2031615
-1376254
-524285
3
917504
1048576
1179649
196608
-1245183
-2424832
-3538944
-3735549
-3801088
-3670014
-3670013
-3670016
-3211261
-3080189
-3276798
-2949119
-2621440
-3211262
-3080189
-2490366
-2949118
-3080190
-2949119
-2555904
-2424832
-2293758
-1769470
-1703933
-1638397
-1769471
-1507328
-327678
458752
-458750
-589821
-589822
-589823
-458751
-262143
-458752
-65533
655362
851968
1114115
1441794
1310722
1179648
1048577
196608
-589821
-1114109
-1507326
-1638399
-1507326
-1441792
-1048576
-262144
-196606
0
65536
-65534
-393214
-589824
-983037
-1048575
262145
-2162687
1703936
10223617
-2490367
-7995392
-3407870
-524286
-131072
1114114
1507330
1245186
1507331
1638401
1572867
1376258
1441793
1376259
1769474
2031618
2293760
2031617
1835010
2424834
1703936
458755
-1114110
-2424832
-2949119
-3473407
-3145728
-3670014
-3866622
-3276797
-2555904
-3014656
-3080189
-2752512
-2949118
-2359293
-2097150
-2621437
-2162687
-2359294
-2883584
-3080192
-2949118
-1966079
-1638397
-1769471
-2097151
-1966080
-2162688
-2228224
-1703936
-1703935
-1638398
-1900544
-2293757
-1572864
-1507327
-1769470
-2097152
-1769471
-2097149
-2359296
-2359296
-2424830
-1900542
-1900542
-1900541
-1572861
-1441792
-1572861
-1507328
-1310720
-983040
-983039
-1507325
-196607
196609
-589821
-589821
-786429
-1310719
-1441790
-1179648
-1900542
-65535
-4325376
5767168
9895936
-6553598
-8060926
-1376253
3
-327680
-131069
-262143
-65533
-65535
196611
0
-262143
-262144
196610
655361
720898
1245185
1703936
1572864
1638400
720898
-1310720
-2818045
-3473405
-3604477
-3801088
-3538944
-3276800
-3342334
-3080191
-2162685
-2031613
-1900542
-1966079
-2424829
-1441792
-1441792
-1966077
-1966077
-2228223
-2293757
-2031616
-2097150
-2490365
-2293757
-2162685
-1835005
-1441792
-1966078
-2424831
-2686976
-2752510
-2686973
-2293759
-1769471
-1966079
-1703933
-2359294
-3473408
-3211263
-3145726
-3407872
-2949120
-2293760
-2490367
-2162685
-2162685
-2686974
-2555901
-2555902
-2621440
-2752511
-2818045
-2883581
-2293758
-1900542
-327680
262144
-262142
-851966
-458752
-1048574
-1245184
-1245181
-1048575
-1179645
-1769469
10813441
1441795
-8060926
-4587518
-1114110
851968
524291
1179648
655361
65537
327683
-196608
-196608
-720896
-851967
-327680
-720896
-1638397
-1048573
-458752
2
917506
-393216
-2621438
-3866621
-3801087
-3997693
-4063230
-3997695
-3997694
-3145725
-2097151
-2031615
-1441792
-1114110
-786432
-524286
-589823
-589822
-458750
-1048575
-1441789
-1441792
-1966077
-1703936
-1376253
-1507325
-1900543
-1835006
-1179648
-720893
-655359
-589821
-393213
-327679
-65534
196611
-196607
-458752
-524287
-262143
-196605
-458751
-131069
-458752
3
65536
-524285
131075
393218
-65533
196610
458753
655361
983040
1310723
458755
786433
327680
-131069
-131071
131072
-65533
458755
-1572861
11337728
4128770
-7929853
-6225919
-262141
-327680
-262143
131073
-262144
1
524289
458755
983042
1179649
1114113
1507329
1638403
2752515
3211267
3276801
3473411
3276803
1835009
-458751
-1638399
-2097149
-2359296
-2031614
-2293760
-2031613
-2359296
-3014655
-2031615
131073
-720895
-1703935
-1769472
-1835006
-1179645
-786429
-720896
-1114110
-1048575
-720894
-720894
-983040
-1245184
-1114111
-1114109
-1507326
-1703936
-1245184
-786430
-786429
-983040
-1179645
-1441790
-1048575
-786431
-983040
-524287
-589824
-1048575
-1572863
-1507325
-1441792
-1638398
-2424829
-2883582
-3014655
-3276798
-3014656
-3342333
-3080192
-3342333
-4128768
-3866622
-3997693
-2752511
-2490366
-3014655
-3276800
-3342336
-2818046
-2490365
-1769471
-720896
-1441790
-1114109
11665409
1310723
-8126463
-3997696
1245186
786435
1245184
2424833
2097155
1769474
1179651
1310720
1441795
1507330
1835010
1310722
1441794
2031618
2818049
2949123
2883586
2162689
786435
-786430
-2293759
-3080190
-3276797
-2752512
-2359296
-2359296
-2490366
-2228223
-1507326
-1048574
-1114110
-1310719
-1900544
-1703935
-2097150
-2621437
-3080190
-3145728
-3014655
-2424832
-1966078
-1638397
-1769469
-1769472
-1703935
-2228222
-3014653
-3276799
-3145728
-3473405
-3145728
-2686976
-1900544
-1572863
-1835005
-1507325
-1441792
-1703933
-1507326
-2031614
-2031615
-1966078
-1900541
-1572864
-1638398
-2359293
-1769470
-1441789
-1769469
-1900541
-2097149
-1638399
-1769471
-1900543
-1441789
-2031614
-2228223
-2424831
-2097151
-2490366
-786432
-3735552
8454146
5177346
-7864318
-6225919
2
131075
196609
655362
917507
3
-327677
2
393219
524291
589827
524291
1245185
1376258
1900545
2228224
2752513
2752512
1835010
393218
-1441791
-2621438
-3014656
-3342334
-2686973
-2490367
-3014653
-2883583
-1900544
-1507328
-1310718
-1638399
-1572864
-1376255
-1048573
-524285
-589824
-786430
-655359
-262144
-327679
-655359
-1048576
-1769470
-1835007
-1769472
-1245184
-1114112
-1703933
-1441789
-983037
-655357
-524285
-327680
-393215
-327680
-131069
-393215
-1048576
-1048575
-655358
131075
-327679
-917502
-720894
-589824
-1376254
-1769470
-1769469
-1703934
-1835008
-1835008
-1114110
-1179645
-983038
-1179646
-1572864
-1900541
-2424831
-2883583
-2555902
-2752509
-2228222
-4194304
-1572864
10747905
-2293757
-9699325
-4587517
-524287
-983037
-917502
-589824
-786432
-1245184
-1114112
1
524288
589826
327683
524289
327683
458752
1769475
3014656
3473408
3211266
2031617
-131069
-2097150
-3276798
-3407871
-3538941
-3080189
-2686974
-2752512
-2686974
-2097152
-1966079
-1769471
-1441791
-1310718
-1310719
-1376253
-983040
-1441792
-1441789
-1376255
-1441790
-1638400
-983038
-458749
-262141
-196607
-393216
-917503
-1179648
-1310720
-1179648
-1703936
-1835006
-1769471
-1835007
-1179645
-1114111
-1310719
-786430
-851968
-1114111
-1441791
-1507326
-1376256
-1310719
-1114111
-1310720
-1114110
-917503
-786431
-524285
3
196610
65536
65537
196611
-196607
-327678
-786432
262147
-2818048
2752512
11272194
-3801085
-8060926
-2490366
196608
-327677
327681
196608
1
131072
327681
589825
1310722
1376256
1507328
1572867
1966083
2490370
2621443
3670016
3932163
3407875
1966083
524290
-458749
-917502
-786432
-786431
-983038
-262142
-327680
-196605
-393214
-917502
-983039
-1114112
-720895
-1245183
-1835007
-1376254
-1900542
-2031616
-1966080
-1703934
-1966078
-2228224
-2359296
-1769470
-1900542
-1835008
-1245181
-524286
-851965
-1114110
-1769470
-1638398
-1507326
-1638398
-1507326
-1703935
-1310720
-851968
-589821
-655357
-720895
-1048575
-1572862
-1507325
-2031613
-2621437
-2359296
-2031616
-1966077
-1638398
-1441791
-917501
-917503
-1376253
-1900544
-1441790
-1048574
-1048573
-851968
-1245182
-1572863
-1441790
-196605
-3735551
1048579
12058626
-3014653
-9175037
-3866621
-1179645
-1638397
-1376255
-1376253
-1245183
-1376254
-2031613
-1900541
-1376256
-1376253
-1179647
-851965
-786430
-393214
131075
786434
1179648
1245185
-327679
-2293760
-3538941
-3604478
-4128766
-4456448
-4653055
-4259837
-3801086
-3670013
-3211263
-2359293
-2424831
-2359293
-2293757
-2097149
-1441792
-1441790
-1441790
-1441789
-2097152
-1966080
-1507325
-1572861
-1900541
-2031616
-1507327
-1638398
-851966
-917502
-1310720
-917503
-196605
3
-131071
-524286
-65534
720897
327680
655362
1376256
1114113
1114113
786433
655362
262144
-65535
-196605
65538
3
1
-393214
-458751
-1114110
-1114112
-917502
-720894
-786429
-524285
-655357
786432
-1966077
3211264
10813442
-2752509
-7340032
-2162687
1572867
851968
851971
524291
589825
720898
0
65538
65536
65538
262147
655362
1769472
2097155
1835011
2424832
1835009
-196605
-1900544
-2621437
-2883584
-4521983
-3342335
-3342333
-2818045
-3145726
-3145727
-3276800
-3342334
-3014654
-3407871
-3735551
-3604479
-2949119
-2555904
-2949119
-2686975
-2228224
-1572861
-1441790
-1638399
-1572863
-1310717
-983037
-458752
-131072
-393215
-458751
-458749
-524287
-655358
-131070
-983040
-1179645
-1179647
-1769472
-1507327
-720896
-983038
-720893
-131070
-65536
327680
327680
131072
131073
3
-262141
262145
393216
-983037
-786432
-720896
-589821
-131071
262145
327680
524289
524290
786435
1572866
1507328
1572867
2097153
1966080
196610
-1966080
-3014653
-3801086
-3276798
-2949117
-2752509
-2686974
-2359293
-2228224
-2949119
-1638397
-1769470
-3538943
-2359294
-2686974
-2228224
-2162688
-2359293
-2228224
-1572864
-1441789
-1572861
-1310719
-917503
-983039
-917503
-1245181
-1048573
-589822
-655360
-851965
-1441789
-1572863
-1507327
-1245183
-1179647
-786430
-917502
-1048573
-655357
-524287
-458752
-393216
-458751
-1048576
-983040
-393214
-851966
-917504
-786432
-786429
-458750
-1114110
-655358
-655359
-1441791
-1966077
-2031613
-2490365
-655359
-4653054
5636096
7929857
-7405567
-8191999
-1900543
-458751
-851967
-983038
-983039
-1114109
-1376254
-1441792
-1245183
-1179646
-1376255
-851968
-1048573
-786429
-393214
458755
589827
851968
458754
-1114112
-2555901
-3604478
-4521983
-5242880
-5177343
-4456448
-4456447
-4128767
-3211264
-3211261
-3211262
-3211262
-3145726
-3145727
-3342334
-2949117
-2752509
-2752511
-2424829
-2162687
-1769471
-1835006
-1376254
-1835006
-1441790
-851965
-1048573
-1114112
-917501
-786431
-262141
-262141
-131072
327681
-327678
-131072
131073
131072
458753
393216
524291
393218
458753
983040
983040
524291
1048577
1376259
1245185
1507331
1507329
720899
262144
262147
196610
1245184
-1835005
3342337
10878979
-2883583
-7274495
-1769470
1310720
655363
589826
393216
3
131075
-131070
-327678
-262141
-65535
-262144
-327679
524289
1376258
1441795
2097153
2162691
524290
-983037
-1572861
-2883583
-3276799
-3211261
-2818048
-2490367
-2555903
-3014656
-3014653
-3342333
-3145726
-2490365
-2752512
-2818048
-2621439
-2818045
-2752511
-3014654
-3211262
-2949120
-2818046
-2686974
-3407872
-3014656
-2490367
-2555902
-2490368
-2424830
-1966079
-1900541
-1900541
-2162685
-1310720
-1048575
-917504
-983037
-983040
-917504
-1114110
-1376255
-1441789
-1245184
-1245183
-1376253
-393216
-196608
-393213
-786432
-1179647
-1245182
-1245184
-655357
-524288
-327677
2
-458752
-458749
-720894
-720893
524289
-1310720
196610
12910595
9109506
-7274496
-7077888
-1048575
-589823
-327680
-65534
1
-327678
-262142
196609
655360
786432
917507
720896
786435
1572864
2097155
2162691
2752514
1835011
-196608
-2031613
-2818048
-3473407
-3735549
-3997693
-4128766
-4128767
-3735551
-3211264
-3342335
-2818047
-2621440
-2949117
-2686976
-2752509
-3014653
-3080189
-2949119
-2686973
-2555902
-3473407
-3604479
-3604477
-3342333
-2752510
-2490365
-2359296
-2621439
-2424831
-2621439
-3670013
-3473408
-3145727
-2293759
-1703935
-1703933
-1835005
-1179648
-524285
-524287
-393215
-131069
-393214
-524285
-458749
131074
458752
65539
131072
327680
2
393218
196611
65539
0
1
851971
655361
196611
196608
-589823
-983037
-1179646
-1769472
-327679
-1310719
-2883581
10092547
3211265
-7929856
-4718591
1310722
196611
1179649
851970
655363
917506
851970
983042
1507328
917505
524290
786432
1048577
1441793
2031616
2490369
2686977
1966081
393219
-458752
-1900541
-2293758
-2424832
-2228222
-1638398
-1376253
-1179648
-786431
-655357
-720896
-851965
-851966
-983037
-1245181
-1310718
-1966078
-1703933
-1179648
-1572862
-1441791
-1572862
-1376255
-1376254
-720896
-655358
-524288
-458751
-983039
-1179648
-1114111
-851965
-1179646
-1310720
-786431
-851967
-1048576
-1114112
-1376254
-1048576
-983038
-1048574
-1048575
-1245183
-917502
-1245182
-1179647
-1245182
-1900541
-1245182
-1179647
-1376253
-720893
-851967
-1048575
-1310720
-655359
-65533
196609
393218
-720894
-1179646
-917504
-786431
-720896
-655358
-2883584
10485760
2883587
-8650750
-5767165
524290
786432
983041
786432
589826
65538
-196607
-458749
-131070
-393213
-917501
0
131072
327683
1441793
2162689
2883585
2686976
655362
-1179647
-2424831
-3014656
-3211261
-3538943
-3801087
-3735549
-3145728
-2686974
-2293760
-2555904
-2883584
-2818047
-3014656
-2949120
-2818045
-2359293
-2228221
-2424829
-2490368
-2686973
-2097152
-2162687
-2359295
-2621437
-2490366
-2621438
-2490368
-2359293
-2162685
-1966079
-1703936
-1507327
-1835006
-1441791
-1048575
-720894
-720894
-1245183
-1245181
-786430
-655360
-65535
-327680
-393213
-262142
-589822
-458752
-589822
-655357
-1179645
-1441791
-1769469
-1966077
-1703935
-1114112
-1114111
-1507326
-1048576
-1114111
-1179648
-327679
-196606
-786429
-1179646
-1507327
-1835007
-131070
-4456445
8323072
9568257
-6946813
-6488063
-3276800
-655358
-1310717
-1245182
-1966080
-1703934
-1572861
-1441790
-1572862
-1310717
-1376254
-983037
-983037
-786429
262145
1179649
1507329
2490371
1835008
-458749
-2555901
-3276799
-3473405
-3473406
-3080190
-3014656
-2949119
-2490366
-2228223
-1835007
-1572864
-1638400
-1769472
-917504
-1114110
-1441792
-1376255
-1507328
-1769469
-1703935
-1900543
-1835005
-1507327
-1703933
-1769469
-1376253
-1310720
-1703935
-1245184
-1572861
-1835008
-2031616
-1638399
-1835005
-2162687
-2097152
-2555902
-2490365
-2424831
-3080192
-2818045
-3407872
-3670013
-2949119
-2555901
-1835005
-1376255
-2097151
-2293760
-2031614
-1900543
-1966077
-1638397
-1900542
-2293757
-2293758
-1507328
-393213
196611
589827
655361
-589821
-786431
-1114109
-983039
-458751
-2555903
9437184
9830403
-3080192
-7602175
-2228223
851971
65539
131073
196608
65536
-393216
-524286
-458751
-589823
-458752
131075
327681
851969
1114112
1441794
2162691
2752512
1835011
262145
-917503
-1441791
-1638397
-1769471
-1966079
-1835005
-1310719
-786431
-393216
-131070
-720896
-851968
-720895
-983038
-1114109
-1572863
-851968
-720896
-983039
-720896
-327680
-262141
-458752
-1245181
-1507328
-2293758
-2097151
-1966078
-2228223
-2228222
-2621438
-2621438
-2097152
-1835006
-1572861
-1703934
-1507328
-1310718
-1245181
-1114110
-1048573
-917503
-786430
-983040
-589824
-327680
-262144
-655360
-983039
-589823
-720893
3
458754
393217
327681
393216
-131071
-393213
-851967
-1179645
589826
-3014655
7864321
8192003
524289
-6881278
-3145726
1507328
851971
1114113
589826
720897
524289
65536
327681
327682
327683
458752
393217
917507
2490369
3276802
3538946
3538945
2228225
589827
-786431
-2097150
-2686976
-2752511
-2555903
-2555901
-2818045
-2818046
-2949120
-2818048
-3014654
-2686973
-2555902
-2228224
-1376256
-1507326
-1769470
-1703934
-917504
-917504
-917504
-1114109
-1245184
-524288
-196605
-589822
-720894
-1114109
-1114112
-786430
-786430
-983038
-1376256
-1376255
-1048573
-983040
-720895
-983040
-720893
-1048574
-1441789
-1376255
-1376254
-1179647
-1048573
-1441789
-1572862
-1572862
-1572861
-1572862
-1835007
-1900542
-1835005
-1638400
-1310720
-393213
196611
-196608
-589822
-327679
-1048573
-1310718
-983038
-1114111
-196607
-2883581
-3932159
9437184
7274498
-8716286
-6619135
-458752
-524288
-327677
-589822
-524288
-458750
-393216
-327679
-196606
-327678
3
131075
262144
1441792
1835008
2621441
3342336
3014656
1114112
-1245181
-1966080
-3080189
-3735549
-3014654
-3080192
-2359295
-2097152
-1376253
-1310720
-1507326
-1441789
-2097150
-2031613
-1835008
-1638400
-1048573
-851967
-917503
-1179646
-1441789
-1179646
-589824
65536
720897
589824
262147
131073
-589824
-2293758
-2293758
-2228223
-2359294
-2228223
-2359296
-2228223
-2293757
-2359295
-2031616
-1441791
-1769470
-2424830
-2621439
-2228222
-1507327
-1245182
-983040
-655357
-720895
-458751
-786430
-851966
-524286
-393216
-720893
-655358
-196607
131074
720899
917507
393216
327683
1
-65535
65539
-393214
1179651
-1703933
4849667
10616834
-3145726
-6553597
-720895
917504
458753
1114115
1048577
458752
131073
3
-524285
-655360
-196605
262147
1376258
2228225
2097155
2424832
2490370
2424834
1835009
131073
-2031613
-2686975
-3211264
-3604477
-3276798
-3276798
-3276800
-2949119
-2883583
-3080189
-2949119
-2490367
-3276798
-5636093
-6422528
-6291453
-6160383
-6356989
-5505023
-5111807
-4587520
-4521983
-3997694
-3801085
-3932160
-3407869
-2949120
-2621439
-2621437
-3276797
-3014655
-3145728
-3932158
-3670013
-3407872
-3080192
-2883581
-2818048
-2555904
-2162687
-1703935
-1310719
-1179646
-1441792
-1835008
-1638397
-1441790
-1572864
-1507325
-1507327
-1245181
-589823
-917503
-655357
-1310720
-1966079
-1703935
-1703935
-2293758
-1048575
-3473405
2555904
7864321
-4128765
-7471102
-2162685
1048578
1048576
1572866
1638400
1769473
1638402
1703936
1703939
1441794
1572866
1900544
2097155
2555907
2818050
3473409
3473411
3538946
2818051
1703938
0
-1245182
-2031615
-1507327
-2228221
-2359293
-2097151
-2097151
-2686974
-2228221
-2162688
-2293760
-2162688
-2031616
-2490367
-2490368
-2490366
-2162688
-2031614
-1638397
-1245181
-1310717
-1376256
-1245182
-1179648
-1441790
-1703935
-1703936
-1835006
-1572863
-1376256
-1048575
-1572862
-1310718
-786429
-851967
-1114111
-1376254
-1048574
-1507327
-1900542
-1703934
-1638398
-1245183
-2031616
-1703933
-917504
-851966
-1376255
-1376254
-917502
-1114111
-983040
-1114109
-1703935
-1966080
-1507328
-1441791
-1310718
-2555903
8257539
7667714
-5242879
-7798783
-2293757
-131070
-1048573
-1376254
-720896
-1441792
-1310717
-917502
-1441790
-917502
-720893
-786430
-393215
1
458752
1048577
1572866
1769475
983040
-655357
-2162686
-2883582
-3145725
-3211261
-2752512
-2555903
-2293758
-1572861
-1179647
-1048574
-1310718
-1048573
-983039
-720893
-262141
-262143
-131072
0
-786429
-720895
-983040
-1507327
-1376255
-1441792
-1048575
-1179648
-1179648
-917504
-917504
-655357
-196607
-131069
65539
-262141
-917503
-65536
-196607
-458750
-458749
-655360
-589821
-458749
-262144
-589822
-393213
-917504
-1048575
-851966
-720894
-655359
-851965
-917502
-917501
-1245183
-851965
-458752
-655358
-983039
-1376254
-1900542
-1966077
-1835006
-524286
-3538943
2818049
9699329
3407874
-8716286
-5832703
-65533
-65535
131074
131074
196611
393216
458755
655362
786434
1114112
1441792
2228224
2424835
2555907
2621442
3276802
3080193
2228224
786433
-1114112
-2293757
-2555903
-2949119
-3211261
-3145727
-2949120
-2949118
-2621440
-2359295
-2031616
-1835006
-1572862
-1703935
-1638399
-1638399
-1900541
-1507326
-917502
-524285
-1179647
-1507327
-1245182
-1376254
-1638397
-1441790
-1835008
-1835006
-1179645
-1441790
-1769470
-1507328
-1376254
-2097152
-2031615
-2031614
-2097150
-2228223
-2162685
-2031613
-2031614
-2031616
-1310718
-1179646
-1572861
-1441789
-1966077
-1703934
-1769472
-1900542
-1966077
-1900541
-1769471
-1769472
-1769469
-1703935
-1441789
-786431
-327677
-589823
-589821
-983038
-1376256
-1572864
-1245184
1
-2424830
-65535
12648451
-655360
-8716285
-3670013
131072
65539
262145
-196606
-65534
196611
589824
655360
917507
1441795
1703937
1835011
1966081
2555907
2949120
3407872
3801088
3473410
1966080
-131069
-1835006
-2359293
-2949118
-2686973
-2818047
-2424832
-2228224
-2490367
-1638399
-1900543
-2293759
-2228223
-2293757
-2228223
-2162687
-2293760
-2293758
-2359295
-2621438
-2228222
-2424829
-2228222
-2293759
-2359296
-2359295
-2031614
-1638399
-1703935
-1572864
-1245183
-1179647
-1245181
-1179648
-1441790
-1572863
-1572863
-1703936
-2490368
-2293759
-2752512
-2359295
-2424832
-2752512
-2228221
-2228222
-2162686
-2162688
-2162688
-2621438
-2621438
-2097149
-1507326
-327678
-458750
-1245182
-1441789
-1769470
-1900543
-2228223
-1835005
-655360
-4456447
3211265
6815747
-5505023
-8257535
-2359296
65539
-131069
-720895
-786430
-655360
-589823
131075
720896
262145
655360
786434
1376259
2621440
1441793
2752515
2490369
786433
1114114
-524288
-1245182
-2621439
-2818048
-2490366
-2490367
-1835008
-1572861
-1310717
-1507327
-1703935
-1441789
-1310719
-1441792
-1572861
-1376254
-1245184
-1179645
-1310720
-1441790
-1310719
-720894
-458750
-65534
131072
458753
262147
0
196611
-65536
-393215
-458752
-393216
131073
-131071
-851967
-393216
-327678
-327680
-720896
-917503
-851965
-393215
-196607
-655359
-458750
-786431
-1507327
-1572864
-1114109
-786430
-524288
-262143
-131069
-2162686
-589821
-720895
-1835005
-458749
-1179645
-1638400
-4194304
4128771
7143424
-7471101
-8716285
-2031615
-458749
-917502
-524286
-458749
-196608
393216
393218
524289
524291
65537
65537
1114112
1572864
1900547
2359296
2883587
2752513
917507
-1245183
-2031613
-2883584
-3538944
-3801086
-3801085
-3342336
-3080191
-2621437
-2555904
-2555903
-2097149
-2162687
-2228221
-2293757
-2490367
-2621437
-2359293
-1966079
-2490366
-2359296
-2097151
-2162685
-2228224
-1769472
-1245181
-1245184
-1245184
-1179648
-983040
-1048574
-851965
-983039
-983038
-786432
-983037
-851966
-1835006
-2031616
-1769471
-1900543
-1114110
-786432
-1310717
-1310717
-1114110
-983040
-786429
-720896
-1310718
-1114110
-1048573
-1572863
-1769469
-1114112
-1376256
-589822
524289
917505
589824
65536
-1048573
-1572864
-1638399
-1966079
327680
-3801087
3932162
11010049
-6488062
-8847357
-2031616
65536
65539
-262144
-524285
-196605
393217
196610
131072
-131072
262144
196611
65536
1048579
1507328
1638401
2621440
2883585
2228227
65537
-2162686
-3014653
-3538943
-3866623
-4063229
-3670014
-3080192
-3276800
-2818046
-2686973
-2621440
-2228222
-2293760
-2490367
-2031616
-2359294
-2359295
-1769469
-1638398
-1769472
-1507328
-1310720
-1507327
-1638398
-1835007
-1966080
-2424831
-2555901
-2162687
-1966077
-1900542
-2490365
-2752509
-2490365
-1572863
-1376256
-1376256
-720893
-655360
-1048575
-1114110
-524288
-655359
-720894
-524288
-524288
-458752
-458749
-393216
-655357
-720895
-917504
-1048574
-458750
-65533
-196607
-327680
-917503
-1966079
-2293758
-3014654
-1245183
-5046271
4849665
4784128
-6619135
-9043967
-983039
-786429
-2097151
-196605
-655360
-851967
-1114110
-589822
-655360
-131072
458754
1179649
1376256
2162691
4194306
4128769
3932160
3997696
3145728
1835008
458754
-262142
-589821
-917503
-917501
-917502
-393216
-196605
-393215
-458752
-262143
-393213
-1114109
-1048573
-1376253
-1114110
-1245182
-1507325
-1572864
-1638400
-1441791
-1900541
-1966077
-1638397
-2031615
-2031616
-1572863
-1507328
-1245181
-1507328
-1507325
-1376254
-1310718
-1507328
-1572862
-1441791
-1245183
-1310718
-1245183
-1048574
-1114110
-1114111
-1179646
-1048573
-720896
-917503
-1376254
-1507326
-1245181
-1638399
-2228222
-2031616
-786431
-327679
-655357
-589823
-1114109
-1966080
-1900544
-1835006
-2228224
-655357
-4390911
3997697
7143424
-7208959
-8060925
-1703933
327683
458753
655361
131072
-196605
-458749
1
196610
851969
851970
851970
1245185
1572867
2686979
2752513
2359299
65537
-1441791
-1572863
-3342334
-3604479
-3342336
-3014655
-4521983
-2228221
-2949120
-3080192
-2949119
-2752509
-2555901
-2359296
-2359294
-2555901
-2228223
-2359294
-2097149
-2424832
-2686975
-2555903
-2555902
-2555903
-2490366
-2031616
-1966079
-1966079
-1376256
-1507328
-1179648
-1245182
-1245184
-1507325
-1310719
-1114111
-1376256
-1114112
-786432
-1179646
-1572861
-1310717
-1441792
-1638400
-1507328
-1245183
-983038
-1048574
-1048573
-786430
-1179647
-720895
-983038
-983040
-786430
-851966
-393214
720896
-851968
-393216
262147
-2162688
-917504
-1441791
-589823
-2162685
-65534
13303809
65539
-8454144
-3473408
-196608
589827
458753
-65534
-917503
-851965
-327677
196609
327682
524290
786432
983043
1310722
1638403
2162689
2818048
3211266
2949120
1835008
-131072
-1441789
-1835007
-2162686
-1966079
-1769470
-1703935
-1966079
-1900544
-1572861
-1507325
-1376255
-1441789
-983037
-917501
-983040
-917503
-786430
-1572862
-1769470
-1507325
-1179648
-1114110
-458751
-327677
-720893
-524285
-720896
-851965
-655359
-917502
-1048573
-1048574
-1114110
-786432
-851966
-1245181
-1507326
-1966077
-1769469
-1703933
-1376254
-1310720
-1310717
-1114111
-1114109
-917503
-1114109
-1114111
-1048576
-720893
-720896
-851965
-524285
-1114110
-917504
-786429
-458751
327682
327680
-131072
-655358
-720896
-393216
-393215
655360
-1966080
1572864
11337728
5898242
-8060926
-7012352
-655358
-851968
-589822
-851965
-393215
-524288
-720896
-458751
-196606
-65536
196610
-196605
327680
720896
917506
1966083
-1114110
-786431
-2555903
-4980733
-4325373
-4128768
-4718589
-4063232
-3276798
-4784127
-3014654
-3473405
-3080189
-3276797
-2818048
-2883583
-3014655
-3145725
-2686975
-2621440
-2490366
-2883582
-3211262
-2818048
-2555903
-2621439
-2162687
-2228224
-2031614
-1441791
-1441791
-1441791
-983037
-1114109
-1245182
-1572862
-1114112
-1245181
-1179646
-1114110
-1179646
-1114111
-1245183
-1507328
-1245182
-1114111
-1638400
-1048575
-655357
-327677
-720895
-655360
-589821
131075
327680
327682
589824
393216
3
-327677
-196605
655360
-2359294
1900544
9371651
-2424831
-6815744
-6225920
131075
-524287
-327678
1
262144
-65533
65539
-65533
196610
131073
458752
196611
458755
2621442
1769475
917507
458753
-1376256
-2490366
-3145726
-3407872
-3211264
-2818046
-2752509
-2424830
-2359294
-2359294
-2031615
-2031616
-2228224