-0.723124854130409
-0.718350732015002
-0.714720505981286
-0.713921227423384
-0.716037227566885
-0.716129705338994
-0.713053488104852
-0.707043738995033
-0.695170985106475
-0.674719128131409
-0.642012809390747
-0.591194626463593
-0.522611165979845
-0.442649375356902
-0.356180961561653
-0.271031383717629
-0.192912420902003
-0.122450873589864
-0.0665848498001445
-0.0348801210847109
-0.0276424650099238
-0.0396428463813942
-0.0645265138390866
-0.0893296826886799
-0.108599674873759
-0.126259463116295
-0.135967402258875
-0.129196153232038
-0.105881576144173
-0.0675667178838755
-0.0196713350095439
0.0245770840139108
0.0626347805868806
0.101947392421964
0.140321908948236
0.175408501933430
0.208249805177482
0.236174824122958
0.262194260979499
0.295004046470562
0.334625209502837
0.375932541643474
0.418272312225453
0.459147712869276
0.496380674364794
0.531483979911381
0.561266050916934
0.579696172218179
0.584392759086652
0.573461640453184
0.543704150393900
0.492975856017592
0.421205618137177
0.330204973124844
0.223609332454124
0.107790639141478
-0.0132871057345547
-0.138272211041441
-0.261590443597197
-0.376337176562311
-0.479609922625524
-0.570246898868616
-0.647936318594986
-0.715608224059183
-0.770638825134863
-0.804333496709654
-0.812814062009336
-0.792156659798285
-0.741952937327922
-0.669886662498343
-0.580734802855205
-0.479916968616856
-0.375650688572501
-0.274588248055473
-0.188331533398301
-0.132954054415316
-0.110954659098536
-0.112854603847879
-0.131093765584334
-0.150480731743369
-0.164481597508399
-0.180906797630849
-0.192598970105696
-0.188056058774084
-0.167785697700032
-0.133702387191088
-0.0923762528237578
-0.0607102813296385
-0.0405360874298256
-0.0197196741961509
0.00168358316331899
0.0243184151808226
0.0505323094932000
0.0746754271694741
0.0994433948015532
0.133668661174643
0.176772261672366
0.225074907899589
0.277504494498735
0.329687385101178
0.380760579182843
0.435266674010090
0.492919609432711
0.552417439639150
0.614085227758942
0.676021080868604
0.737763310493658
0.800432253248217
0.861646788933101
0.916930868049284
0.962180944721178
0.991550152216905
1
0.984155949496450
0.937942477018090
0.854123703375170
0.733262088520184
0.582763136220503
0.410574264475152
0.230057444891653
0.0505336081971621
-0.125317520210556
-0.285235019871081
-0.413305006267082
-0.506215820061103
-0.568043616353105
-0.604483405969383
-0.630461068467494
-0.648779907937009
-0.647554166604172
-0.629378090105900
-0.599131297886224
-0.556551705684022
-0.507153260188080
-0.450197215549418
-0.377980009876575
-0.295924259115074
-0.218006675997883
-0.153368971435097
-0.115203746985188
-0.106646565070792
-0.115127396234898
-0.135489881435279
-0.160572396982684
-0.183087697077885
-0.204783996139564
-0.216835162663314
-0.204116229081703
-0.166473153465778
-0.111777764019718
-0.0479362630168844
0.00785663732982389
0.0506197687448680
0.0908069376478913
0.124518455996386
0.145831704487065
0.156490093583011
0.154989775567529
0.146748125684214
0.146104961491535
0.155061072461711
0.167185171362824
0.184121920838441
0.205892826194553
0.231345734438851
0.263933573432780
0.300679737363708
0.333724158737609
0.362076223498355
0.387486536578684
0.408467195599806
0.425081230282800
0.436180741926591
0.437386670087454
0.427554128533775
0.407014445579502
0.372764147065292
0.320815901436196
0.247459826831110
0.147459522720964
0.0219510340997205
-0.120651677757269
-0.273482989857100
-0.426585393985367
-0.570960854079628
-0.702052384354951
-0.808216908999577
-0.874077422361884
-0.897192399199599
-0.884592445790598
-0.843540755703422
-0.789827081806622
-0.729535408350741
-0.655186503030794
-0.573923469350627
-0.496525709350890
-0.424272561260948
-0.359167241872152
-0.298383082061663
-0.230149826033509
-0.157322827833724
-0.0954114275985545
-0.0501663472352930
-0.0292325936058648
-0.0355706591980335
-0.0586240522823538
-0.0958990963728359
-0.146671080469256
-0.204510935612288
-0.265762087510994
-0.321573578267662
-0.357036165182193
-0.369412736784799
-0.365441934622379
-0.348585945677254
-0.327863732926702
-0.304572174293694
-0.267231601822540
-0.215480883051278
-0.151393950729444
-0.0741952650493125
0.0104168407974230
0.101170516735846
0.200893071569061
0.304105782713033
0.401386506792642
0.484258660936916
0.540390200444218
0.567467973630947
0.575569731603845
0.570104890572453
0.560122474262341
0.551584890331993
0.540550951290385
0.533695137730788
0.542318112577291
0.565056197042878
0.595166727040759
0.623950877568743
0.633642879226230
0.617914478820698
0.583308413529396
0.523659101907743
0.431291092374139
0.310207423334064
0.167334854382196
0.0161840284287748
-0.118225513659184
-0.223440762236541
-0.298359521184372
-0.327694134617980
-0.294205180137008
-0.198614504147949
-0.0517281567701931
0.129110670839601
0.310596536248077
0.476652979577872
0.630357105050690
0.751423055039751
0.814514799087635
0.817531194551280
0.767401573774016
0.679549621979829
0.589891462209215
0.507262580840157
0.412524456208493
0.314651928708939
0.225242683703646
0.142647974944213
0.0722528268329925
0.00517196065233915
-0.0847640604610126
-0.196901308551499
-0.311646206563237
-0.425250800683400
-0.529385951434939
-0.618207053433385
-0.701144394292706
-0.772918129329484
-0.820604720898982
-0.843073438064575
-0.839489798988218
-0.808414843491069
-0.754045675579955
-0.678234749167711
-0.581014942028880
-0.468565714217196
-0.350070917717264
-0.233348305218506
-0.127611688646587
-0.0448928332449892
0.00156912161449349
0.00936231267413165
-0.0123891786238660
-0.0545444034296862
-0.100386841680686
-0.141215513707968
-0.181332096245102
-0.210008861003230
-0.211705513495186
-0.186023814935338
-0.137909422500691
-0.0764688774531384
-0.0230671647214990
0.0181196926476500
0.0608817594443346
0.102444546046504
0.139240152374597
0.172956787194715
0.197778907326846
0.217377539586096
0.244499198390920
0.277789228495926
0.308301110977935
0.333249919864889
0.346179706554766
0.345625562564830
0.340203078439359
0.331115100104150
0.317991235585155
0.304211162484142
0.290187255773130
0.279618281464635
0.279992960942176
0.290324148971635
0.303342114179376
0.313380150266111
0.310637472514047
0.289148999610590
0.249805983796691
0.185921961124533
0.0883705297870232
-0.0407618173048936
-0.192857531616524
-0.356988639905696
-0.513679383753209
-0.651908507118137
-0.770908069135312
-0.857116278712236
-0.893741071382161
-0.879806987052046
-0.822732480783570
-0.734210874394551
-0.638899721681071
-0.546291370839301
-0.448716106468136
-0.357566007861858
-0.287715348751570
-0.239970116085165
-0.213749035356412
-0.200819344708647
-0.179123439733490
-0.146642432648586
-0.119351009845216
-0.0967681283320576
-0.0790875013555002
-0.0686202179343962
-0.0570116956230217
-0.0466452491179706
-0.0478460014839747
-0.0572007309986935
-0.0657377898151339
-0.0678575236953924
-0.0528233574499365
-0.0184796268017888
0.0252920552596927
0.0760212306015592
0.130545213295186
0.185190632996172
0.243308385825596
0.301355074821442
0.351558996318759
0.393766417420883
0.430159985830250
0.462940199045955
0.498775116333703
0.537988555426169
0.573740102839103
0.605102505597544
0.631254669478324
0.650495682370934
0.665186939953293
0.674090637565862
0.673371924218279
0.663078265564539
0.644108991282642
0.616721346193312
0.582793227434410
0.542293308545643
0.492841512971509
0.433985781005966
0.365363706152847
0.286522210270488
0.198531374461454
0.101451942761707
-0.00523874384800948
-0.119095629462400
-0.235534492121356
-0.349616512355957
-0.454393757451441
-0.543809529335853
-0.613368568693699
-0.655452386053810
-0.661045637072089
-0.629580411420696
-0.567926036218451
-0.483422285573067
-0.389268864299027
-0.293665930377066
-0.196907928862614
-0.109780374735014
-0.0467609666357746
-0.00973234547441861
0.00592770916683381
0.00705977768373081
0.0100509536020349
0.0185143415798964
0.0213112385119211
0.0216082364368321
0.0243947292330011
0.0283909701417184
0.0367553960863492
0.0458090748263476
0.0437885169335997
0.0319931936890815
0.0205261347045221
0.0127944356902104
0.0150791847410564
0.0295719302677051
0.0484774130602552
0.0712028565976054
0.0990091748708635
0.129362520580391
0.162618736635737
0.195999334152602
0.222970602243920
0.243205884136240
0.260239559538432
0.275813911419810
0.294210321818693
0.316284250485901
0.337341095390379
0.357281693126259
0.376844818519109
0.393957009846482
0.407505845698424
0.414195702346698
0.407786951303969
0.385362208864323
0.346052011616517
0.286421379773625
0.203235775602946
0.0973073005998166
-0.0277249748511101
-0.166447744656305
-0.309629059381861
-0.451188924308630
-0.588744478517088
-0.714131783158584
-0.817321364614428
-0.895310220341335
-0.949130233693183
-0.981022634977804
-0.998656378106700
-1.00215359416490
-0.982756668350448
-0.940175696162643
-0.875228404699364
-0.788461960547090
-0.686907071101524
-0.573815618403857
-0.450082025027013
-0.323672727129129
-0.205649504299961
-0.107728927064921
-0.0457801107026146
-0.0225436870679201
-0.0258053478083628
-0.0475143318228406
-0.0735917324109593
-0.0950904223633760
-0.115901602469892
-0.125194229463423
-0.106078221638999
-0.0581513454559956
0.0121971405353236
0.0959207333235763
0.171981427260482
0.235729695990221
0.300740533578904
0.363707530307055
0.419946164188332
0.470965091922000
0.511497117020292
0.545297596088724
0.585437468966021
0.630703910359086
0.671665948511813
0.705663056821298
0.726621843755423
0.732233502511464
0.729434706910874
0.717599440503541
0.693677524582429
0.659014740708468
0.612909789112504
0.556612484173352
0.494704632907607
0.427442885017367
0.352466002715075
0.269498029812854
0.177138024091011
0.0756618947454441
-0.0312806581628507
-0.142402807639097
-0.256856385986320
-0.371468863614692
-0.482841439052986
-0.586288931289431
-0.675037907772920
-0.743681088364794
-0.787707374538253
-0.800436008997128
-0.774601645394249
-0.710549046192630
-0.615873850028055
-0.498968605802874
-0.373784055037625
-0.250384419970882
-0.132240835436258
-0.0328474486118259
0.0302803764349334
0.0550717474696675
0.0497856757383305
0.0242645537445637
-0.000555540541619452
-0.0172192358014133
-0.0355517911887052
-0.0472969397037884
-0.0404735633582525
-0.0156785749988481
0.0266014879389457
0.0787896005598422
0.120986040324746
0.151491500801059
0.184266448543217
0.219519467370337
0.258833636905107
0.303899257978322
0.345539745421099
0.384474057414063
0.427554841967993
0.471045469541177
0.508622324620087
0.535177397881652
0.540866587492011
0.524789937541205
0.496532342627541
0.460261590655766
0.422260079267527
0.387887588217610
0.355441309999297
0.330770501158484
0.323615782066367
0.332508515869900
0.349826367613199
0.367095103529583
0.368388630251650
0.345821248297648
0.301657677741671
0.226893028100165
0.110047944251888
-0.0461139102617903
-0.231562375201086
-0.431772712229719
-0.620283401927332
-0.783192737309962
-0.920518555626867
-1.01524581917813
-1.04672249767641
-1.01421223463489
-0.926880250595425
-0.800327707302537
-0.667184288794027
-0.540037888428882
-0.409553934655265
-0.290858657846157
-0.203253232704082
-0.147816799218311
-0.123562556595105
-0.119362387981153
-0.105980551515325
-0.0800899349718433
-0.0616618386705523
-0.0489611725131167
-0.0408515762622202
-0.0398945024926291
-0.0357306899201888
-0.0317988348776631
-0.0424077748782476
-0.0632618521004443
-0.0816275170300392
-0.0903113250930352
-0.0757395946105511
-0.0352894042765951
0.0172824659299542
0.0782331904960734
0.143251178155272
0.206367211474204
0.270185103349175
0.328334218826296
0.368405237687059
0.390247156099631
0.399493339470346
0.401244630621657
0.407617160834964
0.421660501184009
0.434953544942023
0.449554460521200
0.468893816894471
0.490182670783843
0.512370934189919
0.529230060591886
0.527582471036716
0.502976023177535
0.457018659833756
0.384676012303356
0.281486950747132
0.149770169175106
-0.00528846621133817
-0.173829555377242
-0.338542509024757
-0.489411387031665
-0.623266905822954
-0.727049157331332
-0.785507163120575
-0.796444985342414
-0.765626852682391
-0.702239486259673
-0.626313916498541
-0.544913255206567
-0.449931231558503
-0.349907597223362
-0.256579826969208
-0.171334134117136
-0.0966052376243444
-0.0283623855446458
0.0480768783019882
0.130200407092157
0.200925795944640
0.254801958024436
0.284274598782627
0.286202941288961
0.272068933484791
0.243916731510980
0.200953796625700
0.149928708178776
0.0957309406104851
0.0477874786618128
0.0221472342718042
0.0213480598996426
0.0364686958243583
0.0628313744245620
0.0899673790315837
0.114873748127445
0.148215435816252
0.188283814589034
0.230065647156976
0.274453561319622
0.318291235921650
0.362766909061253
0.415060413486932
0.472294258247712
0.524883940767231
0.567530965193094
0.592152091386078
0.595620639308447
0.584075162713772
0.558003057012404
0.517660821238632
0.464283780200851
0.394201366340750
0.308423714060315
0.211168347688905
0.103249684125678
-0.0140109485828930
-0.138917680732125
-0.271382308974575
-0.407255043556877
-0.538480425922723
-0.658362091053252
-0.758777000245864
-0.835996530963120
-0.893084213325637
-0.930433990653264
-0.949865480312064
-0.951659255678824
-0.930689707805149
-0.887279444609620
-0.824179241420261
-0.742457340166699
-0.645888176609594
-0.537581633288828
-0.419386932857999
-0.298083478548248
-0.184032346068223
-0.0875990249865962
-0.0218426197529038
0.0102468745965498
0.0179562713431144
0.00741044731291631
-0.0104606820316703
-0.0289237043511626
-0.0517411806703851
-0.0705933648036870
-0.0721557331008314
-0.0555573172047013
-0.0243172251400274
0.0159679437139556
0.0506143016277870
0.0783779943664215
0.112535814915300
0.153922962515041
0.203104223181552
0.261813931117888
0.322675139071269
0.385836128211163
0.456577930603077
0.530957231528785
0.602316648462406
0.664823390767583
0.708321340463985
0.730663295813922
0.739182203757970
0.736255342809787
0.726188023764841
0.711546898526947
0.687521706608363
0.656303841538571
0.623222684391125
0.587043242707427
0.545353147965809
0.494468402691038
0.426043776431213
0.338076607236208
0.234822389906997
0.114979402293824
-0.0226833151923388
-0.174290917681031
-0.334844009211954
-0.495544920490333
-0.642020858244244
-0.764875090490387
-0.858723723846855
-0.911575182076193
-0.910037827722270
-0.853769445039939
-0.752796780203201
-0.619649779749651
-0.477132420742786
-0.338362745375310
-0.203317733150348
-0.0890740649187397
-0.0179395985634714
0.00789288499423782
-0.00361422971677792
-0.0399402757554780
-0.0726209544829963
-0.0940304453898924
-0.120090368301674
-0.143227063396561
-0.152776720698775
-0.150037644977034
-0.131158590270320
-0.103368734677045
-0.0882654094351678
-0.0851787208853433
-0.0772036793866554
-0.0608603532973156
-0.0289942483092422
0.0212010403643760
0.0770195434085574
0.137839720700699
0.207766147991690
0.281722104440350
0.356118992636742
0.424644026582076
0.474692558928202
0.504630939509627
0.522228456366093
0.530593393579606
0.536542508251136
0.542677805646685
0.541997272343529
0.536217399863372
0.529880398995185
0.521119577168378
0.508508241013962
0.487986746780898
0.450151221615987
0.392745194416191
0.319396197625751
0.228296541887957
0.118174689542122
-0.00840582410013942
-0.148836203630012
-0.296506599705279
-0.439853969010743
-0.572106542899929
-0.689845898432392
-0.784174810517300
-0.845355575239834
-0.871267976529518
-0.864924985998648
-0.831492403357409
-0.782651610682900
-0.722599465917543
-0.646591234646579
-0.560157171694651
-0.471106670635406
-0.381454780631241
-0.294370833999784
-0.209552925968464
-0.120810671069323
-0.0327766440938728
0.0406958201602590
0.0920087401195140
0.111582042350923
0.0972856831750124
0.0609451380899861
0.00837416210831209
-0.0533156818413039
-0.114712420665147
-0.172028436005175
-0.212620658010742
-0.217349407674450
-0.184292615384010
-0.124099867056250
-0.0459082808411566
0.0311383950906479
0.100283912952345
0.172895547700455
0.242571871831984
0.298919996398113
0.342772172671073
0.373013327377758
0.395381633114347
0.426706727930526
0.467389597649151
0.504725246692750
0.537217738444803
0.561405797434886
0.574845089995276
0.585139558047809
0.590996188809732
0.586302938137496
0.573003679310704
0.553784801610399
0.531161229165719
0.511657765867487
0.495087372635305
0.474261678350400
0.445962753324364
0.405438057117064
0.348851631578329
0.277458926882170
0.187455979366998
0.0726187001337112
-0.0645920250335675
-0.216435929473835
-0.374216668101526
-0.523281583106389
-0.654256812355629
-0.764756744645133
-0.843293001983816
-0.875717359569602
-0.860963938242618
-0.806045588847168
-0.720650610306765
-0.624648952350680
-0.526816381214070
-0.422432475888554
-0.322500267482083
-0.241650159487780
-0.181454443462258
-0.140560615027026
-0.112229247044659
-0.0779442901058985
-0.0363118912219591
-0.00245681433843491
0.0234788599338019
0.0413111777046987
0.0489206854608402
0.0540681262599462
0.0553121056389935
0.0444204000281045
0.0255061896629749
0.00769574152687996
-0.00231553976991314
0.00717361920403230
0.0383502066201644
0.0808348747142418
0.131022732170300
0.183536808714005
0.233877091300278
0.285984723940082
0.335342074243694
0.372984383457037
0.398861584062098
0.415528585102806
0.426300189105313
0.440270583243786
0.458421048687464
0.472942341834123
0.483559173437035
0.490141981344172
0.490470804043807
0.486290042981179
0.474749619010869
0.448993614194456
0.407691129679405
0.351691485135367
0.279580925803162
0.191448108191479
0.0884540530859730
-0.0284190609302197
-0.155305097406132
-0.285681346549202
-0.415313283060080
-0.541197036249319
-0.657355344378656
-0.757146940420624
-0.837516529267738
-0.897830269735245
-0.938203999481811
-0.961746438953775
-0.967069634339879
-0.947443197778857
-0.901068163916857
-0.826754326691222
-0.725296283955829
-0.603702255730118
-0.466844202855164
-0.319669676089310
-0.170863272054391
-0.0295711164114660
0.0918354702231568
0.177040046506980
0.222746079342038
0.238578507525229
0.231678446335972
0.216206469697834
0.199066234969441
0.173610964488702
0.148043313427955
0.135605793441017
0.137004886469272
0.150678673985423
0.171399045754964
0.183861262379409
0.188282757566731
0.200044231662878
0.222073524085047
0.258106756833175
0.310098617233141
0.367546273284722
0.428570727183872
0.495215047360279
0.561160489517275
0.619998756138376
0.663065354112978
0.676003540063341
0.657256154667980
0.617651170663302
0.563596682992896
0.506793483522592
0.453526089119288
0.398037496199192
0.346789346981937
0.310554757131555
0.288112565233121
0.274970723034180
0.263387811701603
0.236242419396911
0.188422212940145
0.126897803817182
0.0467003847406687
-0.0579236117473699
-0.183817341562697
-0.327200386574929
-0.477662218789046
-0.614987691580526
-0.730396423803372
-0.824407883507130
-0.886336421443345
-0.904722752309173
-0.879185403903082
-0.813877717646735
-0.718782345571970
-0.614919378900724
-0.510373667243818
-0.400394663874489
-0.295221391896331
-0.207368618364328
-0.138559301087232
-0.0893263726922261
-0.0538798686183721
-0.0153824656293018
0.0265720361160347
0.0575621511986059
0.0765368019472047
0.0818351444867614
0.0719417070259170
0.0561594107976099
0.0350540629505239
0.00395796105007916
-0.0309416276158424
-0.0601225968070594
-0.0743427629603781
-0.0588503185889593
-0.0117302586695523
0.0541931073046750
0.132081889578792
0.210664957518969
0.282209094271442
0.350701963483069
0.407547234167093
0.438613931077505
0.444197297137369
0.430350483498051
0.405253587012750
0.387307356223342
0.381718664081049
0.378988481991302
0.383801862767886
0.402304723120728
0.431765726663056
0.470861499210286
0.510957075576658
0.533332205556125
0.532190622952902
0.511417401607923
0.464474947692029
0.385320684741061
0.275362069982404
0.136828161862943
-0.0212810676083420
-0.180741879027732
-0.334200573879867
-0.483178532315309
-0.618269682699301
-0.729122145800907
-0.812889018417699
-0.867567486477451
-0.896352498876403
-0.910778345464130
-0.910035863573341
-0.882306725817627
-0.825989436754758
-0.739168391686101
-0.622605288659512
-0.488020083453634
-0.340928413033127
-0.184776645465922
-0.0311372843657907
0.106916293514855
0.213140743648488
0.265118082538157
0.259849231340452
0.214381149684311
0.141061660607299
0.0619257263585513
-0.00968012060491216
-0.0790656060760312
-0.130121536521592
-0.138561596989303
-0.103930164748511
-0.0356269739766653
0.0524530395889534
0.128612295059265
0.184925826161078
0.239686474338631
0.286197631319178
0.315424140356601
0.329943061282235
0.325290230094656
0.309995475733392
0.307816308599892
0.320303986953960
0.334388776647966
0.350241531548245
0.364348097733444
0.374478204119866
0.389692871340554
0.407344115484456
0.418113326539568
0.423171443123836
0.425457270341089
0.426060455577146
0.430274305707789
0.437506321339861
0.440137980571535
0.435601310215419
0.421138415713869
0.392486476188401
0.348368058005751
0.284098642589673
0.192293709430068
0.0740510507811877
-0.0630433265770493
-0.211907683784824
-0.360529290567307
-0.500785013281584
-0.631177790252664
-0.741561157988840
-0.818671501375857
-0.859980773722099
-0.868678076702760
-0.849684947416911
-0.815916794056718
-0.770175816909700
-0.703374299419196
-0.618514331511658
-0.520523558433321
-0.410675179673360
-0.295569030420684
-0.176819431014922
-0.0507453600975110
0.0753767401249165
0.187222479069584
0.273781946158321
0.320240910688787
0.323393238816713
0.296359538347483
0.246115939807941
0.183482903896886
0.117861244502906
0.0482765849990141
-0.0132849120717180
-0.0478797574504849
-0.0535144805684902
-0.0369949823680378
-0.00562625889500687
0.0223422820082715
0.0439464605806319
0.0749529158074880
0.114308538001939
0.159070963095831
0.210648927665802
0.261325709913054
0.311834849125127
0.370524300551766
0.432335898298942
0.485664775145728
0.522467166763126
0.529779369325901
0.505608533071731
0.463154608011000
0.408397925077290
0.349858715545128
0.295275095687101
0.242785549820090
0.201212383045738
0.185207703402295
0.193719878139989
0.217067525122640
0.244750949130716
0.256022215913984
0.242104622485324
0.209328538692447
0.148376514963888
0.0469569784882893
-0.0917922086082848
-0.259822294864233
-0.442349480522453
-0.610615903237672
-0.751835743685312
-0.868750513068953
-0.946083034203525
-0.966117068319242
-0.928712975091962
-0.840262598496443
-0.715398405107664
-0.585419042194723
-0.461538015653612
-0.335023937544942
-0.219474744770769
-0.131404087196706
-0.0718845463436428
-0.0412126838163892
-0.0295896899438749
-0.0108310521500099
0.0175731866028234
0.0375540375497991
0.0502138363496160
0.0557376575916382
0.0518126548759856
0.0483191880717962
0.0425697417801140
0.0224868740929850
-0.00753143588805821
-0.0360256064595942
-0.0558283484744537
-0.0537584356987949
-0.0270382197269515
0.0122533783189007
0.0609755299231430
0.115085072881542
0.169755220598861
0.228609444446718
0.286671142266302
0.333589052890894
0.368976909618081
0.396000277160291
0.417673865901407
0.442809827455241
0.471960380588448
0.496048701534238
0.514001900579280
0.525069025852672
0.527244219438681
0.523959808294974
0.513956693825344
0.492534011700021
0.460368511332559
0.419506191907409
0.371170707086852
0.318883704368488
0.263012023750757
0.200042898064160
0.129201737717411
0.0495199626115167
-0.0397750122714186
-0.136727784070100
-0.241500463129800
-0.355328120689694
-0.475041482858105
-0.594729168858213
-0.707866687833225
-0.804892322546971
-0.878213371586194
-0.923007802750631
-0.929936470538137
-0.888005394406661
-0.797716721417946
-0.669351236403355
-0.514365505295031
-0.352495742080813
-0.196648021593758
-0.0492953776464603
0.0727265961399142
0.147517495871539
0.172779798536937
0.157900085072290
0.115374904511527
0.0724098220876141
0.0380349875390347
-0.000718458306563932
-0.0339578104338751
-0.0476692180863216
-0.0425001089936399
-0.0176416767269882
0.0181895771073185
0.0411137776281079
0.0499431252132304
0.0622389595098292
0.0792830517280814
0.104567390360539
0.141098723684484
0.178349972719654
0.218145612695061
0.269602163179406
0.329409901525621
0.391800558994385
0.452121130684982
0.499986683990204
0.533215307932758
0.559025749016672
0.578136663479575
0.592103501070675
0.601842921512964
0.601566952631676
0.591037931817515
0.572813727463940
0.545284458745685
0.507493148950837
0.457696161926788
0.391447941369364
0.308160514909143
0.210386774967696
0.0983722701422202
-0.0269285439838980
-0.162556351381000
-0.305317928346687
-0.449643991205865
-0.587256727904329
-0.711318104784383
-0.815608644604951
-0.890937470081360
-0.927026413126497
-0.922074024084216
-0.882305923698541
-0.814398134713784
-0.731037742098510
-0.639366558947205
-0.537750782238451
-0.435709621160365
-0.346578585552536
-0.272626027886827
-0.211929202595647
-0.160135596632838
-0.104244187695636
-0.0443121631484936
0.00557990456132343
0.0434689817705504
0.0677267115866975
0.0761361516429449
0.0759401489514009
0.0671917848051308
0.0453795988233833
0.0152671692023310
-0.0156013317821722
-0.0397162910741302
-0.0447058792292355
-0.0280899413080663
0.00133335546848531
0.0400238135805555
0.0814293278228432
0.122280396255977
0.169125460617057
0.219245144468406
0.266243447536057
0.310143352493469
0.350089613541688
0.387264800455746
0.427815380293612
0.469760311111506
0.504191696172623
0.527033083043678
0.532738953080886
0.519944813061280
0.496202344152397
0.464526089262661
0.427980331696026
0.391272275950975
0.355401521354483
0.326164408512332
0.313027998160849
0.315332581696888
0.325097110378294
0.334966516838036
0.331614576674399
0.308147338392161
0.267280557640400
0.201410340087517
0.100212403124411
-0.0337799634373307
-0.191834993693688
-0.361442006829038
-0.519566588819889
-0.654444487612423
-0.766725716784423
-0.842233237932648
-0.863822984489695
-0.831100037726990
-0.751546192781195
-0.638488508657725
-0.519822345861902
-0.406382574133865
-0.290716527153124
-0.185960968596873
-0.108677976702444
-0.0597884129048188
-0.0380406499795868
-0.0335944674736341
-0.0211087086133483
0.00278133968839771
0.0214893400998092
0.0372438384934172
0.0520139668462064
0.0635110770051563
0.0794252548450726
0.0957484767756340
0.0985218591305992
0.0902820716377228
0.0818485659851790
0.0780111913133474
0.0885547400867858
0.115910189737145
0.149757511947912
0.188684922763850
0.232301848177766
0.277202204376024
0.325321880115009
0.373250930929290
0.412968513828015
0.443970908907402
0.469135185607480
0.490012125015655
0.511689578270965
0.534230559417225
0.550954656830279
0.560572105587213
0.562257398166891
0.553808052749522
0.536263101283876
0.507672775685061
0.463604887361328
0.402997927590585
0.325658210716426
0.230524922579094
0.117768903669230
-0.0110581582031792
-0.153284794410165
-0.304398425938668
-0.457727727421154
-0.607571662609924
-0.749014999041641
-0.874132127021930
-0.973630100890862
-1.04423424213497
-1.08784012459062
-1.10639812316279
-1.10598836169279
-1.08754109745642
-1.04462047132460
-0.978413687648139
-0.891980289317039
-0.786640344015499
-0.667772917819804
-0.538358020957882
-0.398909375130844
-0.256964747700096
-0.124613193950240
-0.0131729276974368
0.0627417542425844
0.0998434222803440
0.109075670387929
0.0971634781465289
0.0757534769726393
0.0528181123220178
0.0252033934904887
0.00294241612403906
0.00200245426034985
0.0235582156489870
0.0625954302987326
0.112374810251136
0.155810606070970
0.190793330193665
0.232138303383100
0.279865217226663
0.333138462440567
0.393705922732517
0.453854325382451
0.514229961829942
0.581978107604347
0.652873238769273
0.718280722318657
0.771710461689502
0.802001219985947
0.806980288499488
0.796131375884520
0.772835617097845
0.742341064459932
0.708825656538749
0.668452249897769
0.625441079941046
0.588118567096488
0.555442417898033
0.522890691845481
0.484992244101150
0.430034191522538
0.354240140046675
0.262737353428664
0.152153222609127
0.0182773369757103
-0.135233140362054
-0.302798322957368
-0.474215284038707
-0.631452680812683
-0.764542802600078
-0.870651850414179
-0.937394648026778
-0.950852782801193
-0.910740102589712
-0.825461166746305
-0.707541449345530
-0.581126164751304
-0.458206008063860
-0.336424636541064
-0.231171196230228
-0.162161311289717
-0.131078145884739
-0.132319747774439
-0.154394399097134
-0.170373109586066
-0.174055644258388
-0.181028541070396
-0.185435413120710
-0.179478024326921
-0.164750956523352
-0.136494435679133
-0.100976626527551
-0.0772151694311553
-0.0642207926794922
-0.0474948270395946
-0.0235479043484960
0.0150190710651162
0.0702989385712870
0.129826053489255
0.191938620347412
0.258353750321989
0.323559197965585
0.384614783142986
0.434897942946056
0.461944629248893
0.465005706244943
0.452859211396697
0.430739789816048
0.408800888538809
0.392080344246460
0.375460912999005
0.363946829508905
0.365763700217398
0.378882551378306
0.398210750431685
0.415591142120629
0.414668538403918
0.388758668001834
0.340902514744109
0.263626556518602
0.148259788952819
-0.00226099224200628
-0.179975344883391
-0.371614855857882
-0.553090377239553
-0.711696085035733
-0.846281989971375
-0.941024636453234
-0.977226639208747
-0.953865739121146
-0.879274186846400
-0.767529343669329
-0.647938402588533
-0.532022011667043
-0.411589613933595
-0.300668237499805
-0.217309698773764
-0.162497026590135
-0.134724183458997
-0.123522296303386
-0.101784924119953
-0.0662492612962556
-0.0354764940956948
-0.00776801124338468
0.0181807684212551
0.0394551365037134
0.0644310809897578
0.0886792727874628
0.0971970651057800
0.0924322233568457
0.0851174536741022
0.0799934600705239
0.0873134670686961
0.109789598387848
0.137288726283664
0.169110979770787
0.205834693205834
0.245081485110896
0.290093375460641
0.339025426408831
0.385633453417948
0.429755677274505
0.473012164936363
0.515823629941943
0.561238084851830
0.608174299942386
0.650433901081685
0.685296112277253
0.709827252204100
0.721683578141143
0.722489598245943
0.711330767569384
0.686341912301766
0.646837181148049
0.590660581528377
0.516892560237734
0.425939830194984
0.319427888290271
0.201634436650486
0.0774942750254033
-0.0467018333081686
-0.163989011696460
-0.267600383642671
-0.347857352364879
-0.392912622045390
-0.401399925659756
-0.382168642326570
-0.343441519202405
-0.300031271855464
-0.260527852221460
-0.222789001908523
-0.197558467393187
-0.200027740715784
-0.230511302445171
-0.282488238205647
-0.346284525193190
-0.400743866476378
-0.439717975035743
-0.473799033291260
-0.497100555792105
-0.501812850793613
-0.489279966905014
-0.458024274280159
-0.414719779002661
-0.376843433807074
-0.346432403872663
-0.314160916220139
-0.281279509229661
-0.247281656856831
-0.210979357468749
-0.178411670497088
-0.147453679099066
-0.110358437637776
-0.0682055837086751
-0.0250779811207795
0.0176384710184512
0.0556544006524166
0.0881043683272037
0.119514274231862
0.149954950105020
0.178662991033811
0.206986853483650
0.234696692457872
0.263189308394203
0.295851248882447
0.331640126896009
0.366202646252341
0.396120530783809
0.415916025782170
0.421770435578342
0.413134469394549
0.385628166210655
0.333488592748944
0.256983272763596
0.160151693479877
0.0479907149509759
-0.0700709302188443
-0.189002752600068
-0.309356652877471
-0.424822019397248
-0.527283240823399
-0.613852902988324
-0.682528905815104
-0.733270026853827
-0.770644936350535
-0.791833378642001
-0.786898385681108
-0.751746365924725
-0.681903137177459
-0.577698750479309
-0.449669534470840
-0.304665608974890
-0.150512933948970
0.00161673389359569
0.142688217768511
0.257336593423200
0.324625335642550
0.341629125603152
0.321422325215123
0.274890377622140
0.223268048192645
0.176752378265194
0.127067490017987
0.0860504134600971
0.0717143662860843
0.0840220211766832
0.118613431316873
0.165345034294544
0.199163256565610
0.216117915132127
0.233079499597508
0.248028010280771
0.258819605834317
0.268499193615075
0.270674433454194
0.270556113908103
0.283680512557579
0.309953363634159
0.341717322328432
0.377834561439955
0.412941049287638
0.444687984991123
0.478616032822812
0.512014471357103
0.538674068876462
0.557186184790331
0.564850754144126
0.558923476356885
0.538966429533565
0.504008312180666
0.453522999012435
0.389059020303286
0.313577640940400
0.228415021380844
0.133656231049937
0.0316067252211125
-0.0748659689312288
-0.183560270192544
-0.291663379521445
-0.396890756965051
-0.497836544695764
-0.589971832549484
-0.665984582159901
-0.719459965974332
-0.742849442266453
-0.734566330253642
-0.700964394331179
-0.646519206353849
-0.578545532464426
-0.503031834572295
-0.420663612235482
-0.339567222028674
-0.271646009266515
-0.219086746518802
-0.178680559478682
-0.146910090576231
-0.113850607926902
-0.0788878636533048
-0.0528894812517642
-0.0365866514232838
-0.0296049762665269
-0.0331314343064698
-0.0415856531302715
-0.0545073335972673
-0.0753307576736840
-0.0995664104746755
-0.119456867657660
-0.127941471910968
-0.114183908672457
-0.0764855353455535
-0.0242124346017363
0.0377245794393951
0.101290452454116
0.161094678341922
0.220562278202357
0.273821740969185
0.310931805728560
0.332019214933272
0.340734651804715
0.342362007132710
0.349382573450118
0.364655109720339
0.380624593767375
0.399429143844989
0.423873947713519
0.451758668018509
0.483121025866842
0.512622438261445
0.528501469597675
0.527385814256142
0.511403784233395
0.476775606190879
0.420546805929385
0.343592992075189
0.246926235991761
0.135936109614490
0.0213764147459403
-0.0921234335270924
-0.204613505756521
-0.309934431965397
-0.401338509682616
-0.476425005769863
-0.533529086709353
-0.573782927510640
-0.603063162981469
-0.619926029233663
-0.616175287791269
-0.589640163453982
-0.537942461232238
-0.461189311517144
-0.367073732293040
-0.259592348489998
-0.142122107311739
-0.0225462781119476
0.0911333443798682
0.187761404140440
0.251908085170130
0.280460409579809
0.282247361897397
0.263278415629782
0.235813357940209
0.205440496185245
0.165099644963090
0.121125956141455
0.0843079722672377
0.0552570204636174
0.0339605947191652
0.0169781722052158
-0.00750372096518585
-0.0379026252799940
-0.0602163203714568
-0.0700890700122925
-0.0618039666881084
-0.0329859339306973
0.00675513939895055
0.0553020454650207
0.112782859625004
0.173667001165152
0.234441980152611
0.287697511659125
0.320773081428764
0.332182207049012
0.329668587361016
0.317964062469253
0.306895482624794
0.300062144760294
0.290005021435493
0.279646088209427
0.274704350885044
0.272899221149968
0.271814230037751
0.265275904055704
0.239973221243616
0.191912982878519
0.125017933229069
0.0354465726927290
-0.0803633139959201
-0.219532276723666
-0.377935342117804
-0.546233193358102
-0.707650773059319
-0.852944955494948
-0.979037255206090
-1.07394556374821
-1.12421937305686
-1.12793175154492
-1.09018007870232
-1.01962533730092
-0.934889137045713
-0.843015248196981
-0.737710269911204
-0.627847204673640
-0.525365892836684
-0.431846493907645
-0.348601044474135
-0.271296516711643
-0.185393150477822
-0.0925609278778615
-0.00890843506852336
0.0613156873217179
0.112415594965872
0.141621726858413
0.159281527158628
0.166852504449420
0.162346554161590
0.152005600512643
0.141718572845282
0.140444887049715
0.163268052013906
0.212005154136243
0.276071139931818
0.349457549577043
0.420673328114061
0.484522795102361
0.548819365117004
0.608865827677131
0.655951482149242
0.690738555370612
0.713789655218627
0.729389631756904
0.749724881290071
0.775645077432754
0.798156632139371
0.816763035566949
0.830030755544375
0.835476287727756
0.836280898698416
0.829390921262430
0.807292919645703
0.768735704477161
0.714138305848103
0.641941959157812
0.552604642963269
0.447004422881749
0.325536642973743
0.191762940308725
0.0517484240152656
-0.0907260893743708
-0.232921244961706
-0.369368006004872
-0.494066154747745
-0.603726258404884
-0.696692262410048
-0.772036059861823
-0.831255057198779
-0.871645632339038
-0.885764108811636
-0.870073591551108
-0.821181898476976
-0.739893008320117
-0.635000813496157
-0.513289643615530
-0.383144441860849
-0.255167513009397
-0.138208843053949
-0.0469914635573822
-0.000971164749625743
-0.00264199775795409
-0.0391823345342097
-0.0993980263012145
-0.161999734341971
-0.216216883719852
-0.268771841400718
-0.306871860776926
-0.311606624530535
-0.282692820975247
-0.225441676889884
-0.150616473653369
-0.0841252643155919
-0.0308194951388887
0.0258873394324272
0.0827186193509872
0.135663025027539
0.186570853442931
0.227918365967441
0.263643638970479
0.308350539267613
0.359849874510605
0.407132626707791
0.446186226781768
0.468431070785147
0.471842700310130
0.466841965627511
0.455020463925220
0.436490707400896
0.415399785931009
0.391749140675734
0.370134828071380
0.359849848687191
0.360098564793588
0.363119224176596
0.362901379363071
0.348428751642355
0.313854459119793
0.261839272302711
0.186167045779418
0.0781262697968960
-0.0597958937838652
-0.219748821886265
-0.390803127943208
-0.553074166770635
-0.695921613788237
-0.818975240438894
-0.909269169993110
-0.951140511682692
-0.943290935209046
-0.891375433194033
-0.805715163356904
-0.708920232245588
-0.609028068179191
-0.498234065155112
-0.386319696533350
-0.285994372547225
-0.198790744026668
-0.126887539040006
-0.0652579658681117
0.00282650403450865
0.0758944544314203
0.136976976755514
0.182190175176891
0.205922097149743
0.205385586949074
0.191583178530005
0.165698582691132
0.124775252463534
0.0753418247746324
0.0242555254178355
-0.0190579218640969
-0.0387027882979320
-0.0317973214174674
-0.00799513894000158
0.0283793541293963
0.0681691636668483
0.108004333250198
0.157338621571376
0.213740006794899
0.270877491470306
0.329076067371686
0.385860431844099
0.442132778409675
0.504655226162925
0.570220858713999
0.628139963817882
0.672524047659231
0.695031602431418
0.692964528440356
0.674218609837401
0.641076487723065
0.596134626883376
0.543016576218746
0.479938618883400
0.411126352410495
0.344851255142493
0.281423999047523
0.217424487652828
0.149810638102371
0.0709374428995171
-0.0202120397976374
-0.116424971838506
-0.217408519913403
-0.323421800465750
-0.430836793745486
-0.537683696437585
-0.637961182189308
-0.720886086103737
-0.781123237848668
-0.816560329407127
-0.820886551743280
-0.788119718281394
-0.719282860263700
-0.620493099995497
-0.500836004297934
-0.375977159368020
-0.256130594560579
-0.144991940045287
-0.0563504667630999
-0.00727729575255570
0.000503752399451727
-0.0243570958750364
-0.0708350430828206
-0.116274260240280
-0.151854679343448
-0.186161929871353
-0.209012926814099
-0.206248084071319
-0.178190921268427
-0.126845288054576
-0.0614407133582934
-0.00491716251815388
0.0394110831968341
0.0860310504229033
0.133132261298222
0.179499173492437
0.226991817019527
0.267990444318218
0.305521246553418
0.351122424603722
0.402731453194379
0.452373977684197
0.496685340477726
0.528005451618007
0.544311466887395
0.553039685804143
0.554489965594636
0.547887622001512
0.535100503823851
0.514299897548286
0.487151273750283
0.458645057918337
0.427800652974858
0.390414736091307
0.343355688818789
0.280691053557670
0.199639222680331
0.102139841595567
-0.0143671307628986
-0.153400714327082
-0.311537186034382
-0.481377137241358
-0.653441608373505
-0.812605659928771
-0.948296230680091
-1.05529934445457
-1.12026543497558
-1.12733887594494
-1.07561027570012
-0.975358138557299
-0.839135314804124
-0.690760842199488
-0.542808622093080
-0.392753330618961
-0.256674735502079
-0.155940995151401
-0.0927576808429798
-0.0615726604848410
-0.0514473619489938
-0.0356815050311060
-0.00910311129864046
0.0105189544712946
0.0274371058116436
0.0477449479251929
0.0693307941979409
0.0984293302040766
0.129755683754891
0.145822050822505
0.148945775717031
0.153730558795007
0.165484537264845
0.194350814912155
0.242918016716306
0.297978448376933
0.357097677420882
0.419764284667405
0.480426966311197
0.538808825459757
0.588644190381749
0.617616722316273
0.625317289177694
0.619109377350548
0.604042357040984
0.590897650208409
0.583628170780550
0.575494589213395
0.569832617535213
0.572265604085140
0.580526226350528
0.591943092003881
0.599829726233310
0.590229099274200
0.558020986859150
0.505538463276094
0.427021127625134
0.316495742683327
0.176370405428530
0.0124711807927475
-0.164618601533224
-0.335852594122931
-0.490913610962566
-0.627945261890591
-0.733822909127731
-0.793178091929669
-0.804612750414893
-0.774537392049988
-0.713647210095897
-0.644570735170555
-0.575839976283081
-0.500078142716282
-0.427637275457587
-0.372129732895058
-0.334241531416841
-0.313537423739488
-0.302467599267268
-0.280708461813832
-0.246760145531612
-0.215988227881392
-0.188621659673333
-0.165727153441993
-0.149699184108736
-0.132325339208049
-0.115571289691616
-0.108477043783657
-0.107726261128455
-0.105619412012488
-0.0968479148460146
-0.0711027909293851
-0.0269204764970602
0.0256455187981078
0.0831622156575050
0.140851661062618
0.194247245783682
0.246229541504651
0.292353552486804
0.324116146158472
0.341768029784093
0.348902865350706
0.349630921306934
0.353618533528379
0.363502121146025
0.373831039277479
0.386808370325392
0.405445185131822
0.427512381092287
0.451104782267587
0.470368851297719
0.473756290018945
0.456460411387396
0.418819277619460
0.355088213120600
0.259381917397636
0.133633639074614
-0.0157726577913702
-0.178849346846180
-0.338167581923685
-0.483598252053575
-0.612899519189775
-0.713134253922141
-0.768727710800889
-0.777818929380122
-0.746425284154221
-0.684106628458256
-0.611690414358887
-0.536473416880160
-0.450127521508444
-0.361327855885692
-0.281853016777051
-0.212676893844225
-0.155615525155075
-0.105663455791630
-0.0466544900536719
0.0201235022784578
0.0786066268505728
0.125013998268093
0.153727924184862
0.161570588025083
0.158142483809819
0.143505535262144
0.113504919528801
0.0727342532454000
0.0258721322234601
-0.0203989286279957
-0.0536641161349814
-0.0710716122156786
-0.0786859457421008
-0.0776905118554595
-0.0721034783244025
-0.0617505680109865
-0.0368922237974542
0.00447657387229135
0.0621086413232105
0.136457779446011
0.221642401259657
0.314342424578938
0.412763881208314
0.510286283056749
0.599123570154221
0.669588616012475
0.708247948030751
0.712319966789009
0.690024560275127
0.646687341458824
0.592820689054718
0.533182376275465
0.461134217881692
0.381739365701423
0.303954044119362
0.227830919829248
0.153041676994638
0.0760844552680104
-0.0139491382695856
-0.116468905920555
-0.220405021346916
-0.323062465435314
-0.420638354057156
-0.508852043498176
-0.589988388039231
-0.659733560423467
-0.709538426161271
-0.736633905276116
-0.738899273766911
-0.713122849453072
-0.658412345436368
-0.576326008569488
-0.470961359343183
-0.349561652848725
-0.223245835912016
-0.101202294855046
0.00928917234582450
0.0951623283230885
0.140759400607614
0.144059473110248
0.115039858655193
0.0641435943506499
0.0112690692973309
-0.0339305156264904
-0.0769868204486032
-0.106209458965413
-0.104967422878043
-0.0733048893991638
-0.0166482302058934
0.0542610324953549
0.114739484630706
0.159246273151224
0.201760161477192
0.237794324458674
0.261937278461144
0.276351581763893
0.276956674358097
0.270164083533300
0.273627164000084
0.288591029563552
0.306222891166782
0.326960335638531
0.348233852276880
0.368115078921536
0.392146618545595
0.417221498978661
0.435035192137866
0.444943840999820
0.447897453097575
0.442694013862946
0.430709566563725
0.411100856233577
0.379716714664936
0.336060531303462
0.280853279544297
0.212282946505222
0.128506242302937
0.0276918530108474
-0.0932235549826228
-0.231968382659620
-0.380601987590553
-0.532166628059929
-0.677012077867220
-0.805924879177420
-0.912708394436899
-0.985463439205382
-1.00910647301056
-0.981955367394291
-0.913479241929630
-0.813194119876762
-0.699391044765582
-0.581718101330401
-0.456574098948816
-0.336104017285422
-0.237348519323458
-0.162441564288000
-0.108691496211091
-0.0692832634553384
-0.0253093264864313
0.0246593519572352
0.0639726210444202
0.0922471478957257
0.109600415796466
0.113953497597035
0.114013389470498
0.109051932052690
0.0913411841064680
0.0662639167178208
0.0444967678679283
0.0345780754874062
0.0506437406692619
0.0948869805347458
0.154333044089060
0.223196526565621
0.292572825451721
0.355571954360437
0.416113028626407
0.466779033182650
0.494590367115301
0.499939460766401
0.488585161415401
0.467712777163793
0.453558397214356
0.450680601672772
0.450389287715527
0.456597213251878
0.474515159944558
0.501237471037801
0.534937685658589
0.567237518697515
0.580646587830283
0.568960710670755
0.534408802221501
0.469748254926813
0.367939260248699
0.230940820632784
0.0640357528204953
-0.121547828719929
-0.304859441956057
-0.475459357534599
-0.632739070613272
-0.763339823827069
-0.851682305905674
-0.895350410583480
-0.897789186590476
-0.867519121534844
-0.824991531381378
-0.775236455183025
-0.707095094383464
-0.626224178638405
-0.540293822129185
-0.450163123017404
-0.361942535064454
-0.273935992726880
-0.175252474077551
-0.0712658386499285
0.0212162040187863
0.0931977714212001
0.131801482229068
0.133792424385543
0.113423904564256
0.0759912063970613
0.0275558900781344
-0.0227717113942608
-0.0732350850780085
-0.112034984350300
-0.119842079120988
-0.0950984991566119
-0.0480821318013215
0.0126793150006013
0.0686400878193580
0.114097775144576
0.161645827876362
0.206631601044527
0.241000992433290
0.266318500708990
0.280621340846096
0.289176321928779
0.307483182229465
0.335977856272660
0.364178788305789
0.390948729030772
0.412805799508659
0.427758734816503
0.442745299036561
0.456628764603451
0.464194070061568
0.466796412176060
0.465820122266611
0.462665642437995
0.462059004258539
0.462958631918992
0.458620774342100
0.445348091761431
0.417946938775019
0.371789623358610
0.306105515239724
0.215832204833278
0.0937371496984548
-0.0575063261392028
-0.227753119720925
-0.406120811101393
-0.575019061059160
-0.722073697545112
-0.842836840869116
-0.921730256286477
-0.939247061455099
-0.894389690581842
-0.798952219666528
-0.667323300806108
-0.527575698667037
-0.393220154696594
-0.258812424714334
-0.141035588764611
-0.0621996261148662
-0.0237112396280680
-0.0201775418505466
-0.0389456316524387
-0.0493883640451743
-0.0454284908672357
-0.0458673593604356
-0.0455717728465111
-0.0380044346940381
-0.0255847350073468
-0.00185195571840086
0.0265221410134083
0.0391234051472184
0.0371076103661291
0.0348990332834216
0.0361422833737285
0.0493185148010888
0.0775611340239364
0.109753838901994
0.146422904520396
0.192068679985378
0.244012780128459
0.302350931118385
0.364350898992973
0.422013961672620
0.474043364503769
0.523417377747142
0.569587229255445
0.613574826973292
0.653762279643821
0.683046535768646
0.697932014839018
0.695533071056330
0.674448871866966
0.638594727649044
0.590159165397922
0.531596140287436
0.466142763070656
0.394878633279032
0.322224448861348
0.255020469996862
0.193649456980343
0.133837771700004
0.0717160437246296
-0.000474164139530908
-0.0855297614598995
-0.179211684703737
-0.284061211128541
-0.404010057460415
-0.536008254330178
-0.674834625068764
-0.812216626723464
-0.933618506716980
-1.03132576446917
-1.10418641710328
-1.14312579426621
-1.13791312336004
-1.08839930432966
-1.00000838480516
-0.881831967191293
-0.751885586067999
-0.618833698707780
-0.480975349794087
-0.349592904653954
-0.238902620931855
-0.151590302659358
-0.0867131492802696
-0.0389807002183592
0.00717434902488502
0.0524471323699780
0.0825704273746963
0.0970598751219331
0.0958760706224325
0.0779099777321193
0.0519080705872809
0.0187950726554872
-0.0258691969917806
-0.0750740042244208
-0.117161774677402
-0.141383586814678
-0.131504830164903
-0.0847979132021357
-0.0148174728545814
0.0713497857110258
0.161942460884853
0.248877112386545
0.336781914976583
0.416512313165559
0.472742857277595
0.504910321231553
0.517651077303117
0.517694206823935
0.522149230817839
0.533693232070537
0.539259850728014
0.539892733939580
0.537372118790684
0.529142160134113
0.519384136737573
0.504259470276111
0.472435938833105
0.423863040275591
0.364059934557811
0.293837547505593
0.217065162142061
0.135891654110413
0.0472283353890581
-0.0460241257194349
-0.138152923266777
-0.226821257767117
-0.308832620370133
-0.380448074999164
-0.439238439194647
-0.483572278789208
-0.513206404318177
-0.529260596331463
-0.534584738716620
-0.530003286790305
-0.514084693474288
-0.488411445918637
-0.455374930600645
0.125151604878050
0.132602100379723
0.129740931635927
0.111438524365449
0.0762716979560577
0.0296682155966419
-0.0270418742301724
-0.0927112891071238
-0.164523597392575
-0.242249878586782
-0.322341032091000
-0.398442021536060
-0.468425609598420
-0.532147611779059
-0.588445660287923
-0.638065393761221
-0.678115742566278
-0.700912432334907
-0.701931605099235
-0.676561004886047
-0.624180844756516
-0.551688049279458
-0.463969754325507
-0.367500185357562
-0.269403153190372
-0.173588435779400
-0.0897753275242110
-0.0315275668649599
-0.000830892697013616
0.00919148562179366
0.00479247073813816
-0.000663904023471224
-0.00247854735174760
-0.00854405847385498
-0.0140409339331804
-0.0111532223134653
-0.000493867576159505
0.0181369136610300
0.0402565025209305
0.0532836689124957
0.0568854191603120
0.0609512316872096
0.0668107763735024
0.0771512736775267
0.0937807286074287
0.110579363979550
0.128163683466676
0.150690075440377
0.176281704981093
0.202715150877782
0.227556291506661
0.245154457079767
0.254982348289226
0.261626828447984
0.266632034047199
0.272705698926867
0.281453335695176
0.290268180086173
0.300304855098246
0.314283550520425
0.330522776881687
0.345833669161938
0.356097762584585
0.354002403231413
0.335482062667744
0.299909104077538
0.242528852100634
0.157838021355558
0.0476913111340099
-0.0808697940793941
-0.218926866553590
-0.351602895209715
-0.469143632813493
-0.568368153686594
-0.636784034426482
-0.658971653911260
-0.633614701121772
-0.568662995783027
-0.474526612792706
-0.372404891879276
-0.271294149432057
-0.164969020375017
-0.0643099956672105
0.0159520330681027
0.0744818529834418
0.111979269701948
0.135266616029380
0.163562915301336
0.197892450416797
0.222338900412458
0.236137525673059
0.238010503339086
0.226133315599886
0.210237390521531
0.190292513380436
0.160015137011557
0.125158254374620
0.0952913218477102
0.0789957252950049
0.0905404438134894
0.130765386937597
0.184746631368912
0.243978509826385
0.295449816006641
0.329092004205854
0.346504031973815
0.336195006663483
0.280537304865126
0.181002189318241
0.0497247473396410
-0.0991687176695519
-0.238359864058470
-0.355314195167938
-0.455837997201013
-0.525745914992263
-0.546734569998964
-0.519121108665818
-0.448707893130310
-0.349188135686210
-0.251068070710595
-0.163983177923590
-0.0772546209650293
-0.00191954735886343
0.0488994090560796
0.0752602159652213
0.0756838343687548
0.0593626557922994
0.0506875427132619
0.0522133581857044
0.0489642346982390
0.0424871504624220
0.0328181037469325
0.0183262845669198
0.00817736242811730
6.91308083742393e-05
-0.0165763869153242
-0.0380447075048967
-0.0547524593900564
-0.0609676158869318
-0.0458519614422816
-0.00763958146290770
0.0425590886925364
0.101224556145346
0.163968431813519
0.225259332922482
0.286333311945170
0.340962107605660
0.377999975295755
0.396502288855486
0.400548051038048
0.393746115899723
0.385585570376451
0.377808194531936
0.362282943719349
0.339848940045793
0.312544097118746
0.278824972162866
0.240583751437916
0.195434619934601
0.136284400572864
0.0632121653345106
-0.0195363899547890
-0.111053717552789
-0.208671153172262
-0.309228472559667
-0.411587849287032
-0.510600421482808
-0.598241015680926
-0.668970999131642
-0.717470162883360
-0.736312241005323
-0.718031633584277
-0.662356056403663
-0.576232729132081
-0.467790137908693
-0.350852924224553
-0.234667052663997
-0.121264610299543
-0.0230105610572097
0.0438773742521598
0.0772228929463855
0.0832687663825697
0.0702349540082255
0.0567575507106667
0.0479880956286126
0.0327142258337179
0.0160483004743877
0.00575822475478158
0.00120546357497840
0.00532556817926637
0.0138815844123725
0.0129742589167548
0.00413993836490775
0.000337805296575640
0.00558000474038878
0.0266643732061267
0.0655630567585970
0.111569524630663
0.162412053602089
0.217899799647953
0.272529232608478
0.323715672095882
0.364599955914642
0.383081836604332
0.378422632332482
0.358800009840153
0.329746945025772
0.302156838806943
0.280931072604662
0.260460557865501
0.245539742914133
0.243910317659218
0.253878181888424
0.271791294801843
0.290486899168428
0.294827409154770
0.279550288538405
0.248725094248595
0.196698904784970
0.117202202203850
0.0128715897986654
-0.111087728741291
-0.244074893714036
-0.366359335046649
-0.468221985841112
-0.549089680775039
-0.596863063180769
-0.597728722496745
-0.551762742443494
-0.466461521524015
-0.354436070136961
-0.240688252238004
-0.136171648507440
-0.0364554051091381
0.0449242597427396
0.0909835608757472
0.100957039393055
0.0789709370693556
0.0362407789897122
-0.00102589736286054
-0.0267718525285881
-0.0547101890800009
-0.0789295932190239
-0.0923411233396403
-0.0963568060283420
-0.0866681100260758
-0.0696445172541359
-0.0637214961462646
-0.0688517376654854
-0.0725973616786432
-0.0731624174622700
-0.0654543543697950
-0.0470971862019252
-0.0269166831854522
-0.00381436831112349
0.0278636182083613
0.0657902732774619
0.107741184263688
0.150895887555124
0.188027730511965
0.218094859959020
0.245813007722974
0.271839840201192
0.297892845861349
0.324560709696578
0.347616493442000
0.366728791718644
0.383169003539071
0.395992698274943
0.405464154380075
0.410976491105841
0.410276142649462
0.403531160317898
0.392408182366500
0.377603939253204
0.360534357666313
0.341004094174549
0.316235415849144
0.284703144483966
0.244591932766488
0.194179303258819
0.133357870460272
0.0603604128393922
-0.0274854622681192
-0.128869834450975
-0.239519383636684
-0.354827050805236
-0.467469136870483
-0.572251123152657
-0.667160705009701
-0.745745891946461
-0.800024440080411
-0.828193289679059
-0.832234581944509
-0.815124099648530
-0.784495712344246
-0.742473472082441
-0.684440438914782
-0.613084799285034
-0.532590889958752
-0.444494058330369
-0.352911196877307
-0.259405498754175
-0.162310991937861
-0.0669690458372440
0.0161822008897443
0.0791454544813671
0.111674658772179
0.111926677753924
0.0899853055779709
0.0520122200346193
0.00732806796172327
-0.0357353095757906
-0.0761778210614612
-0.103130504392753
-0.100349828678629
-0.0666741129216703
-0.0102866037898795
0.0603253930715484
0.126898742824446
0.183674082339657
0.241156750805897
0.294019849508963
0.334130053155446
0.362656980062952
0.378352544301715
0.386857976311701
0.403797992871678
0.430236653112048
0.456182244551582
0.481416769091652
0.503909675186269
0.521468689095827
0.539318158089484
0.554833207350289
0.560378246874069
0.555885882002099
0.543022767551616
0.521655850082241
0.494434601375504
0.461885552756984
0.421412806770139
0.374208506265993
0.322764266980743
0.267848624385223
0.211028699979732
0.153953856447701
0.0975238440642205
0.0421513556902038
-0.0127648396961592
-0.0685129654051857
-0.127359626288154
-0.190302905187242
-0.256802177545699
-0.328143498036595
-0.406063208612191
-0.488855294007086
-0.572385621050502
-0.651687939919049
-0.719024358339673
-0.769337153390268
-0.800956009990380
-0.807900923862114
-0.783030564709848
-0.726736450660987
-0.644662571186653
-0.544043315802812
-0.438029001193379
-0.334123199878026
-0.232590844445732
-0.143038009689312
-0.0777230755856649
-0.0382480905557481
-0.0210082838994138
-0.0197102061836062
-0.0194293523019676
-0.0164084506464397
-0.0193197923437607
-0.0242456023162023
-0.0255915402158575
-0.0237556499245479
-0.0160086875389560
-0.00541758075678896
-0.00240637018681123
-0.00539617753016238
-0.00411400053296244
0.00503773878990489
0.0279807693705136
0.0663420669583829
0.111481770043722
0.161329381015490
0.215093658621751
0.268157587375691
0.318647073157720
0.360766107855872
0.384440436873407
0.388976559667327
0.380787972808307
0.364346550658310
0.348710853528305
0.337601683545932
0.325850663937122
0.316950570666972
0.316666399247113
0.324305113563321
0.339109860383310
0.357274262412566
0.369180209127260
0.373092971238304
0.374027651933167
0.370610733906082
0.361799516073868
0.347787007508807
0.325239645167347
0.294942480725278
0.261022122934142
0.222324304193387
0.175316646422120
0.118437514077650
0.0485834132668888
-0.0337521217364579
-0.122747809125059
-0.215152707776465
-0.307086628711010
-0.393697079054035
-0.472203001027031
-0.536513553892821
-0.578088918930164
-0.595419776709073
-0.592382123014182
-0.572281229283347
-0.542545635520883
-0.506096920903652
-0.458943646025183
-0.404522870943176
-0.348327925612534
-0.291324946879682
-0.235215753534110
-0.179521481808304
-0.119619468369062
-0.0581126465897933
-0.00376792922083284
0.0389691407655333
0.0644112422980545
0.0708284680273924
0.0647372261146057
0.0486517326951335
0.0253018718418083
-0.000776425539805341
-0.0280922773875967
-0.0505192003666411
-0.0582257397795795
-0.0499736669440042
-0.0305365503619578
-0.00357520043417407
0.0225306776886187
0.0457108928910846
0.0730792301976352
0.103342367327016
0.133579385091047
0.164501418589106
0.193812003281866
0.222780493811303
0.256971346781636
0.294938403872511
0.330796618703847
0.361751257392569
0.383150439392354
0.393419529562656
0.396963101485933
0.394328056563362
0.385657383030372
0.372257708494811
0.352748871521484
0.328429449664122
0.302738562070530
0.275976518498515
0.247422656160798
0.216842496743885
0.182494709099699
0.145181023184046
0.108780069067258
0.0750853749991987
0.0460404825767639
0.0217351767833480
-0.00177358551819643
-0.0269748009963226
-0.0567947043688303
-0.0946823415122762
-0.142386203231538
-0.204321612852506
-0.286768107544738
-0.388270630464331
-0.500794265051038
-0.616391367738300
-0.722189909675577
-0.809671873567187
-0.877393002789979
-0.915075490078652
-0.909468125704078
-0.859982533808580
-0.773589381564852
-0.659614964772458
-0.537033013973073
-0.414067264314193
-0.285913037480938
-0.162529573822450
-0.0570745192362825
0.0285967022585016
0.0941965291356956
0.144762944923570
0.195912728307288
0.247689694535921
0.285734484617314
0.308584736302717
0.314316195989143
0.301235108613112
0.278235841291888
0.245965133393974
0.200241485868411
0.147059877571888
0.0953249925383117
0.0540205437136236
0.0374994095501880
0.0484137633573208
0.0761984173083181
0.115973498451606
0.158962359372028
0.200013765547386
0.245063985913031
0.288803329455562
0.321231347197223
0.342434665580175
0.354318348332782
0.360910242585359
0.373621717445602
0.392997245879263
0.408819684116694
0.419838803384848
0.424358646468960
0.420590109600642
0.414127157789440
0.404505318032397
0.387646547423858
0.365567163994550
0.341109535889972
0.317047132289644
0.299254251420869
0.287614136664608
0.275630258462847
0.259823256382280
0.234913703428514
0.196963379348989
0.147007183068076
0.0809438520992182
-0.00759564500919533
-0.117061160198663
-0.241407601631430
-0.373506467154594
-0.500631165994970
-0.615540708840589
-0.717852242965558
-0.798800909031070
-0.847500831240975
-0.862485399538994
-0.846699056835182
-0.805820263884359
-0.753339736043078
-0.693244822870473
-0.619143815672729
-0.535821692303988
-0.449791888080413
-0.362352022726138
-0.277401437361982
-0.194204361251717
-0.105819182400600
-0.0162670754038169
0.0621064097756414
0.122764320014130
0.156878083369127
0.162094227215524
0.148327353644189
0.119487295778306
0.0800595268699818
0.0369704653107215
-0.00761319604736723
-0.0444166802837252
-0.0586637114407548
-0.0486834519326724
-0.0219447274323073
0.0156050373454000
0.0507154403912444
0.0796557760124738
0.112517645620024
0.146476756855121
0.176104681021101
0.202568275749467
0.223648414613706
0.242478701630128
0.269400785794734
0.303601757664742
0.336502181756073
0.365613261254799
0.386198395866970
0.396472691946838
0.402820093561812
0.405552978767691
0.403123603627278
0.397472734140530
0.388492610183462
0.378239321584565
0.371789842038685
0.368911311221282
0.365691894980934
0.359783625511283
0.346669185427177
0.324293118579446
0.295032931476198
0.257166486234042
0.207897458277003
0.147664376038379
0.0770391597616857
-0.00191319200819984
-0.0842723336782646
-0.168533311344345
-0.256065128146118
-0.345093886540413
-0.433752508810452
-0.520064540490192
-0.599714623607253
-0.669907644911190
-0.728740670213875
-0.771671192933775
-0.792978467605636
-0.786888555902926
-0.746231859117847
-0.671069499083421
-0.569692935695428
-0.449177148397390
-0.320576287036315
-0.192930372386121
-0.0694702754937227
0.0378914869219481
0.113091920818195
0.153931289106548
0.167524185370064
0.161706898227076
0.153746006801697
0.149412653742086
0.139342543257775
0.129763275454687
0.130164118338395
0.139956389873785
0.159602866162657
0.183528501512103
0.196128544354810
0.197074074250753
0.198741322730137
0.202835756330900
0.212744360731268
0.230828515387852
0.249649077102631
0.270170898609215
0.297831544011643
0.330396984185859
0.365011534809904
0.398666129820042
0.424320115373274
0.440627837891348
0.451981187106737
0.458792341719738
0.462361875057694
0.462809241530382
0.455377742221621
0.439081983577098
0.414434886890864
0.380775951695567
0.339783863419320
0.292207683549599
0.237792506153390
0.178374635311651
0.116471548547471
0.0549345379294210
-0.00205378255017776
-0.0537453536902654
-0.103119138762030
-0.151983725671481
-0.203679244665132
-0.259750229841549
-0.317965697888632
-0.379793691807115
-0.447929979639158
-0.520459814723613
-0.593469597490416
-0.661814711296725
-0.716720044954189
-0.753316617343454
-0.770977891157956
-0.764130096662304
-0.726309788138990
-0.658455014104033
-0.566092858349179
-0.457000538687654
-0.345181409259436
-0.238717367628591
-0.138692697853483
-0.0555179576758486
-0.00211869175670958
0.0201195766934838
0.0161353996826350
-0.00631172309307578
-0.0301289255181716
-0.0497241681271843
-0.0726922976836459
-0.0926526665360727
-0.100881179377291
-0.0974849866919220
-0.0816947009130687
-0.0586599840380067
-0.0428327523338333
-0.0345429849277280
-0.0224072720623289
-0.00510810421613277
0.0200817638974693
0.0551384576753914
0.0931165354792214
0.134771537377146
0.185105530509655
0.241523496774042
0.300246457669946
0.357591679014007
0.406014044435177
0.443783075975204
0.475416086284520
0.501378320270488
0.523114426330486
0.540880488873666
0.549789595559491
0.549162406923689
0.540088514214321
0.521087136373013
0.491789710753506
0.450872016071854
0.395087087186441
0.324099293016599
0.239573121978655
0.141866956286498
0.0321309518535380
-0.0870998885222204
-0.212915983746570
-0.340557998131572
-0.463246548203121
-0.574922883400251
-0.669688232295029
-0.739338103540615
-0.774609867976469
-0.773622054738654
-0.741719070841832
-0.684339333894946
-0.611974990908639
-0.530462516458177
-0.437963969323075
-0.342286607223074
-0.254607933724572
-0.177198135608690
-0.109485040475605
-0.0489009538439054
0.0140828437088516
0.0778992579603956
0.129334784111408
0.164673753482408
0.179997261817392
0.173469913625950
0.153693204007863
0.123144393093658
0.0821181903936173
0.0372880327652103
-0.00481515415228463
-0.0345240321879535
-0.0369318964299870
-0.00989739351649645
0.0366217337461201
0.0963612768092037
0.157201197997581
0.213705466025419
0.273445814776065
0.331101379037703
0.377276644308960
0.412224827951445
0.436278359008137
0.453574191477417
0.476439205714796
0.505057922332484
0.528883544293026
0.546363602013723
0.554876508247051
0.552202460164742
0.543925252860061
0.528942386916744
0.502388731670621
0.465625150817217
0.420600963139387
0.369192951204128
0.316425458756866
0.262889717815346
0.204618334791467
0.140791808500159
0.0699312208121690
-0.00869572917154690
-0.0921532515096250
-0.180431779513295
-0.274773375096202
-0.372699795893378
-0.470432399624201
-0.563367733731925
-0.644227061595353
-0.708013367289805
-0.752141346855266
-0.770645135427314
-0.756752458353628
-0.710517032974857
-0.637288867493605
-0.543686355436707
-0.441600585124833
-0.338434509393374
-0.235378456784656
-0.142300679523254
-0.0719583091639326
-0.0263671921164641
-0.00161294710509319
0.00814259791560147
0.0169632103766308
0.0280587586301246
0.0319302917446617
0.0316372744209134
0.0320457321652072
0.0324654585171953
0.0359703210435849
0.0399208137185497
0.0347131422919915
0.0224259185687355
0.0132572560999642
0.0115640598548263
0.0243732486249504
0.0535720025914152
0.0904240619890402
0.132667317022741
0.178709660959796
0.224215284599583
0.268803186225050
0.307271952862773
0.330184242948921
0.337012581281267
0.332997853068097
0.322065537973159
0.312775084788340
0.307866624139548
0.301493850565754
0.295801949756172
0.294552721400465
0.296021298514995
0.299036106529214
0.299023355806073
0.285992069325615
0.256898707951039
0.214122488788883
0.154457621936325
0.0750014611816040
-0.0225846169753781
-0.135667486634753
-0.257859010912085
-0.377418230727781
-0.488242253206431
-0.588940717959215
-0.671607891130369
-0.727328491475072
-0.754421204232070
-0.754938691761368
-0.733587230338213
-0.701592226999506
-0.662015677050801
-0.609061892816220
-0.546443848115668
-0.479318756164699
-0.408525983591611
-0.337278250810412
-0.264757224999757
-0.184872261942437
-0.101021576004051
-0.0237574942615260
0.0412124555692330
0.0860771349422394
0.108490912072118
0.116481646196845
0.112778671494658
0.100454900400883
0.0845059250668705
0.0656688339964165
0.0505668164202019
0.0503189824857518
0.0659899425643948
0.0920979020803226
0.124322316569174
0.152793071979793
0.175177169186389
0.199773184656282
0.225315571826712
0.248887243938219
0.271605642539099
0.291012595271397
0.308961956986572
0.332282872145735
0.360011911157017
0.386486479478484
0.409550154124320
0.425035416799475
0.431817190015799
0.434910921874821
0.435135664985272
0.432635677880803
0.429154122880492
0.424011567057409
0.418930968285671
0.417823527340472
0.419748605233227
0.420673911137760
0.417107439676304
0.402976144711087
0.374800081643674
0.333070207537290
0.273997096414865
0.192643369076071
0.0905487439910843
-0.0269033198203874
-0.152729025042691
-0.274825183942255
-0.385833879114198
-0.484109316825142
-0.560389791782653
-0.603326088843998
-0.611559568823977
-0.589521476655754
-0.543934507605595
-0.489494320727092
-0.431510450379712
-0.364280247675028
-0.294210925788685
-0.230053045943080
-0.172832078165632
-0.124102271481099
-0.0807635782417300
-0.0318809290945953
0.0210449892499484
0.0658779822437551
0.0991603398125003
0.116079351439542
0.114744568524215
0.103692191827747
0.0847028813029937
0.0573715405302863
0.0271070267382818
-0.00157002608877902
-0.0211136040059439
-0.0191493226683282
0.00581843877656122
0.0455007169578779
0.0948344255595621
0.143921224171816
0.188387766606853
0.234542530227679
0.278250455753674
0.312150727660314
0.336305323346020
0.350364977023299
0.357124356087295
0.365774453047442
0.375967661826199
0.379189905985387
0.373689728491249
0.356700538130930
0.327065930363499
0.290932101340893
0.249294849837491
0.201092137691807
0.149597682319667
0.0975583690007924
0.0492349603241665
0.0120095710642100
-0.0140592665284080
-0.0356893083084079
-0.0574662392509516
-0.0872205879655549
-0.129802533518077
-0.183591853258928
-0.253978504633289
-0.348907291399408
-0.466047621734073
-0.597271613291801
-0.732547216619860
-0.854181293815964
-0.952331635632749
-1.02664572475422
-1.06538127859224
-1.05411661487811
-0.992869672098797
-0.889385261127246
-0.755581810437148
-0.615354980315350
-0.479289215671924
-0.342939833738172
-0.219362437746999
-0.125141561011263
-0.0617727820463281
-0.0267939209692685
-0.0111287823557182
0.00821761351236324
0.0350368060969432
0.0545233419109841
0.0698235777169127
0.0847593832553946
0.0977780015628313
0.115365551430803
0.133883683990823
0.140037825932007
0.136674752635781
0.135928355602537
0.143215652210959
0.168383396122839
0.213588579489355
0.267093449406292
0.325914333375509
0.387661626543118
0.446757427310583
0.503236193167012
0.550651283494356
0.577147250971813
0.582236513676728
0.572443983653002
0.552829913352219
0.534453688087517
0.521017555392666
0.505579089377678
0.491268829278518
0.483251695630139
0.480144209166771
0.481566667588891
0.482963501177442
0.473241298773655
0.450047778374169
0.417780789308312
0.374223369543277
0.317783279956040
0.249349594095426
0.167648604877510
0.0759831470035960
-0.0178470651238739
-0.111955177787629
-0.207875916128064
-0.303157266999921
-0.395993084152883
-0.484513330168145
-0.564185580967463
-0.633238480174131
-0.691738849980003
-0.735788218426584
-0.759501144521654
-0.757938604764360
-0.724689732669759
-0.659837601630124
-0.571545325395074
-0.466053932571040
-0.352610512890343
-0.239754717987089
-0.131356173615462
-0.0387540927491081
0.0226083307691205
0.0507323395154273
0.0533617430193415
0.0382918483978475
0.0220447481022184
0.0108765505306332
-0.00326419963533498
-0.0134347249864294
-0.00914560141360446
0.00904469445207539
0.0400564650632279
0.0774137100592946
0.104380551831958
0.119260717856506
0.133696743840859
0.147598698919354
0.161802811223442
0.178388442529154
0.191393176820535
0.203104090843260
0.221638748246125
0.245920735567264
0.271949092746277
0.298012112711763
0.319018798469084
0.334090594906998
0.348346540592193
0.362164605026697
0.375423512694402
0.389184618161837
0.401621815123546
0.413245224501937
0.426454982878588
0.439661519444335
0.449259005093200
0.451871309073162
0.441971456673826
0.415816004388426
0.372232236506248
0.306880559749168
0.214498201432166
0.0966319408374578
-0.0399369266189295
-0.187314412034319
-0.332519327382322
-0.466588739283039
-0.586302782407901
-0.680109649953579
-0.733546121579213
-0.744760667599159
-0.720203669801281
-0.668150227326833
-0.606272291764081
-0.541333728673113
-0.466347672639076
-0.389375628334699
-0.321768239668080
-0.264448566501667
-0.218194598071910
-0.178305520492750
-0.130045732142578
-0.0741858818678820
-0.0251808436313764
0.0139857704381230
0.0390181361406496
0.0472530841227168
0.0472665237043964
0.0391561004078287
0.0189617616726687
-0.00903657066628672
-0.0399809392299392
-0.0676250031031898
-0.0806139733563967
-0.0768811043852850
-0.0634896181339229
-0.0429735646458353
-0.0207982894879112
0.00123489565317558
0.0303251660325688
0.0657307082720869
0.104035461676279
0.145736705185265
0.188657120520002
0.232888376425201
0.282025941279676
0.333515307405817
0.380684007664046
0.419112485346778
0.442435568930547
0.449019806938169
0.444615438361578
0.431517874110963
0.413025315409685
0.392019040686282
0.366642498988172
0.340089563676871
0.318287655900643
0.300430993858066
0.282499215013120
0.260012058662566
0.224062648507905
0.171275546031977
0.104905008840373
0.0217464484433265
-0.0823026337179895
-0.204365398538971
-0.339000185188146
-0.477448116776207
-0.604469453947533
-0.711297432484223
-0.795451116302292
-0.846041450261932
-0.850513926657695
-0.808445776420297
-0.727145068325467
-0.617233293266652
-0.499417997089511
-0.383725620437791
-0.267435599760046
-0.163314552631150
-0.0878551760027328
-0.0428101580784435
-0.0247652743209877
-0.0251340399213476
-0.0225157489113671
-0.0132190249479965
-0.0116767731036750
-0.0149718276645652
-0.0191125370222036
-0.0255115609565181
-0.0278853453619797
-0.0293699196613610
-0.0422794523849045
-0.0634499086798299
-0.0807281229273065
-0.0882602948895300
-0.0758431549701047
-0.0410158212453357
0.00497627389254728
0.0593379650647867
0.119613905063906
0.180697549842758
0.243464048479348
0.302083131673360
0.345461953853070
0.373044948765673
0.390163538304244
0.400957415495738
0.415194853849608
0.435301086899655
0.453627204829787
0.471610544170318
0.492139201360453
0.512971805172948
0.533782234095817
0.549989590094212
0.551346153805328
0.535046088915562
0.503319259091814
0.453278176254619
0.382868465562692
0.293768128425079
0.188131589632291
0.0721104715673742
-0.0431381634092466
-0.151510396544069
-0.250747715697923
-0.332699467923666
-0.388252764963542
-0.415910529655196
-0.418920518352135
-0.402839330670305
-0.379816696210060
-0.354074512125474
-0.320660665213878
-0.284762160754624
-0.253512279761850
-0.227310262176922
-0.206700138967319
-0.188256325547880
-0.161753991714256
-0.127664407171352
-0.0957541217000599
-0.0681088051417913
-0.0478601465595344
-0.0369149665317013
-0.0294698420691551
-0.0256419292021213
-0.0283410166238586
-0.0349940052161037
-0.0428438174679029
-0.0481745205359207
-0.0438550474836240
-0.0287090499554974
-0.00727599927024101
0.0188858250519838
0.0464221831111486
0.0742906791097260
0.107143002389120
0.144739118749210
0.185234524876815
0.228649297458609
0.272696698462259
0.316533660884126
0.361132494559979
0.403942864813200
0.440440555972865
0.466757238686155
0.477531093090150
0.471477602787055
0.452610883274531
0.422975360135025
0.386085377068068
0.344261128497436
0.295715206100611
0.243118257216915
0.191138829473409
0.139672186459528
0.0869380433966990
0.0304456573736079
-0.0356850780864601
-0.112596116238235
-0.196281112021512
-0.287335470512559
-0.386579353472844
-0.491127405176139
-0.597790690631746
-0.700547318269415
-0.789307666869721
-0.858170873084630
-0.904491839156434
-0.921081587671734
-0.900210747726933
-0.842273033104568
-0.753696474993293
-0.643182361927113
-0.526266954465156
-0.412293045004287
-0.302705908165003
-0.209819829518307
-0.149270721883851
-0.122749479676139
-0.123992992739599
-0.143889104538004
-0.162400909273978
-0.173252164722401
-0.186303925103995
-0.194756104087860
-0.189064743316508
-0.169681913396118
-0.135233530109892
-0.0915612875236314
-0.0552998071439414
-0.0266329705100260
0.00742854839138992
0.0486847151988925
0.100903441691745
0.165698312525670
0.233329237790677
0.302975391367146
0.377924473296904
0.453409002732924
0.524449047171855
0.584783264244924
0.623248480141440
0.638513905117856
0.638868991304257
0.628444681861731
0.614847316183602
0.602433901665117
0.586958588947328
0.572860897147148
0.567939407160486
0.570884232207613
0.577484990320155
0.581522432395989
0.569971958944309
0.538242680732579
0.490553793697314
0.422228957722999
0.327739893525834
0.209422490420181
0.0714673605170665
-0.0772534425195938
-0.219933530958131
-0.348577541882468
-0.463069223463055
-0.553534067566744
-0.608831632504546
-0.627895105183272
-0.614072027109451
-0.575119807955542
-0.528236871424284
-0.479237171267416
-0.422210029127400
-0.364364833152751
-0.314852241144772
-0.274275407206781
-0.243411229591105
-0.217383482246992
-0.182228569183551
-0.137851169932431
-0.0960533437556262
-0.0582992157643606
-0.0271472403891637
-0.00503117024088192
0.0140873845570381
0.0286842075560700
0.0326865776990650
0.0281730072499825
0.0192025142095504
0.00918998914871362
0.00540231393924439
0.00942633693894516
0.0162133747239550
0.0251858295810803
0.0351084215064242
0.0456501242033225
0.0616707440353123
0.0839404469364815
0.111389995654474
0.144295992548989
0.180471312695273
0.218508487509421
0.257989646550767
0.296040572701624
0.328738192405663
0.351727059010393
0.359046941976543
0.349730699530228
0.328347124857064
0.298030481735188
0.264328887771963
0.230275736813988
0.193551722590792
0.157494841789472
0.127461097986868
0.103015064572167
0.0818602930288249
0.0602092673475854
0.0297376402769918
-0.0119170718150951
-0.0609522098365553
-0.119528218452867
-0.190211238285930
-0.270710145514510
-0.358051508003838
-0.445860265348067
-0.522556109074765
-0.582337528758415
-0.624223156428143
-0.641147822712058
-0.625407768894766
-0.577203881588183
-0.501342435515002
-0.405657520581307
-0.305132162193443
-0.207247821015857
-0.111118724718304
-0.0263753635625635
0.0349362194258479
0.0714034441679713
0.0859680768445502
0.0851809177167019
0.0848201652701469
0.0882744281742640
0.0859298686994640
0.0810308239108053
0.0780178370531783
0.0761602463000468
0.0790215193010874
0.0836444656431287
0.0797787484711852
0.0691626902260448
0.0614737448536193
0.0604029315499169
0.0723571940455672
0.0989895569355421
0.131806013832624
0.168857325886011
0.209214766474315
0.248685059332970
0.286309218445370
0.317010605306776
0.331625937463269
0.329763555476328
0.317219626447487
0.298199887516509
0.281296047783394
0.269943249498230
0.259385735814101
0.252797406438159
0.255287735660291
0.265722887789242
0.282542464628516
0.301207822769242
0.311523729727633
0.310520227942476
0.301493456574073
0.281344222604054
0.246943649144471
0.198767304111318
0.136524983211216
0.0637138003345508
-0.0114605955208953
-0.0868562025977703
-0.164751368283801
-0.242487306368912
-0.317580417024677
-0.388488236335329
-0.451283894979863
-0.504929603483995
-0.550898343362814
-0.585815480510005
-0.603384880090089
-0.599109903514166
-0.567057509958509
-0.507171390981903
-0.427480555250507
-0.333577724764114
-0.233357153389198
-0.134738049860791
-0.0415072457869718
0.0358447322516383
0.0828052770919728
0.0975805571218530
0.0877988424693896
0.0608125922568697
0.0320017452561512
0.00740349691735408
-0.0202996482413915
-0.0444241204529591
-0.0548572005785576
-0.0517248115894032
-0.0355390825739952
-0.0117154429384817
0.00489713071581977
0.0134148919226492
0.0253333701192060
0.0414043789113782
0.0633302786951718
0.0928096227164399
0.122866261699153
0.154130765730192
0.191846277465371
0.233174819362348
0.273493508987734
0.308793662851588
0.331257752464177
0.339563668460942
0.339815717361757
0.333891700163089
0.325009544331504
0.315383152569230
0.301725576268756
0.285952941412673
0.272447911737676
0.260327334134113
0.247431248282065
0.230793180343563
0.203843954893019
0.164646326289631
0.116033308052530
0.0563664197623106
-0.0161907390223944
-0.100089930814943
-0.193584195919924
-0.292300702047033
-0.388111576914279
-0.476857641432284
-0.557458587470047
-0.624614832629962
-0.672547326561947
-0.699760107083949
-0.706768005715251
-0.695933207669443
-0.673666092036869
-0.641294791556877
-0.594829237215856
-0.536053946607684
-0.467581053728118
-0.390371067091208
-0.307850000116363
-0.221059517823080
-0.128500821912738
-0.0343164200940072
0.0535059437950155
0.128701671433495
0.183055544826111
0.214411167603057
0.229231476630086
0.230729571030264
0.224120440161666
0.213849349718599
0.198851974196982
0.184921487964738
0.181533719586624
0.189533596429931
0.205493250511213
0.225755316982591
0.241120432028356
0.250441315875204
0.262308107104255
0.276886660348560
0.293618890585273
0.313840339093251
0.333868009387426
0.354588627785880
0.380702392451466
0.410467148607856
0.439460258817322
0.464745429553338
0.480891769318389
0.486471566812941
0.485651627565140
0.479089696822268
0.467764680264295
0.452477433394600
0.430303009628127
0.401551251192259
0.368279915074277
0.329697020461211
0.284880926435930
0.232542846202193
0.169572751497507
0.0954740854732006
0.0122011219418006
-0.0801958466596494
-0.181387581319850
-0.288862593585434
-0.399341624792856
-0.507862728382583
-0.607058123534948
-0.691057985866405
-0.755152384946739
-0.791692036788195
-0.792017672821403
-0.755533830206709
-0.688970972931105
-0.599742088361521
-0.501077135639543
-0.401114780408794
-0.300081588490556
-0.208656978453537
-0.141147004473585
-0.0994159278765228
-0.0789814149703991
-0.0730621176232655
-0.0653702172442949
-0.0523921249121573
-0.0452739142205016
-0.0409877144013890
-0.0347640701723277
-0.0279321337355222
-0.0172902290804126
-0.00649333950773439
-0.00718847224181526
-0.0181174877832042
-0.0294233379577777
-0.0377927073611569
-0.0370334910042200
-0.0247945814902864
-0.00829899582580196
0.0123542393589387
0.0390397858292144
0.0698711372763916
0.105686200572976
0.144533650084028
0.180931340572946
0.214382504269437
0.247126726111135
0.279605247705682
0.313997105118318
0.349689213597063
0.381611605878562
0.407815886443684
0.426641808709950
0.436809011585315
0.440471906330264
0.438000252184892
0.429140354625272
0.414871449260075
0.395258161305339
0.371657558086684
0.346840949620965
0.320563012956690
0.290351103503180
0.254298125484344
0.208967003809020
0.152922061582953
0.0878349237095559
0.0125676176058899
-0.0745977997552973
-0.171447805892937
-0.273822955957200
-0.376150195343324
-0.469519602814194
-0.547861380352852
-0.608183931895171
-0.642924310918440
-0.643266933082702
-0.608833195828727
-0.545571943621103
-0.460909511877349
-0.368763514812864
-0.276764618397254
-0.184150390351471
-0.100806691430545
-0.0397341504779629
-0.00246462639773286
0.0145659999356686
0.0178699113900172
0.0232480433912781
0.0339193772316984
0.0393818344012126
0.0424121565210459
0.0471100557045232
0.0523146359349068
0.0615425799478901
0.0715983492190537
0.0718773562691004
0.0638517034560683
0.0567687100388918
0.0540254320960465
0.0618669961618089
0.0822177903988361
0.107476975112287
0.136667835923432
0.170180895413088
0.205204966264062
0.242003687363625
0.277427012676584
0.304706476817825
0.323157539884869
0.335688315229956
0.343669664973442
0.351117583044864
0.358350869040476
0.360055266708705
0.355533786541635
0.344807960217311
0.326443862150404
0.301480870390628
0.268731716632134
0.224916500254053
0.169834690221530
0.104468840642499
0.0289286764724537
-0.0555838221670609
-0.147618980323448
-0.246035246935921
-0.347977713280751
-0.449305346850286
-0.546423454013435
-0.635543294954894
-0.711614116042378
-0.769058968384212
-0.805794119717803
-0.823234199632042
-0.822779744400046
-0.808252086032013
-0.780757446974191
-0.737166305147526
-0.679094797138660
-0.609595425244305
-0.529718091883826
-0.441914048567107
-0.347459071676341
-0.245671313104724
-0.140662756905190
-0.0403900518767947
0.0487601756245746
0.118775701925526
0.167183937654347
0.199578860923529
0.218656527247958
0.229057998216617
0.234398378555975
0.232849825900665
0.229162755674662
0.231477375203676
0.240624066371538
0.254455256577185
0.270465981977571
0.281383198052179
0.287464231111116
0.297609403657032
0.313829306061802
0.338059271103927
0.371430831512713
0.408157945100807
0.446770710585318
0.487710201899631
0.527029910289440
0.560855491694254
0.583675067643888
0.586696224966032
0.569109970018977
0.537751869199783
0.497101019236610
0.455235332119795
0.416439475868450
0.377226192370093
0.342054868607991
0.318055993762649
0.304151027047752
0.296639389043317
0.289524397585131
0.270298775272599
0.234473109491658
0.185766611110320
0.119416295749630
0.0298220659789596
-0.0804648094290831
-0.206328204699777
-0.338188900708944
-0.458443189030964
-0.558243867255796
-0.636949709413321
-0.683670417158817
-0.685928488238749
-0.643703894362238
-0.563648159370162
-0.456921123986153
-0.345726973116913
-0.239865019099352
-0.135508597505614
-0.0448540131503828
0.0167621543867157
0.0481598728654070
0.0522230908220212
0.0380216803644611
0.0277149793941494
0.0255335343062576
0.0181841672265141
0.00944107539073628
0.00389014212364881
0.000169504162924227
0.00360026117074861
0.0100128839263830
0.00558420716919672
-0.00788778809072607
-0.0190596850073431
-0.0240018574198706
-0.0150455837327581
0.00990114223154063
0.0409135049335847
0.0765127778643337
0.116983549673205
0.158200999815577
0.199544945804963
0.236207184890417
0.258690165489105
0.266278956752209
0.264203842806536
0.255541084666383
0.247306276353568
0.241653106036945
0.232771849335343
0.222093567584896
0.212707014316144
0.202903914047539
0.191782433793697
0.175564037163725
0.145864601956099
0.100272534484782
0.0408947637223457
-0.0346826657922728
-0.128439013922424
-0.238201230433099
-0.360529165678443
-0.488686857495719
-0.611154012450526
-0.720931846515290
-0.814886946435543
-0.883901339175436
-0.917580989060042
-0.914859350471399
-0.881202230243449
-0.824218678826194
-0.759095757596104
-0.692745598954850
-0.621788979482861
-0.554956903330967
-0.503927685540965
-0.469518447668061
-0.449410820477737
-0.437204639558858
-0.416933338348564
-0.386215827114158
-0.356181061972983
-0.325423878303428
-0.292195910142364
-0.258164155422966
-0.218778735563682
-0.176857956714867
-0.141874135425426
-0.112471819889647
-0.0816490326849661
-0.0465809541875379
-0.00127875508406448
0.0556964253800417
0.117546893025673
0.183323437645053
0.252912276564237
0.324103227900271
0.398030040493059
0.472570863765223
0.542674216607451
0.607755936973496
0.669101664070852
0.727094993147554
0.784121680574419
0.839625756854127
0.889118974668450
0.931111268142435
0.964284628200869
0.986849503870869
0.999209852794620
1
0.986620300100055
0.958131898394907
0.913655696057448
0.852225097292473
0.773681443863405
0.679291412767670
0.571998673704448
0.455720911776923
0.335988349143727
0.217976193955035
0.106162530734340
0.00767942698813339
-0.0688890167025612
-0.121534913976368
-0.154153017903869
-0.170533664057824
-0.178811549871322
-0.182395807235843
-0.177430417390197
-0.168203649771997
-0.161407934853678
-0.157705201229928
-0.157295116119298
-0.158093407987692
-0.152800027274290
-0.142720412980245
-0.137184405189180
-0.139359864934161
-0.153298496099174
-0.180487493060719
-0.214231527952303
-0.252661207457118
-0.295082809359105
-0.337190155912241
-0.376194188556542
-0.406242999229852
-0.417775420971370
-0.409460462717709
-0.386733573050550
-0.353015015300034
-0.315638493999429
-0.277058017330527
-0.231355077353563
-0.180466316584792
-0.128366471684336
-0.0749343756528425
-0.0220799001455528
0.0310592878158161
0.0894412111508076
0.151328067869786
0.210176129479850
0.262833885369462
0.304631479918885
0.333535644019715
0.353332170954219
0.364098443026435
0.365367312950971
0.358009637978056
0.340484230180589
0.313724380658806
0.280780006099834
0.241889730516026
0.196441565019324
0.144430057691522
0.0846110474556244
0.0174416820455780
-0.0544705252709714
-0.130303702211344
-0.209437794459944
-0.286791778668763
-0.353946046756689
-0.411050223272014
-0.465383960545724
-0.511345080951288
-0.535884334680443
-0.537697023931383
-0.518672919218318
-0.477793712014452
-0.418957346201112
-0.349516994719081
-0.279436838058568
-0.216529582480267
-0.165678664629997
-0.138069339402452
-0.147838861059862
-0.195743767573928
-0.271675425994224
-0.365037442108601
-0.456119030864037
-0.534917200881785
-0.605524363769729
-0.655983830888020
-0.669839886845066
-0.646280285673490
-0.589690136752250
-0.509474823536937
-0.428153443609224
-0.350558499998130
-0.263441465749165
-0.171018390144987
-0.0786258946611855
0.0143379200341392
0.101373226739391
0.185381689801189
0.278794065434994
0.378541722698871
0.472307349680765
0.554814600419495
0.616902769652604
0.655454878690922
0.679606323779824
0.690178243748221
0.686629770791829
0.672365855758187
0.646779271882129
0.614037966983167
0.583115515841614
0.554227447198345
0.522092979580878
0.483418667963972
0.430888507837615
0.362609411755527
0.284982144142453
0.197276923078335
0.0974733191780578
-0.0111734709203457
-0.125762008860755
-0.239997708977610
-0.342372126251903
-0.427157417653685
-0.492925340527236
-0.532934734002973
-0.540299943885667
-0.515107282873095
-0.461603551359267
-0.387096591794258
-0.305460611783501
-0.224325062380674
-0.144426974461428
-0.0761286558233614
-0.0323699627517884
-0.0146427277356074
-0.0182641900990717
-0.0357794160032767
-0.0504452925746227
-0.0576940903896137
-0.0668250648328813
-0.0732015946108525
-0.0702395993193801
-0.0589536903868681
-0.0378694493355902
-0.0119970619266752
0.00485145086139421
0.0123577637500949
0.0203905440932508
0.0302598874981964
0.0452618139507045
0.0673766756957062
0.0903017160101758
0.115149727087432
0.146804867685750
0.183951357606624
0.225125730513244
0.268779524848682
0.310158162424519
0.348427772673879
0.386496190541856
0.424147924707642
0.461446177439585
0.498028356137839
0.530550119335314
0.557699290121477
0.579045590196886
0.592870572021605
0.598173329598742
0.593399072909668
0.576063073337260
0.544536518952942
0.497448413584697
0.433002066970370
0.349609890862141
0.248462757383047
0.133623491246650
0.00973038546717772
-0.116384541412606
-0.238694220814593
-0.352932907932111
-0.450939549246002
-0.522601346970039
-0.565765944403500
-0.584767577312714
-0.584042014827076
-0.573362427000586
-0.556443433546008
-0.528235395051685
-0.493247588651123
-0.458533220899601
-0.424637262232573
-0.392246110350088
-0.359049803833328
-0.316796481064293
-0.267043860265969
-0.220073577853163
-0.179511468646893
-0.150202999697137
-0.134318662002394
-0.125317729888380
-0.122176447420035
-0.125411857079450
-0.131621947250891
-0.139082138079708
-0.143119810793881
-0.135273266240344
-0.114717266104909
-0.0866774549422559
-0.0542456193356459
-0.0239151943037414
0.00228749432560980
0.0300278318933950
0.0581100744552060
0.0836921991282375
0.107421113184040
0.127916422806670
0.146471081464120
0.168013227505561
0.191958295643189
0.214085044562906
0.232990619034908
0.246042692349716
0.252235344768500
0.254600431968445
0.253205422597034
0.247325737934463
0.237682970527105
0.223721163317184
0.206085497005705
0.186837836138076
0.166498157051080