0
0.0150032512426716
0.0300065024853432
0.0450097537280147
0.0600130049706863
0.0750162562133579
0.0900195074560295
0.105022758698701
0.120026009941373
0.135029261184044
0.150032512426716
0.165035763669387
0.180039014912059
0.195042266154730
0.210045517397402
0.225048768640074
0.240052019882745
0.255055271125417
0.270058522368088
0.285061773610760
0.300065024853432
0.315068276096103
0.330071527338775
0.345074778581446
0.360078029824118
0.375081281066789
0.390084532309461
0.405087783552133
0.420091034794804
0.435094286037476
0.450097537280147
0.465100788522819
0.480104039765490
0.495107291008162
0.510110542250834
0.525113793493505
0.540117044736177
0.555120295978848
0.570123547221520
0.585126798464191
0.600130049706863
0.615133300949535
0.630136552192206
0.645139803434878
0.660143054677549
0.675146305920221
0.690149557162893
0.705152808405564
0.720156059648236
0.735159310890907
0.750162562133579
0.765165813376250
0.780169064618922
0.795172315861593
0.810175567104265
0.825178818346937
0.840182069589608
0.855185320832280
0.870188572074951
0.885191823317623
0.900195074560295
0.915198325802966
0.930201577045638
0.945204828288309
0.960208079530981
0.975211330773652
0.990214582016324
1.00521783325900
1.02022108450167
1.03522433574434
1.05022758698701
1.06523083822968
1.08023408947235
1.09523734071502
1.11024059195770
1.12524384320037
1.14024709444304
1.15525034568571
1.17025359692838
1.18525684817105
1.20026009941373
1.21526335065640
1.23026660189907
1.24526985314174
1.26027310438441
1.27527635562708
1.29027960686976
1.30528285811243
1.32028610935510
1.33528936059777
1.35029261184044
1.36529586308311
1.38029911432579
1.39530236556846
1.41030561681113
1.42530886805380
1.44031211929647
1.45531537053914
1.47031862178181
1.48532187302449
1.50032512426716
1.51532837550983
1.53033162675250
1.54533487799517
1.56033812923784
1.57534138048052
1.59034463172319
1.60534788296586
1.62035113420853
1.63535438545120
1.65035763669387
1.66536088793654
1.68036413917922
1.69536739042189
1.71037064166456
1.72537389290723
1.74037714414990
1.75538039539257
1.77038364663525
1.78538689787792
1.80039014912059
1.81539340036326
1.83039665160593
1.84539990284860
1.86040315409128
1.87540640533395
1.89040965657662
1.90541290781929
1.92041615906196
1.93541941030463
1.95042266154730
1.96542591278998
1.98042916403265
1.99543241527532
2.01043566651799
2.02543891776066
2.04044216900333
2.05544542024601
2.07044867148868
2.08545192273135
2.10045517397402
2.11545842521669
2.13046167645936
2.14546492770204
2.16046817894471
2.17547143018738
2.19047468143005
2.20547793267272
2.22048118391539
2.23548443515806
2.25048768640074
2.26549093764341
2.28049418888608
2.29549744012875
2.31050069137142
2.32550394261409
2.34050719385677
2.35551044509944
2.37051369634211
2.38551694758478
2.40052019882745
2.41552345007012
2.43052670131280
2.44552995255547
2.46053320379814
2.47553645504081
2.49053970628348
2.50554295752615
2.52054620876883
2.53554946001150
2.55055271125417
2.56555596249684
2.58055921373951
2.59556246498218
2.61056571622485
2.62556896746753
2.64057221871020
2.65557546995287
2.67057872119554
2.68558197243821
2.70058522368088
2.71558847492356
2.73059172616623
2.74559497740890
2.76059822865157
2.77560147989424
2.79060473113691
2.80560798237958
2.82061123362226
2.83561448486493
2.85061773610760
2.86562098735027
2.88062423859294
2.89562748983561
2.91063074107829
2.92563399232096
2.94063724356363
2.95564049480630
2.97064374604897
2.98564699729164
3.00065024853432
3.01565349977699
3.03065675101966
3.04566000226233
3.06066325350500
3.07566650474767
3.09066975599034
3.10567300723302
3.12067625847569
3.13567950971836
3.15068276096103
3.16568601220370
3.18068926344637
3.19569251468905
3.21069576593172
3.22569901717439
3.24070226841706
3.25570551965973
3.27070877090240
3.28571202214508
3.30071527338775
3.31571852463042
3.33072177587309
3.34572502711576
3.36072827835843
3.37573152960110
3.39073478084378
3.40573803208645
3.42074128332912
3.43574453457179
3.45074778581446
3.46575103705713
3.48075428829981
3.49575753954248
3.51076079078515
3.52576404202782
3.54076729327049
3.55577054451316
3.57077379575583
3.58577704699851
3.60078029824118
3.61578354948385
3.63078680072652
3.64579005196919
3.66079330321186
3.67579655445454
3.69079980569721
3.70580305693988
3.72080630818255
3.73580955942522
3.75081281066789
3.76581606191057
3.78081931315324
3.79582256439591
3.81082581563858
3.82582906688125
3.84083231812392
3.85583556936659
3.87083882060927
3.88584207185194
3.90084532309461
3.91584857433728
3.93085182557995
3.94585507682262
3.96085832806530
3.97586157930797
3.99086483055064
4.00586808179331
4.02087133303598
4.03587458427865
4.05087783552133
4.06588108676400
4.08088433800667
4.09588758924934
4.11089084049201
4.12589409173468
4.14089734297736
4.15590059422003
4.17090384546270
4.18590709670537
4.20091034794804
4.21591359919071
4.23091685043339
4.24592010167606
4.26092335291873
4.27592660416140
4.29092985540407
4.30593310664674
4.32093635788941
4.33593960913209
4.35094286037476
4.36594611161743
4.38094936286010
4.39595261410277
4.41095586534544
4.42595911658812
4.44096236783079
4.45596561907346
4.47096887031613
4.48597212155880
4.50097537280147
4.51597862404415
4.53098187528682
4.54598512652949
4.56098837777216
4.57599162901483
4.59099488025750
4.60599813150017
4.62100138274285
4.63600463398552
4.65100788522819
4.66601113647086
4.68101438771353
4.69601763895620
4.71102089019888
4.72602414144155
4.74102739268422
4.75603064392689
4.77103389516956
4.78603714641223
4.80104039765490
4.81604364889758
4.83104690014025
4.84605015138292
4.86105340262559
4.87605665386826
4.89105990511093
4.90606315635361
4.92106640759628
4.93606965883895
4.95107291008162
4.96607616132429
4.98107941256696
4.99608266380963
5.01108591505231
5.02608916629498
5.04109241753765
5.05609566878032
5.07109892002299
5.08610217126566
5.10110542250834
5.11610867375101
5.13111192499368
5.14611517623635
5.16111842747902
5.17612167872169
5.19112492996436
5.20612818120704
5.22113143244971
5.23613468369238
5.25113793493505
5.26614118617772
5.28114443742039
5.29614768866307
5.31115093990574
5.32615419114841
5.34115744239108
5.35616069363375
5.37116394487642
5.38616719611910
5.40117044736177
5.41617369860444
5.43117694984711
5.44618020108978
5.46118345233245
5.47618670357513
5.49118995481780
5.50619320606047
5.52119645730314
5.53619970854581
5.55120295978848
5.56620621103115
5.58120946227383
5.59621271351650
5.61121596475917
5.62621921600184
5.64122246724451
5.65622571848718
5.67122896972986
5.68623222097253
5.70123547221520
5.71623872345787
5.73124197470054
5.74624522594321
5.76124847718589
5.77625172842856
5.79125497967123
5.80625823091390
5.82126148215657
5.83626473339924
5.85126798464192
5.86627123588459
5.88127448712726
5.89627773836993
5.91128098961260
5.92628424085527
5.94128749209794
5.95629074334062
5.97129399458329
5.98629724582596
6.00130049706863
6.01630374831130
6.03130699955397
6.04631025079665
6.06131350203932
6.07631675328199
6.09132000452466
6.10632325576733
6.12132650701000
6.13632975825267
6.15133300949535
6.16633626073802
6.18133951198069
6.19634276322336
6.21134601446603
6.22634926570870
6.24135251695138
6.25635576819405
6.27135901943672
6.28636227067939
6.30136552192206
6.31636877316473
6.33137202440741
6.34637527565008
6.36137852689275
6.37638177813542
6.39138502937809
6.40638828062076
6.42139153186343
6.43639478310611
6.45139803434878
6.46640128559145
6.48140453683412
6.49640778807679
6.51141103931946
6.52641429056214
6.54141754180481
6.55642079304748
6.57142404429015
6.58642729553282
6.60143054677549
6.61643379801817
6.63143704926084
6.64644030050351
6.66144355174618
6.67644680298885
6.69145005423152
6.70645330547419
6.72145655671687
6.73645980795954
6.75146305920221
6.76646631044488
6.78146956168755
6.79647281293022
6.81147606417290
6.82647931541557
6.84148256665824
6.85648581790091
6.87148906914358
6.88649232038625
6.90149557162893
6.91649882287160
6.93150207411427
6.94650532535694
6.96150857659961
6.97651182784228
6.99151507908495
7.00651833032763
7.02152158157030
7.03652483281297
7.05152808405564
7.06653133529831
7.08153458654098
7.09653783778366
7.11154108902633
7.12654434026900
7.14154759151167
7.15655084275434
7.17155409399701
7.18655734523968
7.20156059648236
7.21656384772503
7.23156709896770
7.24657035021037
7.26157360145304
7.27657685269571
7.29158010393839
7.30658335518106
7.32158660642373
7.33658985766640
7.35159310890907
7.36659636015174
7.38159961139442
7.39660286263709
7.41160611387976
7.42660936512243
7.44161261636510
7.45661586760777
7.47161911885044
7.48662237009312
7.50162562133579
7.51662887257846
7.53163212382113
7.54663537506380
7.56163862630647
7.57664187754915
7.59164512879182
7.60664838003449
7.62165163127716
7.63665488251983
7.65165813376250
7.66666138500517
7.68166463624785
7.69666788749052
7.71167113873319
7.72667438997586
7.74167764121853
7.75668089246120
7.77168414370388
7.78668739494655
7.80169064618922
7.81669389743189
7.83169714867456
7.84670039991723
7.86170365115991
7.87670690240258
7.89171015364525
7.90671340488792
7.92171665613059
7.93671990737326
7.95172315861593
7.96672640985861
7.98172966110128
7.99673291234395
8.01173616358662
8.02673941482929
8.04174266607197
8.05674591731464
8.07174916855731
8.08675241979998
8.10175567104265
8.11675892228532
8.13176217352799
8.14676542477067
8.16176867601334
8.17677192725601
8.19177517849868
8.20677842974135
8.22178168098402
8.23678493222669
8.25178818346937
8.26679143471204
8.28179468595471
8.29679793719738
8.31180118844005
8.32680443968273
8.34180769092540
8.35681094216807
8.37181419341074
8.38681744465341
8.40182069589608
8.41682394713875
8.43182719838143
8.44683044962410
8.46183370086677
8.47683695210944
8.49184020335211
8.50684345459478
8.52184670583745
8.53684995708013
8.55185320832280
8.56685645956547
8.58185971080814
8.59686296205081
8.61186621329348
8.62686946453616
8.64187271577883
8.65687596702150
8.67187921826417
8.68688246950684
8.70188572074951
8.71688897199219
8.73189222323486
8.74689547447753
8.76189872572020
8.77690197696287
8.79190522820554
8.80690847944821
8.82191173069089
8.83691498193356
8.85191823317623
8.86692148441890
8.88192473566157
8.89692798690424
8.91193123814692
8.92693448938959
8.94193774063226
8.95694099187493
8.97194424311760
8.98694749436027
9.00195074560294
9.01695399684562
9.03195724808829
9.04696049933096
9.06196375057363
9.07696700181630
9.09197025305898
9.10697350430165
9.12197675554432
9.13698000678699
9.15198325802966
9.16698650927233
9.18198976051500
9.19699301175768
9.21199626300035
9.22699951424302
9.24200276548569
9.25700601672836
9.27200926797103
9.28701251921370
9.30201577045638
9.31701902169905
9.33202227294172
9.34702552418439
9.36202877542706
9.37703202666974
9.39203527791241
9.40703852915508
9.42204178039775
9.43704503164042
9.45204828288309
9.46705153412576
9.48205478536844
9.49705803661111
9.51206128785378
9.52706453909645
9.54206779033912
9.55707104158180
9.57207429282446
9.58707754406714
9.60208079530981
9.61708404655248
9.63208729779515
9.64709054903782
9.66209380028050
9.67709705152317
9.69210030276584
9.70710355400851
9.72210680525118
9.73711005649385
9.75211330773652
9.76711655897920
9.78211981022187
9.79712306146454
9.81212631270721
9.82712956394988
9.84213281519256
9.85713606643522
9.87213931767790
9.88714256892057
9.90214582016324
9.91714907140591
9.93215232264858
9.94715557389126
9.96215882513393
9.97716207637660
9.99216532761927
10.0071685788619
10.0221718301046
10.0371750813473
10.0521783325900
10.0671815838326
10.0821848350753
10.0971880863180
10.1121913375606
10.1271945888033
10.1421978400460
10.1572010912887
10.1722043425313
10.1872075937740
10.2022108450167
10.2172140962593
10.2322173475020
10.2472205987447
10.2622238499874
10.2772271012300
10.2922303524727
10.3072336037154
10.3222368549580
10.3372401062007
10.3522433574434
10.3672466086861
10.3822498599287
10.3972531111714
10.4122563624141
10.4272596136567
10.4422628648994
10.4572661161421
10.4722693673848
10.4872726186274
10.5022758698701
10.5172791211128
10.5322823723554
10.5472856235981
10.5622888748408
10.5772921260835
10.5922953773261
10.6072986285688
10.6223018798115
10.6373051310541
10.6523083822968
10.6673116335395
10.6823148847822
10.6973181360248
10.7123213872675
10.7273246385102
10.7423278897528
10.7573311409955
10.7723343922382
10.7873376434809
10.8023408947235
10.8173441459662
10.8323473972089
10.8473506484515
10.8623538996942
10.8773571509369
10.8923604021796
10.9073636534222
10.9223669046649
10.9373701559076
10.9523734071503
10.9673766583929
10.9823799096356
10.9973831608783
11.0123864121209
11.0273896633636
11.0423929146063
11.0573961658490
11.0723994170916
11.0874026683343
11.1024059195770
11.1174091708196
11.1324124220623
11.1474156733050
11.1624189245477
11.1774221757903
11.1924254270330
11.2074286782757
11.2224319295183
11.2374351807610
11.2524384320037
11.2674416832464
11.2824449344890
11.2974481857317
11.3124514369744
11.3274546882170
11.3424579394597
11.3574611907024
11.3724644419451
11.3874676931877
11.4024709444304
11.4174741956731
11.4324774469157
11.4474806981584
11.4624839494011
11.4774872006438
11.4924904518864
11.5074937031291
11.5224969543718
11.5375002056144
11.5525034568571
11.5675067080998
11.5825099593425
11.5975132105851
11.6125164618278
11.6275197130705
11.6425229643131
11.6575262155558
11.6725294667985
11.6875327180412
11.7025359692838
11.7175392205265
11.7325424717692
11.7475457230118
11.7625489742545
11.7775522254972
11.7925554767399
11.8075587279825
11.8225619792252
11.8375652304679
11.8525684817105
11.8675717329532
11.8825749841959
11.8975782354386
11.9125814866812
11.9275847379239
11.9425879891666
11.9575912404092
11.9725944916519
11.9875977428946
12.0026009941373
12.0176042453799
12.0326074966226
12.0476107478653
12.0626139991079
12.0776172503506
12.0926205015933
12.1076237528360
12.1226270040786
12.1376302553213
12.1526335065640
12.1676367578066
12.1826400090493
12.1976432602920
12.2126465115347
12.2276497627773
12.2426530140200
12.2576562652627
12.2726595165053
12.2876627677480
12.3026660189907
12.3176692702334
12.3326725214760
12.3476757727187
12.3626790239614
12.3776822752041
12.3926855264467
12.4076887776894
12.4226920289321
12.4376952801747
12.4526985314174
12.4677017826601
12.4827050339028
12.4977082851454
12.5127115363881
12.5277147876308
12.5427180388734
12.5577212901161
12.5727245413588
12.5877277926015
12.6027310438441
12.6177342950868
12.6327375463295
12.6477407975721
12.6627440488148
12.6777473000575
12.6927505513002
12.7077538025428
12.7227570537855
12.7377603050282
12.7527635562708
12.7677668075135
12.7827700587562
12.7977733099989
12.8127765612415
12.8277798124842
12.8427830637269
12.8577863149695
12.8727895662122
12.8877928174549
12.9027960686976
12.9177993199402
12.9328025711829
12.9478058224256
12.9628090736682
12.9778123249109
12.9928155761536
13.0078188273963
13.0228220786389
13.0378253298816
13.0528285811243
13.0678318323669
13.0828350836096
13.0978383348523
13.1128415860950
13.1278448373376
13.1428480885803
13.1578513398230
13.1728545910656
13.1878578423083
13.2028610935510
13.2178643447937
13.2328675960363
13.2478708472790
13.2628740985217
13.2778773497643
13.2928806010070
13.3078838522497
13.3228871034924
13.3378903547350
13.3528936059777
13.3678968572204
13.3829001084630
13.3979033597057
13.4129066109484
13.4279098621911
13.4429131134337
13.4579163646764
13.4729196159191
13.4879228671617
13.5029261184044
13.5179293696471
13.5329326208898
13.5479358721324
13.5629391233751
13.5779423746178
13.5929456258604
13.6079488771031
13.6229521283458
13.6379553795885
13.6529586308311
13.6679618820738
13.6829651333165
13.6979683845591
13.7129716358018
13.7279748870445
13.7429781382872
13.7579813895298
13.7729846407725
13.7879878920152
13.8029911432579
13.8179943945005
13.8329976457432
13.8480008969859
13.8630041482285
13.8780073994712
13.8930106507139
13.9080139019566
13.9230171531992
13.9380204044419
13.9530236556846
13.9680269069272
13.9830301581699
13.9980334094126
14.0130366606553
14.0280399118979
14.0430431631406
14.0580464143833
14.0730496656259
14.0880529168686
14.1030561681113
14.1180594193540
14.1330626705966
14.1480659218393
14.1630691730820
14.1780724243246
14.1930756755673
14.2080789268100
14.2230821780527
14.2380854292953
14.2530886805380
14.2680919317807
14.2830951830233
14.2980984342660
14.3131016855087
14.3281049367514
14.3431081879940
14.3581114392367
14.3731146904794
14.3881179417220
14.4031211929647
14.4181244442074
14.4331276954501
14.4481309466927
14.4631341979354
14.4781374491781
14.4931407004207
14.5081439516634
14.5231472029061
14.5381504541488
14.5531537053914
14.5681569566341
14.5831602078768
14.5981634591194
14.6131667103621
14.6281699616048
14.6431732128475
14.6581764640901
14.6731797153328
14.6881829665755
14.7031862178181
14.7181894690608
14.7331927203035
14.7481959715462
14.7631992227888
14.7782024740315
14.7932057252742
14.8082089765168
14.8232122277595
14.8382154790022
14.8532187302449
14.8682219814875
14.8832252327302
14.8982284839729
14.9132317352155
14.9282349864582
14.9432382377009
14.9582414889436
14.9732447401862
14.9882479914289
15.0032512426716
15.0182544939142
15.0332577451569
15.0482609963996
15.0632642476423
15.0782674988849
15.0932707501276
15.1082740013703
15.1232772526129
15.1382805038556
15.1532837550983
15.1682870063410
15.1832902575836
15.1982935088263
15.2132967600690
15.2283000113117
15.2433032625543
15.2583065137970
15.2733097650397
15.2883130162823
15.3033162675250
15.3183195187677
15.3333227700103
15.3483260212530
15.3633292724957
15.3783325237384
15.3933357749810
15.4083390262237
15.4233422774664
15.4383455287091
15.4533487799517
15.4683520311944
15.4833552824371
15.4983585336797
15.5133617849224
15.5283650361651
15.5433682874078
15.5583715386504
15.5733747898931
15.5883780411358
15.6033812923784
15.6183845436211
15.6333877948638
15.6483910461065
15.6633942973491
15.6783975485918
15.6934007998345
15.7084040510771
15.7234073023198
15.7384105535625
15.7534138048052
15.7684170560478
15.7834203072905
15.7984235585332
15.8134268097758
15.8284300610185
15.8434333122612
15.8584365635039
15.8734398147465
15.8884430659892
15.9034463172319
15.9184495684745
15.9334528197172
15.9484560709599
15.9634593222026
15.9784625734452
15.9934658246879
16.0084690759306
16.0234723271732
16.0384755784159
16.0534788296586
16.0684820809013
16.0834853321439
16.0984885833866
16.1134918346293
16.1284950858719
16.1434983371146
16.1585015883573
16.1735048396000
16.1885080908426
16.2035113420853
16.2185145933280
16.2335178445706
16.2485210958133
16.2635243470560
16.2785275982987
16.2935308495413
16.3085341007840
16.3235373520267
16.3385406032693
16.3535438545120
16.3685471057547
16.3835503569974
16.3985536082400
16.4135568594827
16.4285601107254
16.4435633619680
16.4585666132107
16.4735698644534
16.4885731156961
16.5035763669387
16.5185796181814
16.5335828694241
16.5485861206667
16.5635893719094
16.5785926231521
16.5935958743948
16.6085991256374
16.6236023768801
16.6386056281228
16.6536088793655
16.6686121306081
16.6836153818508
16.6986186330935
16.7136218843361
16.7286251355788
16.7436283868215
16.7586316380642
16.7736348893068
16.7886381405495
16.8036413917922
16.8186446430348
16.8336478942775
16.8486511455202
16.8636543967629
16.8786576480055
16.8936608992482
16.9086641504909
16.9236674017335
16.9386706529762
16.9536739042189
16.9686771554616
16.9836804067042
16.9986836579469
17.0136869091896
17.0286901604322
17.0436934116749
17.0586966629176
17.0736999141603
17.0887031654029
17.1037064166456
17.1187096678883
17.1337129191309
17.1487161703736
17.1637194216163
17.1787226728590
17.1937259241016
17.2087291753443
17.2237324265870
17.2387356778296
17.2537389290723
17.2687421803150
17.2837454315577
17.2987486828003
17.3137519340430
17.3287551852857
17.3437584365283
17.3587616877710
17.3737649390137
17.3887681902564
17.4037714414990
17.4187746927417
17.4337779439844
17.4487811952270
17.4637844464697
17.4787876977124
17.4937909489551
17.5087942001977
17.5237974514404
17.5388007026831
17.5538039539257
17.5688072051684
17.5838104564111
17.5988137076538
17.6138169588964
17.6288202101391
17.6438234613818
17.6588267126244
17.6738299638671
17.6888332151098
17.7038364663525
17.7188397175951
17.7338429688378
17.7488462200805
17.7638494713231
17.7788527225658
17.7938559738085
17.8088592250512
17.8238624762938
17.8388657275365
17.8538689787792
17.8688722300218
17.8838754812645
17.8988787325072
17.9138819837499
17.9288852349925
17.9438884862352
17.9588917374779
17.9738949887206
17.9888982399632
18.0039014912059
18.0189047424486
18.0339079936912
18.0489112449339
18.0639144961766
18.0789177474192
18.0939209986619
18.1089242499046
18.1239275011473
18.1389307523899
18.1539340036326
18.1689372548753
18.1839405061180
18.1989437573606
18.2139470086033
18.2289502598460
18.2439535110886
18.2589567623313
18.2739600135740
18.2889632648167
18.3039665160593
18.3189697673020
18.3339730185447
18.3489762697873
18.3639795210300
18.3789827722727
18.3939860235154
18.4089892747580
18.4239925260007
18.4389957772434
18.4539990284860
18.4690022797287
18.4840055309714
18.4990087822141
18.5140120334567
18.5290152846994
18.5440185359421
18.5590217871847
18.5740250384274
18.5890282896701
18.6040315409128
18.6190347921554
18.6340380433981
18.6490412946408
18.6640445458834
18.6790477971261
18.6940510483688
18.7090542996115
18.7240575508541
18.7390608020968
18.7540640533395
18.7690673045821
18.7840705558248
18.7990738070675
18.8140770583102
18.8290803095528
18.8440835607955
18.8590868120382
18.8740900632808
18.8890933145235
18.9040965657662
18.9190998170089
18.9341030682515
18.9491063194942
18.9641095707369
18.9791128219795
18.9941160732222
19.0091193244649
19.0241225757076
19.0391258269502
19.0541290781929
19.0691323294356
19.0841355806782
19.0991388319209
19.1141420831636
19.1291453344063
19.1441485856489
19.1591518368916
19.1741550881343
19.1891583393769
19.2041615906196
19.2191648418623
19.2341680931050
19.2491713443476
19.2641745955903
19.2791778468330
19.2941810980756
19.3091843493183
19.3241876005610
19.3391908518037
19.3541941030463
19.3691973542890
19.3842006055317
19.3992038567743
19.4142071080170
19.4292103592597
19.4442136105024
19.4592168617450
19.4742201129877
19.4892233642304
19.5042266154730
19.5192298667157
19.5342331179584
19.5492363692011
19.5642396204437
19.5792428716864
19.5942461229291
19.6092493741717
19.6242526254144
19.6392558766571
19.6542591278998
19.6692623791424
19.6842656303851
19.6992688816278
19.7142721328704
19.7292753841131
19.7442786353558
19.7592818865985
19.7742851378411
19.7892883890838
19.8042916403265
19.8192948915692
19.8342981428118
19.8493013940545
19.8643046452972
19.8793078965398
19.8943111477825
19.9093143990252
19.9243176502679
19.9393209015105
19.9543241527532
19.9693274039959
19.9843306552385
19.9993339064812
20.0143371577239
20.0293404089666
20.0443436602092
20.0593469114519
20.0743501626946
20.0893534139372
20.1043566651799
20.1193599164226
20.1343631676653
20.1493664189079
20.1643696701506
20.1793729213933
20.1943761726359
20.2093794238786
20.2243826751213
20.2393859263640
20.2543891776066
20.2693924288493
20.2843956800920
20.2993989313346
20.3144021825773
20.3294054338200
20.3444086850627
20.3594119363053
20.3744151875480
20.3894184387907
20.4044216900333
20.4194249412760
20.4344281925187
20.4494314437614
20.4644346950040
20.4794379462467
20.4944411974894
20.5094444487320
20.5244476999747
20.5394509512174
20.5544542024601
20.5694574537027
20.5844607049454
20.5994639561881
20.6144672074307
20.6294704586734
20.6444737099161
20.6594769611588
20.6744802124014
20.6894834636441
20.7044867148868
20.7194899661294
20.7344932173721
20.7494964686148
20.7644997198575
20.7795029711001
20.7945062223428
20.8095094735855
20.8245127248281
20.8395159760708
20.8545192273135
20.8695224785562
20.8845257297988
20.8995289810415
20.9145322322842
20.9295354835269
20.9445387347695
20.9595419860122
20.9745452372549
20.9895484884975
21.0045517397402
21.0195549909829
21.0345582422256
21.0495614934682
21.0645647447109
21.0795679959536
21.0945712471962
21.1095744984389
21.1245777496816
21.1395810009243
21.1545842521669
21.1695875034096
21.1845907546523
21.1995940058949
21.2145972571376
21.2296005083803
21.2446037596230
21.2596070108656
21.2746102621083
21.2896135133510
21.3046167645936
21.3196200158363
21.3346232670790
21.3496265183217
21.3646297695643
21.3796330208070
21.3946362720497
21.4096395232923
21.4246427745350
21.4396460257777
21.4546492770204
21.4696525282630
21.4846557795057
21.4996590307484
21.5146622819910
21.5296655332337
21.5446687844764
21.5596720357191
21.5746752869617
21.5896785382044
21.6046817894471
21.6196850406897
21.6346882919324
21.6496915431751
21.6646947944178
21.6796980456604
21.6947012969031
21.7097045481458
21.7247077993884
21.7397110506311
21.7547143018738
21.7697175531165
21.7847208043591
21.7997240556018
21.8147273068445
21.8297305580871
21.8447338093298
21.8597370605725
21.8747403118152
21.8897435630578
21.9047468143005
21.9197500655432
21.9347533167858
21.9497565680285
21.9647598192712
21.9797630705139
21.9947663217565
22.0097695729992
22.0247728242419
22.0397760754845
22.0547793267272
22.0697825779699
22.0847858292126
22.0997890804552
22.1147923316979
22.1297955829406
22.1447988341832
22.1598020854259
22.1748053366686
22.1898085879113
22.2048118391539
22.2198150903966
22.2348183416393
22.2498215928819
22.2648248441246
22.2798280953673
22.2948313466100
22.3098345978526
22.3248378490953
22.3398411003380
22.3548443515807
22.3698476028233
22.3848508540660
22.3998541053087
22.4148573565513
22.4298606077940
22.4448638590367
22.4598671102793
22.4748703615220
22.4898736127647
22.5048768640074
22.5198801152500
22.5348833664927
22.5498866177354
22.5648898689781
22.5798931202207
22.5948963714634
22.6098996227061
22.6249028739487
22.6399061251914
22.6549093764341
22.6699126276768
22.6849158789194
22.6999191301621
22.7149223814048
22.7299256326474
22.7449288838901
22.7599321351328
22.7749353863755
22.7899386376181
22.8049418888608
22.8199451401035
22.8349483913461
22.8499516425888
22.8649548938315
22.8799581450742
22.8949613963168
22.9099646475595
22.9249678988022
22.9399711500448
22.9549744012875
22.9699776525302
22.9849809037729
22.9999841550155
23.0149874062582
23.0299906575009
23.0449939087435
23.0599971599862
23.0750004112289
23.0900036624716
23.1050069137142
23.1200101649569
23.1350134161996
23.1500166674422
23.1650199186849
23.1800231699276
23.1950264211703
23.2100296724129
23.2250329236556
23.2400361748983
23.2550394261409
23.2700426773836
23.2850459286263
23.3000491798690
23.3150524311116
23.3300556823543
23.3450589335970
23.3600621848396
23.3750654360823
23.3900686873250
23.4050719385677
23.4200751898103
23.4350784410530
23.4500816922957
23.4650849435383
23.4800881947810
23.4950914460237
23.5100946972664
23.5250979485090
23.5401011997517
23.5551044509944
23.5701077022370
23.5851109534797
23.6001142047224
23.6151174559651
23.6301207072077
23.6451239584504
23.6601272096931
23.6751304609357
23.6901337121784
23.7051369634211
23.7201402146638
23.7351434659064
23.7501467171491
23.7651499683918
23.7801532196344
23.7951564708771
23.8101597221198
23.8251629733625
23.8401662246051
23.8551694758478
23.8701727270905
23.8851759783331
23.9001792295758
23.9151824808185
23.9301857320612
23.9451889833038
23.9601922345465
23.9751954857892
23.9901987370318
24.0052019882745
24.0202052395172
24.0352084907599
24.0502117420025
24.0652149932452
24.0802182444879
24.0952214957306
24.1102247469732
24.1252279982159
24.1402312494586
24.1552345007012
24.1702377519439
24.1852410031866
24.2002442544293
24.2152475056719
24.2302507569146
24.2452540081573
24.2602572593999
24.2752605106426
24.2902637618853
24.3052670131280
24.3202702643706
24.3352735156133
24.3502767668560
24.3652800180986
24.3802832693413
24.3952865205840
24.4102897718267
24.4252930230693
24.4402962743120
24.4552995255547
24.4703027767973
24.4853060280400
24.5003092792827
24.5153125305254
24.5303157817680
24.5453190330107
24.5603222842534
24.5753255354960
24.5903287867387
24.6053320379814
24.6203352892241
24.6353385404667
24.6503417917094
24.6653450429521
24.6803482941947
24.6953515454374
24.7103547966801
24.7253580479228
24.7403612991654
24.7553645504081
24.7703678016508
24.7853710528934
24.8003743041361
24.8153775553788
24.8303808066215
24.8453840578641
24.8603873091068
24.8753905603495
24.8903938115921
24.9053970628348
24.9204003140775
24.9354035653202
24.9504068165628
24.9654100678055
24.9804133190482
24.9954165702908
25.0104198215335
25.0254230727762
25.0404263240189
25.0554295752615
25.0704328265042
25.0854360777469
25.1004393289895
25.1154425802322
25.1304458314749
25.1454490827176
25.1604523339602
25.1754555852029
25.1904588364456
25.2054620876882
25.2204653389309
25.2354685901736
25.2504718414163
25.2654750926589
25.2804783439016
25.2954815951443
25.3104848463870
25.3254880976296
25.3404913488723
25.3554946001150
25.3704978513576
25.3855011026003
25.4005043538430
25.4155076050857
25.4305108563283
25.4455141075710
25.4605173588137
25.4755206100563
25.4905238612990
25.5055271125417
25.5205303637844
25.5355336150270
25.5505368662697
25.5655401175124
25.5805433687550
25.5955466199977
25.6105498712404
25.6255531224831
25.6405563737257
25.6555596249684
25.6705628762111
25.6855661274537
25.7005693786964
25.7155726299391
25.7305758811818
25.7455791324244
25.7605823836671
25.7755856349098
25.7905888861524
25.8055921373951
25.8205953886378
25.8355986398805
25.8506018911231
25.8656051423658
25.8806083936085
25.8956116448511
25.9106148960938
25.9256181473365
25.9406213985792
25.9556246498218
25.9706279010645
25.9856311523072
26.0006344035498
26.0156376547925
26.0306409060352
26.0456441572779
26.0606474085205
26.0756506597632
26.0906539110059
26.1056571622485
26.1206604134912
26.1356636647339
26.1506669159766
26.1656701672192
26.1806734184619
26.1956766697046
26.2106799209472
26.2256831721899
26.2406864234326
26.2556896746753
26.2706929259179
26.2856961771606
26.3006994284033
26.3157026796459
26.3307059308886
26.3457091821313
26.3607124333740
26.3757156846166
26.3907189358593
26.4057221871020
26.4207254383446
26.4357286895873
26.4507319408300
26.4657351920727
26.4807384433153
26.4957416945580
26.5107449458007
26.5257481970433
26.5407514482860
26.5557546995287
26.5707579507714
26.5857612020140
26.6007644532567
26.6157677044994
26.6307709557420
26.6457742069847
26.6607774582274
26.6757807094701
26.6907839607127
26.7057872119554
26.7207904631981
26.7357937144407
26.7507969656834
26.7658002169261
26.7808034681688
26.7958067194114
26.8108099706541
26.8258132218968
26.8408164731394
26.8558197243821
26.8708229756248
26.8858262268675
26.9008294781101
26.9158327293528
26.9308359805955
26.9458392318382
26.9608424830808
26.9758457343235
26.9908489855662
27.0058522368088
27.0208554880515
27.0358587392942
27.0508619905369
27.0658652417795
27.0808684930222
27.0958717442649
27.1108749955075
27.1258782467502
27.1408814979929
27.1558847492356
27.1708880004782
27.1858912517209
27.2008945029636
27.2158977542062
27.2309010054489
27.2459042566916
27.2609075079343
27.2759107591769
27.2909140104196
27.3059172616623
27.3209205129049
27.3359237641476
27.3509270153903
27.3659302666330
27.3809335178756
27.3959367691183
27.4109400203610
27.4259432716036
27.4409465228463
27.4559497740890
27.4709530253317
27.4859562765743
27.5009595278170
27.5159627790597
27.5309660303023
27.5459692815450
27.5609725327877
27.5759757840304
27.5909790352730
27.6059822865157
27.6209855377584
27.6359887890010
27.6509920402437
27.6659952914864
27.6809985427291
27.6960017939717
27.7110050452144
27.7260082964571
27.7410115476997
27.7560147989424
27.7710180501851
27.7860213014278
27.8010245526704
27.8160278039131
27.8310310551558
27.8460343063984
27.8610375576411
27.8760408088838
27.8910440601265
27.9060473113691
27.9210505626118
27.9360538138545
27.9510570650971
27.9660603163398
27.9810635675825
27.9960668188252
28.0110700700678
28.0260733213105
28.0410765725532
28.0560798237958
28.0710830750385
28.0860863262812
28.1010895775239
28.1160928287665
28.1310960800092
28.1460993312519
28.1611025824945
28.1761058337372
28.1911090849799
28.2061123362226
28.2211155874652
28.2361188387079
28.2511220899506
28.2661253411932
28.2811285924359
28.2961318436786
28.3111350949213
28.3261383461639
28.3411415974066
28.3561448486493
28.3711480998919
28.3861513511346
28.4011546023773
28.4161578536200
28.4311611048626
28.4461643561053
28.4611676073480
28.4761708585907
28.4911741098333
28.5061773610760
28.5211806123187
28.5361838635613
28.5511871148040
28.5661903660467
28.5811936172893
28.5961968685320
28.6112001197747
28.6262033710174
28.6412066222600
28.6562098735027
28.6712131247454
28.6862163759881
28.7012196272307
28.7162228784734
28.7312261297161
28.7462293809587
28.7612326322014
28.7762358834441
28.7912391346868
28.8062423859294
28.8212456371721
28.8362488884148
28.8512521396574
28.8662553909001
28.8812586421428
28.8962618933855
28.9112651446281
28.9262683958708
28.9412716471135
28.9562748983561
28.9712781495988
28.9862814008415
29.0012846520842
29.0162879033268
29.0312911545695
29.0462944058122
29.0612976570548
29.0763009082975
29.0913041595402
29.1063074107829
29.1213106620255
29.1363139132682
29.1513171645109
29.1663204157535
29.1813236669962
29.1963269182389
29.2113301694816
29.2263334207242
29.2413366719669
29.2563399232096
29.2713431744522
29.2863464256949
29.3013496769376
29.3163529281803
29.3313561794229
29.3463594306656
29.3613626819083
29.3763659331509
29.3913691843936
29.4063724356363
29.4213756868790
29.4363789381216
29.4513821893643
29.4663854406070
29.4813886918497
29.4963919430923
29.5113951943350
29.5263984455777
29.5414016968203
29.5564049480630
29.5714081993057
29.5864114505483
29.6014147017910
29.6164179530337
29.6314212042764
29.6464244555190
29.6614277067617
29.6764309580044
29.6914342092470
29.7064374604897
29.7214407117324
29.7364439629751
29.7514472142177
29.7664504654604
29.7814537167031
29.7964569679458
29.8114602191884
29.8264634704311
29.8414667216738
29.8564699729164
29.8714732241591
29.8864764754018
29.9014797266445
29.9164829778871
29.9314862291298
29.9464894803725
29.9614927316151
29.9764959828578
29.9914992341005
30.0065024853431
30.0215057365858
30.0365089878285
30.0515122390712
30.0665154903138
30.0815187415565
30.0965219927992
30.1115252440419
30.1265284952845
30.1415317465272
30.1565349977699
30.1715382490125
30.1865415002552
30.2015447514979
30.2165480027406
30.2315512539832
30.2465545052259
30.2615577564686
30.2765610077112
30.2915642589539
30.3065675101966
30.3215707614393
30.3365740126819
30.3515772639246
30.3665805151673
30.3815837664099
30.3965870176526
30.4115902688953
30.4265935201380
30.4415967713806
30.4566000226233
30.4716032738660
30.4866065251086
30.5016097763513
30.5166130275940
30.5316162788367
30.5466195300793
30.5616227813220
30.5766260325647
30.5916292838073
30.6066325350500
30.6216357862927
30.6366390375354
30.6516422887780
30.6666455400207
30.6816487912634
30.6966520425060
30.7116552937487
30.7266585449914
30.7416617962341
30.7566650474767
30.7716682987194
30.7866715499621
30.8016748012047
30.8166780524474
30.8316813036901
30.8466845549328
30.8616878061754
30.8766910574181
30.8916943086608
30.9066975599034
30.9217008111461
30.9367040623888
30.9517073136315
30.9667105648741
30.9817138161168
30.9967170673595
31.0117203186021
31.0267235698448
31.0417268210875
31.0567300723302
31.0717333235728
31.0867365748155
31.1017398260582
31.1167430773009
31.1317463285435
31.1467495797862
31.1617528310289
31.1767560822715
31.1917593335142
31.2067625847569
31.2217658359996
31.2367690872422
31.2517723384849
31.2667755897276
31.2817788409702
31.2967820922129
31.3117853434556
31.3267885946982
31.3417918459409
31.3567950971836
31.3717983484263
31.3868015996689
31.4018048509116
31.4168081021543
31.4318113533970
31.4468146046396
31.4618178558823
31.4768211071250
31.4918243583676
31.5068276096103
31.5218308608530
31.5368341120957
31.5518373633383
31.5668406145810
31.5818438658237
31.5968471170663
31.6118503683090
31.6268536195517
31.6418568707944
31.6568601220370
31.6718633732797
31.6868666245224
31.7018698757650
31.7168731270077
31.7318763782504
31.7468796294931
31.7618828807357
31.7768861319784
31.7918893832211
31.8068926344637
31.8218958857064
31.8368991369491
31.8519023881918
31.8669056394344
31.8819088906771
31.8969121419198
31.9119153931624
31.9269186444051
31.9419218956478
31.9569251468905
31.9719283981331
31.9869316493758
32.0019349006185
32.0169381518611
32.0319414031038
32.0469446543465
32.0619479055892
32.0769511568318
32.0919544080745
32.1069576593172
32.1219609105598
32.1369641618025
32.1519674130452
32.1669706642879
32.1819739155305
32.1969771667732
32.2119804180159
32.2269836692585
32.2419869205012
32.2569901717439
32.2719934229866
32.2869966742292
32.3019999254719
32.3170031767146
32.3320064279572
32.3470096791999
32.3620129304426
32.3770161816853
32.3920194329279
32.4070226841706
32.4220259354133
32.4370291866559
32.4520324378986
32.4670356891413
32.4820389403840
32.4970421916266
32.5120454428693
32.5270486941120
32.5420519453547
32.5570551965973
32.5720584478400
32.5870616990827
32.6020649503253
32.6170682015680
32.6320714528107
32.6470747040533
32.6620779552960
32.6770812065387
32.6920844577814
32.7070877090240
32.7220909602667
32.7370942115094
32.7520974627521
32.7671007139947
32.7821039652374
32.7971072164801
32.8121104677227
32.8271137189654
32.8421169702081
32.8571202214508
32.8721234726934
32.8871267239361
32.9021299751788
32.9171332264214
32.9321364776641
32.9471397289068
32.9621429801495
32.9771462313921
32.9921494826348
33.0071527338775
33.0221559851201
33.0371592363628
33.0521624876055
33.0671657388482
33.0821689900908
33.0971722413335
33.1121754925762
33.1271787438188
33.1421819950615
33.1571852463042
33.1721884975469
33.1871917487895
33.2021950000322
33.2171982512749
33.2322015025175
33.2472047537602
33.2622080050029
33.2772112562456
33.2922145074882
33.3072177587309
33.3222210099736
33.3372242612162
33.3522275124589
33.3672307637016
33.3822340149443
33.3972372661869
33.4122405174296
33.4272437686723
33.4422470199149
33.4572502711576
33.4722535224003
33.4872567736430
33.5022600248856
33.5172632761283
33.5322665273710
33.5472697786137
33.5622730298563
33.5772762810990
33.5922795323417
33.6072827835843
33.6222860348270
33.6372892860697
33.6522925373123
33.6672957885550
33.6822990397977
33.6973022910404
33.7123055422830
33.7273087935257
33.7423120447684
33.7573152960110
33.7723185472537
33.7873217984964
33.8023250497391
33.8173283009817
33.8323315522244
33.8473348034671
33.8623380547097
33.8773413059524
33.8923445571951
33.9073478084378
33.9223510596804
33.9373543109231
33.9523575621658
33.9673608134085
33.9823640646511
33.9973673158938
34.0123705671365
34.0273738183791
34.0423770696218
34.0573803208645
34.0723835721071
34.0873868233498
34.1023900745925
34.1173933258352
34.1323965770778
34.1473998283205
34.1624030795632
34.1774063308059
34.1924095820485
34.2074128332912
34.2224160845339
34.2374193357765
34.2524225870192
34.2674258382619
34.2824290895046
34.2974323407472
34.3124355919899
34.3274388432326
34.3424420944752
34.3574453457179
34.3724485969606
34.3874518482033
34.4024550994459
34.4174583506886
34.4324616019313
34.4474648531739
34.4624681044166
34.4774713556593
34.4924746069020
34.5074778581446
34.5224811093873
34.5374843606300
34.5524876118726
34.5674908631153
34.5824941143580
34.5974973656007
34.6125006168433
34.6275038680860
34.6425071193287
34.6575103705713
34.6725136218140
34.6875168730567
34.7025201242994
34.7175233755420
34.7325266267847
34.7475298780274
34.7625331292700
34.7775363805127
34.7925396317554
34.8075428829981
34.8225461342407
34.8375493854834
34.8525526367261
34.8675558879687
34.8825591392114
34.8975623904541
34.9125656416968
34.9275688929394
34.9425721441821
34.9575753954248
34.9725786466674
34.9875818979101
35.0025851491528
35.0175884003955
35.0325916516381
35.0475949028808
35.0625981541235
35.0776014053661
35.0926046566088
35.1076079078515
35.1226111590942
35.1376144103368
35.1526176615795
35.1676209128222
35.1826241640648
35.1976274153075
35.2126306665502
35.2276339177929
35.2426371690355
35.2576404202782
35.2726436715209
35.2876469227636
35.3026501740062
35.3176534252489
35.3326566764916
35.3476599277342
35.3626631789769
35.3776664302196
35.3926696814622
35.4076729327049
35.4226761839476
35.4376794351903
35.4526826864329
35.4676859376756
35.4826891889183
35.4976924401610
35.5126956914036
35.5276989426463
35.5427021938890
35.5577054451316
35.5727086963743
35.5877119476170
35.6027151988597
35.6177184501023
35.6327217013450
35.6477249525877
35.6627282038303
35.6777314550730
35.6927347063157
35.7077379575584
35.7227412088010
35.7377444600437
35.7527477112864
35.7677509625290
35.7827542137717
35.7977574650144
35.8127607162571
35.8277639674997
35.8427672187424
35.8577704699851
35.8727737212277
35.8877769724704
35.9027802237131
35.9177834749558
35.9327867261984
35.9477899774411
35.9627932286838
35.9777964799264
35.9927997311691
36.0078029824118
36.0228062336545
36.0378094848971
36.0528127361398
36.0678159873825
36.0828192386251
36.0978224898678
36.1128257411105
36.1278289923532
36.1428322435958
36.1578354948385
36.1728387460812
36.1878419973238
36.2028452485665
36.2178484998092
36.2328517510519
36.2478550022945
36.2628582535372
36.2778615047799
36.2928647560225
36.3078680072652
36.3228712585079
36.3378745097506
36.3528777609932
36.3678810122359
36.3828842634786
36.3978875147212
36.4128907659639
36.4278940172066
36.4428972684493
36.4579005196919
36.4729037709346
36.4879070221773
36.5029102734199
36.5179135246626
36.5329167759053
36.5479200271480
36.5629232783906
36.5779265296333
36.5929297808760
36.6079330321186
36.6229362833613
36.6379395346040
36.6529427858467
36.6679460370893
36.6829492883320
36.6979525395747
36.7129557908174
36.7279590420600
36.7429622933027
36.7579655445454
36.7729687957880
36.7879720470307
36.8029752982734
36.8179785495160
36.8329818007587
36.8479850520014
36.8629883032441
36.8779915544867
36.8929948057294
36.9079980569721
36.9230013082148
36.9380045594574
36.9530078107001
36.9680110619428
36.9830143131854
36.9980175644281
37.0130208156708
37.0280240669134
37.0430273181561
37.0580305693988
37.0730338206415
37.0880370718841
37.1030403231268
37.1180435743695
37.1330468256122
37.1480500768548
37.1630533280975
37.1780565793402
37.1930598305828
37.2080630818255
37.2230663330682
37.2380695843109
37.2530728355535
37.2680760867962
37.2830793380389
37.2980825892815
37.3130858405242
37.3280890917669
37.3430923430096
37.3580955942522
37.3730988454949
37.3881020967376
37.4031053479802
37.4181085992229
37.4331118504656
37.4481151017083
37.4631183529509
37.4781216041936
37.4931248554363
37.5081281066789
37.5231313579216
37.5381346091643
37.5531378604070
37.5681411116496
37.5831443628923
37.5981476141350
37.6131508653776
37.6281541166203
37.6431573678630
37.6581606191057
37.6731638703483
37.6881671215910
37.7031703728337
37.7181736240763
37.7331768753190
37.7481801265617
37.7631833778044
37.7781866290470
37.7931898802897
37.8081931315324
37.8231963827750
37.8381996340177
37.8532028852604
37.8682061365031
37.8832093877457
37.8982126389884
37.9132158902311
37.9282191414737
37.9432223927164
37.9582256439591
37.9732288952018
37.9882321464444
38.0032353976871
38.0182386489298
38.0332419001724
38.0482451514151
38.0632484026578
38.0782516539005
38.0932549051431
38.1082581563858
38.1232614076285
38.1382646588711
38.1532679101138
38.1682711613565
38.1832744125992
38.1982776638418
38.2132809150845
38.2282841663272
38.2432874175698
38.2582906688125
38.2732939200552
38.2882971712979
38.3033004225405
38.3183036737832
38.3333069250259
38.3483101762686
38.3633134275112
38.3783166787539
38.3933199299966
38.4083231812392
38.4233264324819
38.4383296837246
38.4533329349672
38.4683361862099
38.4833394374526
38.4983426886953
38.5133459399379
38.5283491911806
38.5433524424233
38.5583556936660
38.5733589449086
38.5883621961513
38.6033654473940
38.6183686986366
38.6333719498793
38.6483752011220
38.6633784523647
38.6783817036073
38.6933849548500
38.7083882060927
38.7233914573353
38.7383947085780
38.7533979598207
38.7684012110634
38.7834044623060
38.7984077135487
38.8134109647914
38.8284142160340
38.8434174672767
38.8584207185194
38.8734239697621
38.8884272210047
38.9034304722474
38.9184337234901
38.9334369747327
38.9484402259754
38.9634434772181
38.9784467284608
38.9934499797034
39.0084532309461
39.0234564821888
39.0384597334314
39.0534629846741
39.0684662359168
39.0834694871595
39.0984727384021
39.1134759896448
39.1284792408875
39.1434824921301
39.1584857433728
39.1734889946155
39.1884922458582
39.2034954971008
39.2184987483435
39.2335019995862
39.2485052508288
39.2635085020715
39.2785117533142
39.2935150045569
39.3085182557995
39.3235215070422
39.3385247582849
39.3535280095275
39.3685312607702
39.3835345120129
39.3985377632556
39.4135410144982
39.4285442657409
39.4435475169836
39.4585507682262
39.4735540194689
39.4885572707116
39.5035605219543
39.5185637731969
39.5335670244396
39.5485702756823
39.5635735269249
39.5785767781676
39.5935800294103
39.6085832806530
39.6235865318956
39.6385897831383
39.6535930343810
39.6685962856237
39.6835995368663
39.6986027881090
39.7136060393517
39.7286092905943
39.7436125418370
39.7586157930797
39.7736190443223
39.7886222955650
39.8036255468077
39.8186287980504
39.8336320492930
39.8486353005357
39.8636385517784
39.8786418030211
39.8936450542637
39.9086483055064
39.9236515567491
39.9386548079917
39.9536580592344
39.9686613104771
39.9836645617198
39.9986678129624
40.0136710642051
40.0286743154478
40.0436775666904
40.0586808179331
40.0736840691758
40.0886873204185
40.1036905716611
40.1186938229038
40.1336970741465
40.1487003253891
40.1637035766318
40.1787068278745
40.1937100791171
40.2087133303598
40.2237165816025
40.2387198328452
40.2537230840878
40.2687263353305
40.2837295865732
40.2987328378159
40.3137360890585
40.3287393403012
40.3437425915439
40.3587458427865
40.3737490940292
40.3887523452719
40.4037555965146
40.4187588477572
40.4337620989999
40.4487653502426
40.4637686014852
40.4787718527279
40.4937751039706
40.5087783552133
40.5237816064559
40.5387848576986
40.5537881089413
40.5687913601839
40.5837946114266
40.5987978626693
40.6138011139120
40.6288043651546
40.6438076163973
40.6588108676400
40.6738141188826
40.6888173701253
40.7038206213680
40.7188238726107
40.7338271238533
40.7488303750960
40.7638336263387
40.7788368775813
40.7938401288240
40.8088433800667
40.8238466313094
40.8388498825520
40.8538531337947
40.8688563850374
40.8838596362800
40.8988628875227
40.9138661387654
40.9288693900081
40.9438726412507
40.9588758924934
40.9738791437361
40.9888823949787
41.0038856462214
41.0188888974641
41.0338921487068
41.0488953999494
41.0638986511921
41.0789019024348
41.0939051536775
41.1089084049201
41.1239116561628
41.1389149074055
41.1539181586481
41.1689214098908
41.1839246611335
41.1989279123761
41.2139311636188
41.2289344148615
41.2439376661042
41.2589409173468
41.2739441685895
41.2889474198322
41.3039506710749
41.3189539223175
41.3339571735602
41.3489604248029
41.3639636760455
41.3789669272882
41.3939701785309
41.4089734297735
41.4239766810162
41.4389799322589
41.4539831835016
41.4689864347442
41.4839896859869
41.4989929372296
41.5139961884723
41.5289994397149
41.5440026909576
41.5590059422003
41.5740091934429
41.5890124446856
41.6040156959283
41.6190189471710
41.6340221984136
41.6490254496563
41.6640287008990
41.6790319521416
41.6940352033843
41.7090384546270
41.7240417058697
41.7390449571123
41.7540482083550
41.7690514595977
41.7840547108403
41.7990579620830
41.8140612133257
41.8290644645684
41.8440677158110
41.8590709670537
41.8740742182964
41.8890774695390
41.9040807207817
41.9190839720244
41.9340872232671
41.9490904745097
41.9640937257524
41.9790969769951
41.9941002282377
42.0091034794804
42.0241067307231
42.0391099819658
42.0541132332084
42.0691164844511
42.0841197356938
42.0991229869364
42.1141262381791
42.1291294894218
42.1441327406645
42.1591359919071
42.1741392431498
42.1891424943925
42.2041457456351
42.2191489968778
42.2341522481205
42.2491554993632
42.2641587506058
42.2791620018485
42.2941652530912
42.3091685043338
42.3241717555765
42.3391750068192
42.3541782580619
42.3691815093045
42.3841847605472
42.3991880117899
42.4141912630325
42.4291945142752
42.4441977655179
42.4592010167606
42.4742042680032
42.4892075192459
42.5042107704886
42.5192140217312
42.5342172729739
42.5492205242166
42.5642237754593
42.5792270267019
42.5942302779446
42.6092335291873
42.6242367804299
42.6392400316726
42.6542432829153
42.6692465341580
42.6842497854006
42.6992530366433
42.7142562878860
42.7292595391287
42.7442627903713
42.7592660416140
42.7742692928567
42.7892725440993
42.8042757953420
42.8192790465847
42.8342822978273
42.8492855490700
42.8642888003127
42.8792920515554
42.8942953027980
42.9092985540407
42.9243018052834
42.9393050565260
42.9543083077687
42.9693115590114
42.9843148102541
42.9993180614967
43.0143213127394
43.0293245639821
43.0443278152248
43.0593310664674
43.0743343177101
43.0893375689528
43.1043408201954
43.1193440714381
43.1343473226808
43.1493505739235
43.1643538251661
43.1793570764088
43.1943603276515
43.2093635788941
43.2243668301368
43.2393700813795
43.2543733326222
43.2693765838648
43.2843798351075
43.2993830863502
43.3143863375928
43.3293895888355
43.3443928400782
43.3593960913209
43.3743993425635
43.3894025938062
43.4044058450489
43.4194090962915
43.4344123475342
43.4494155987769
43.4644188500196
43.4794221012622
43.4944253525049
43.5094286037476
43.5244318549902
43.5394351062329
43.5544383574756
43.5694416087183
43.5844448599609
43.5994481112036
43.6144513624463
43.6294546136889
43.6444578649316
43.6594611161743
43.6744643674170
43.6894676186596
43.7044708699023
43.7194741211450
43.7344773723876
43.7494806236303
43.7644838748730
43.7794871261157
43.7944903773583
43.8094936286010
43.8244968798437
43.8395001310863
43.8545033823290
43.8695066335717
43.8845098848144
43.8995131360570
43.9145163872997
43.9295196385424
43.9445228897850
43.9595261410277
43.9745293922704
43.9895326435131
44.0045358947557
44.0195391459984
44.0345423972411
44.0495456484838
44.0645488997264
44.0795521509691
44.0945554022118
44.1095586534544
44.1245619046971
44.1395651559398
44.1545684071824
44.1695716584251
44.1845749096678
44.1995781609105
44.2145814121531
44.2295846633958
44.2445879146385
44.2595911658812
44.2745944171238
44.2895976683665
44.3046009196092
44.3196041708518
44.3346074220945
44.3496106733372
44.3646139245799
44.3796171758225
44.3946204270652
44.4096236783079
44.4246269295505
44.4396301807932
44.4546334320359
44.4696366832786
44.4846399345212
44.4996431857639
44.5146464370066
44.5296496882492
44.5446529394919
44.5596561907346
44.5746594419772
44.5896626932199
44.6046659444626
44.6196691957053
44.6346724469479
44.6496756981906
44.6646789494333
44.6796822006760
44.6946854519186
44.7096887031613
44.7246919544040
44.7396952056466
44.7546984568893
44.7697017081320
44.7847049593747
44.7997082106173
44.8147114618600
44.8297147131027
44.8447179643453
44.8597212155880
44.8747244668307
44.8897277180734
44.9047309693160
44.9197342205587
44.9347374718014
44.9497407230440
44.9647439742867
44.9797472255294
44.9947504767721
45.0097537280147
45.0247569792574
45.0397602305001
45.0547634817427
45.0697667329854
45.0847699842281
45.0997732354708
45.1147764867134
45.1297797379561
45.1447829891988
45.1597862404414
45.1747894916841
45.1897927429268
45.2047959941695
45.2197992454121
45.2348024966548
45.2498057478975
45.2648089991401
45.2798122503828
45.2948155016255
45.3098187528682
45.3248220041108
45.3398252553535
45.3548285065962
45.3698317578388
45.3848350090815
45.3998382603242
45.4148415115669
45.4298447628095
45.4448480140522
45.4598512652949
45.4748545165376
45.4898577677802
45.5048610190229
45.5198642702656
45.5348675215082
45.5498707727509
45.5648740239936
45.5798772752362
45.5948805264789
45.6098837777216
45.6248870289643
45.6398902802069
45.6548935314496
45.6698967826923
45.6849000339350
45.6999032851776
45.7149065364203
45.7299097876630
45.7449130389056
45.7599162901483
45.7749195413910
45.7899227926337
45.8049260438763
45.8199292951190
45.8349325463617
45.8499357976043
45.8649390488470
45.8799423000897
45.8949455513324
45.9099488025750
45.9249520538177
45.9399553050604
45.9549585563030
45.9699618075457
45.9849650587884
45.9999683100311
46.0149715612737
46.0299748125164
46.0449780637591
46.0599813150017
46.0749845662444
46.0899878174871
46.1049910687298
46.1199943199724
46.1349975712151
46.1500008224578
46.1650040737004
46.1800073249431
46.1950105761858
46.2100138274285
46.2250170786711
46.2400203299138
46.2550235811565
46.2700268323991
46.2850300836418
46.3000333348845
46.3150365861272
46.3300398373698
46.3450430886125
46.3600463398552
46.3750495910978
46.3900528423405
46.4050560935832
46.4200593448259
46.4350625960685
46.4500658473112
46.4650690985539
46.4800723497965
46.4950756010392
46.5100788522819
46.5250821035246
46.5400853547672
46.5550886060099
46.5700918572526
46.5850951084952
46.6000983597379
46.6151016109806
46.6301048622233
46.6451081134659
46.6601113647086
46.6751146159513
46.6901178671939
46.7051211184366
46.7201243696793
46.7351276209220
46.7501308721646
46.7651341234073
46.7801373746500
46.7951406258926
46.8101438771353
46.8251471283780
46.8401503796207
46.8551536308633
46.8701568821060
46.8851601333487
46.9001633845913
46.9151666358340
46.9301698870767
46.9451731383194
46.9601763895620
46.9751796408047
46.9901828920474
47.0051861432900
47.0201893945327
47.0351926457754
47.0501958970181
47.0651991482607
47.0802023995034
47.0952056507461
47.1102089019888
47.1252121532314
47.1402154044741
47.1552186557168
47.1702219069594
47.1852251582021
47.2002284094448
47.2152316606874
47.2302349119301
47.2452381631728
47.2602414144155
47.2752446656581
47.2902479169008
47.3052511681435
47.3202544193861
47.3352576706288
47.3502609218715
47.3652641731142
47.3802674243568
47.3952706755995
47.4102739268422
47.4252771780849
47.4402804293275
47.4552836805702
47.4702869318129
47.4852901830555
47.5002934342982
47.5152966855409
47.5302999367836
47.5453031880262
47.5603064392689
47.5753096905116
47.5903129417542
47.6053161929969
47.6203194442396
47.6353226954823
47.6503259467249
47.6653291979676
47.6803324492103
47.6953357004529
47.7103389516956
47.7253422029383
47.7403454541810
47.7553487054236
47.7703519566663
47.7853552079090
47.8003584591516
47.8153617103943
47.8303649616370
47.8453682128797
47.8603714641223
47.8753747153650
47.8903779666077
47.9053812178503
47.9203844690930
47.9353877203357
47.9503909715784
47.9653942228210
47.9803974740637
47.9954007253064
48.0104039765490
48.0254072277917
48.0404104790344
48.0554137302771
48.0704169815197
48.0854202327624
48.1004234840051
48.1154267352477
48.1304299864904
48.1454332377331
48.1604364889758
48.1754397402184
48.1904429914611
48.2054462427038
48.2204494939465
48.2354527451891
48.2504559964318
48.2654592476745
48.2804624989171
48.2954657501598
48.3104690014025
48.3254722526451
48.3404755038878
48.3554787551305
48.3704820063732
48.3854852576158
48.4004885088585
48.4154917601012
48.4304950113439
48.4454982625865
48.4605015138292
48.4755047650719
48.4905080163145
48.5055112675572
48.5205145187999
48.5355177700425
48.5505210212852
48.5655242725279
48.5805275237706
48.5955307750132
48.6105340262559
48.6255372774986
48.6405405287413
48.6555437799839
48.6705470312266
48.6855502824693
48.7005535337119
48.7155567849546
48.7305600361973
48.7455632874400
48.7605665386826
48.7755697899253
48.7905730411680
48.8055762924106
48.8205795436533
48.8355827948960
48.8505860461387
48.8655892973813
48.8805925486240
48.8955957998667
48.9105990511093
48.9256023023520
48.9406055535947
48.9556088048374
48.9706120560800
48.9856153073227
49.0006185585654
49.0156218098080
49.0306250610507
49.0456283122934
49.0606315635361
49.0756348147787
49.0906380660214
49.1056413172641
49.1206445685067
49.1356478197494
49.1506510709921
49.1656543222348
49.1806575734774
49.1956608247201
49.2106640759628
49.2256673272054
49.2406705784481
49.2556738296908
49.2706770809335
49.2856803321761
49.3006835834188
49.3156868346615
49.3306900859041
49.3456933371468
49.3606965883895
49.3756998396322
49.3907030908748
49.4057063421175
49.4207095933602
49.4357128446028
49.4507160958455
49.4657193470882
49.4807225983309
49.4957258495735
49.5107291008162
49.5257323520589
49.5407356033015
49.5557388545442
49.5707421057869
49.5857453570296
49.6007486082722
49.6157518595149
49.6307551107576
49.6457583620002
49.6607616132429
49.6757648644856
49.6907681157283
49.7057713669709
49.7207746182136
49.7357778694563
49.7507811206989
49.7657843719416
49.7807876231843
49.7957908744270
49.8107941256696
49.8257973769123
49.8408006281550
49.8558038793977
49.8708071306403
49.8858103818830
49.9008136331257
49.9158168843683
49.9308201356110
49.9458233868537
49.9608266380963
49.9758298893390
49.9908331405817
50.0058363918244
50.0208396430670
50.0358428943097
50.0508461455524
50.0658493967950
50.0808526480377
50.0958558992804
50.1108591505231
50.1258624017657
50.1408656530084
50.1558689042511
50.1708721554938
50.1858754067364
50.2008786579791
50.2158819092218
50.2308851604644
50.2458884117071
50.2608916629498
50.2758949141925
50.2908981654351
50.3059014166778
50.3209046679205
50.3359079191631
50.3509111704058
50.3659144216485
50.3809176728911
50.3959209241338
50.4109241753765
50.4259274266192
50.4409306778618
50.4559339291045
50.4709371803472
50.4859404315899
50.5009436828325
50.5159469340752
50.5309501853179
50.5459534365605
50.5609566878032
50.5759599390459
50.5909631902886
50.6059664415312
50.6209696927739
50.6359729440166
50.6509761952592
50.6659794465019
50.6809826977446
50.6959859489873
50.7109892002299
50.7259924514726
50.7409957027153
50.7559989539579
50.7710022052006
50.7860054564433
50.8010087076860
50.8160119589286
50.8310152101713
50.8460184614140
50.8610217126566
50.8760249638993
50.8910282151420
50.9060314663847
50.9210347176273
50.9360379688700
50.9510412201127
50.9660444713553
50.9810477225980
50.9960509738407
51.0110542250834
51.0260574763260
51.0410607275687
51.0560639788114
51.0710672300540
51.0860704812967
51.1010737325394
51.1160769837821
51.1310802350247
51.1460834862674
51.1610867375101
51.1760899887527
51.1910932399954
51.2060964912381
51.2210997424808
51.2361029937234
51.2511062449661
51.2661094962088
51.2811127474514
51.2961159986941
51.3111192499368
51.3261225011795
51.3411257524221
51.3561290036648
51.3711322549075
51.3861355061502
51.4011387573928
51.4161420086355
51.4311452598782
51.4461485111208
51.4611517623635
51.4761550136062
51.4911582648489
51.5061615160915
51.5211647673342
51.5361680185769
51.5511712698195
51.5661745210622
51.5811777723049
51.5961810235475
51.6111842747902
51.6261875260329
51.6411907772756
51.6561940285182
51.6711972797609
51.6862005310036
51.7012037822462
51.7162070334889
51.7312102847316
51.7462135359743
51.7612167872169
51.7762200384596
51.7912232897023
51.8062265409450
51.8212297921876
51.8362330434303
51.8512362946730
51.8662395459156
51.8812427971583
51.8962460484010
51.9112492996437
51.9262525508863
51.9412558021290
51.9562590533717
51.9712623046143
51.9862655558570
52.0012688070997
52.0162720583424
52.0312753095850
52.0462785608277
52.0612818120704
52.0762850633130
52.0912883145557
52.1062915657984
52.1212948170411
52.1362980682837
52.1513013195264
52.1663045707691
52.1813078220117
52.1963110732544
52.2113143244971
52.2263175757398
52.2413208269824
52.2563240782251
52.2713273294678
52.2863305807104
52.3013338319531
52.3163370831958
52.3313403344385
52.3463435856811
52.3613468369238
52.3763500881665
52.3913533394091
52.4063565906518
52.4213598418945
52.4363630931372
52.4513663443798
52.4663695956225
52.4813728468652
52.4963760981078
52.5113793493505
52.5263826005932
52.5413858518359
52.5563891030785
52.5713923543212
52.5863956055639
52.6013988568066
52.6164021080492
52.6314053592919
52.6464086105346
52.6614118617772
52.6764151130199
52.6914183642626
52.7064216155052
52.7214248667479
52.7364281179906
52.7514313692333
52.7664346204759
52.7814378717186
52.7964411229613
52.8114443742039
52.8264476254466
52.8414508766893
52.8564541279320
52.8714573791746
52.8864606304173
52.9014638816600
52.9164671329026
52.9314703841453
52.9464736353880
52.9614768866307
52.9764801378733
52.9914833891160
53.0064866403587
53.0214898916014
53.0364931428440
53.0514963940867
53.0664996453294
53.0815028965720
53.0965061478147
53.1115093990574
53.1265126503000
53.1415159015427
53.1565191527854
53.1715224040281
53.1865256552707
53.2015289065134
53.2165321577561
53.2315354089988
53.2465386602414
53.2615419114841
53.2765451627268
53.2915484139694
53.3065516652121
53.3215549164548
53.3365581676975
53.3515614189401
53.3665646701828
53.3815679214255
53.3965711726681
53.4115744239108
53.4265776751535
53.4415809263962
53.4565841776388
53.4715874288815
53.4865906801242
53.5015939313668
53.5165971826095
53.5316004338522
53.5466036850949
53.5616069363375
53.5766101875802
53.5916134388229
53.6066166900655
53.6216199413082
53.6366231925509
53.6516264437936
53.6666296950362
53.6816329462789
53.6966361975216
53.7116394487642
53.7266427000069
53.7416459512496
53.7566492024923
53.7716524537349
53.7866557049776
53.8016589562203
53.8166622074629
53.8316654587056
53.8466687099483
53.8616719611910
53.8766752124336
53.8916784636763
53.9066817149190
53.9216849661616
53.9366882174043
53.9516914686470
53.9666947198897
53.9816979711323
53.9967012223750
54.0117044736177
54.0267077248603
54.0417109761030
54.0567142273457
54.0717174785884
54.0867207298310
54.1017239810737
54.1167272323164
54.1317304835590
54.1467337348017
54.1617369860444
54.1767402372871
54.1917434885297
54.2067467397724
54.2217499910151
54.2367532422578
54.2517564935004
54.2667597447431
54.2817629959858
54.2967662472284
54.3117694984711
54.3267727497138
54.3417760009564
54.3567792521991
54.3717825034418
54.3867857546845
54.4017890059271
54.4167922571698
54.4317955084125
54.4467987596551
54.4618020108978
54.4768052621405
54.4918085133832
54.5068117646258
54.5218150158685
54.5368182671112
54.5518215183539
54.5668247695965
54.5818280208392
54.5968312720819
54.6118345233245
54.6268377745672
54.6418410258099
54.6568442770526
54.6718475282952
54.6868507795379
54.7018540307806
54.7168572820232
54.7318605332659
54.7468637845086
54.7618670357512
54.7768702869939
54.7918735382366
54.8068767894793
54.8218800407219
54.8368832919646
54.8518865432073
54.8668897944500
54.8818930456926
54.8968962969353
54.9118995481780
54.9269027994206
54.9419060506633
54.9569093019060
54.9719125531487
54.9869158043913
55.0019190556340
55.0169223068767
55.0319255581193
55.0469288093620
55.0619320606047
55.0769353118474
55.0919385630900
55.1069418143327
55.1219450655754
55.1369483168180
55.1519515680607
55.1669548193034
55.1819580705461
55.1969613217887
55.2119645730314
55.2269678242741
55.2419710755167
55.2569743267594
55.2719775780021
55.2869808292448
55.3019840804874
55.3169873317301
55.3319905829728
55.3469938342154
55.3619970854581
55.3770003367008
55.3920035879435
55.4070068391861
55.4220100904288
55.4370133416715
55.4520165929141
55.4670198441568
55.4820230953995
55.4970263466422
55.5120295978848
55.5270328491275
55.5420361003702
55.5570393516128
55.5720426028555
55.5870458540982
55.6020491053409
55.6170523565835
55.6320556078262
55.6470588590689
55.6620621103115
55.6770653615542
55.6920686127969
55.7070718640396
55.7220751152822
55.7370783665249
55.7520816177676
55.7670848690103
55.7820881202529
55.7970913714956
55.8120946227383
55.8270978739809
55.8421011252236
55.8571043764663
55.8721076277090
55.8871108789516
55.9021141301943
55.9171173814370
55.9321206326796
55.9471238839223
55.9621271351650
55.9771303864077
55.9921336376503
56.0071368888930
56.0221401401357
56.0371433913783
56.0521466426210
56.0671498938637
56.0821531451063
56.0971563963490
56.1121596475917
56.1271628988344
56.1421661500770
56.1571694013197
56.1721726525624
56.1871759038051
56.2021791550477
56.2171824062904
56.2321856575331
56.2471889087757
56.2621921600184
56.2771954112611
56.2921986625038
56.3072019137464
56.3222051649891
56.3372084162318
56.3522116674744
56.3672149187171
56.3822181699598
56.3972214212025
56.4122246724451
56.4272279236878
56.4422311749305
56.4572344261731
56.4722376774158
56.4872409286585
56.5022441799012
56.5172474311438
56.5322506823865
56.5472539336292
56.5622571848718
56.5772604361145
56.5922636873572
56.6072669385999
56.6222701898425
56.6372734410852
56.6522766923279
56.6672799435705
56.6822831948132
56.6972864460559
56.7122896972986
56.7272929485412
56.7422961997839
56.7572994510266
56.7723027022692
56.7873059535119
56.8023092047546
56.8173124559973
56.8323157072399
56.8473189584826
56.8623222097253
56.8773254609679
56.8923287122106
56.9073319634533
56.9223352146960
56.9373384659386
56.9523417171813
56.9673449684240
56.9823482196667
56.9973514709093
57.0123547221520
57.0273579733947
57.0423612246373
57.0573644758800
57.0723677271227
57.0873709783653
57.1023742296080
57.1173774808507
57.1323807320934
57.1473839833360
57.1623872345787
57.1773904858214
57.1923937370640
57.2073969883067
57.2224002395494
57.2374034907921
57.2524067420347
57.2674099932774
57.2824132445201
57.2974164957627
57.3124197470054
57.3274229982481
57.3424262494908
57.3574295007334
57.3724327519761
57.3874360032188
57.4024392544615
57.4174425057041
57.4324457569468
57.4474490081895
57.4624522594321
57.4774555106748
57.4924587619175
57.5074620131602
57.5224652644028
57.5374685156455
57.5524717668882
57.5674750181308
57.5824782693735
57.5974815206162
57.6124847718589
57.6274880231015
57.6424912743442
57.6574945255869
57.6724977768295
57.6875010280722
57.7025042793149
57.7175075305576
57.7325107818002
57.7475140330429
57.7625172842856
57.7775205355282
57.7925237867709
57.8075270380136
57.8225302892563
57.8375335404989
57.8525367917416
57.8675400429843
57.8825432942269
57.8975465454696
57.9125497967123
57.9275530479549
57.9425562991976
57.9575595504403
57.9725628016830
57.9875660529256
58.0025693041683
58.0175725554110
58.0325758066537
58.0475790578963
58.0625823091390
58.0775855603817
58.0925888116243
58.1075920628670
58.1225953141097
58.1375985653524
58.1526018165950
58.1676050678377
58.1826083190804
58.1976115703231
58.2126148215657
58.2276180728084
58.2426213240511
58.2576245752937
58.2726278265364
58.2876310777791
58.3026343290217
58.3176375802644
58.3326408315071
58.3476440827498
58.3626473339924
58.3776505852351
58.3926538364778
58.4076570877204
58.4226603389631
58.4376635902058
58.4526668414485
58.4676700926911
58.4826733439338
58.4976765951765
58.5126798464191
58.5276830976618
58.5426863489045
58.5576896001472
58.5726928513898
58.5876961026325
58.6026993538752
58.6177026051178
58.6327058563605
58.6477091076032
58.6627123588459
58.6777156100885
58.6927188613312
58.7077221125739
58.7227253638165
58.7377286150592
58.7527318663019
58.7677351175446
58.7827383687872
58.7977416200299
58.8127448712726
58.8277481225153
58.8427513737579
58.8577546250006
58.8727578762433
58.8877611274859
58.9027643787286
58.9177676299713
58.9327708812140
58.9477741324566
58.9627773836993
58.9777806349420
58.9927838861846
59.0077871374273
59.0227903886700
59.0377936399127
59.0527968911553
59.0678001423980
59.0828033936407
59.0978066448833
59.1128098961260
59.1278131473687
59.1428163986113
59.1578196498540
59.1728229010967
59.1878261523394
59.2028294035820
59.2178326548247
59.2328359060674
59.2478391573101
59.2628424085527
59.2778456597954
59.2928489110381
59.3078521622807
59.3228554135234
59.3378586647661
59.3528619160088
59.3678651672514
59.3828684184941
59.3978716697368
59.4128749209794
59.4278781722221
59.4428814234648
59.4578846747075
59.4728879259501
59.4878911771928
59.5028944284355
59.5178976796781
59.5329009309208
59.5479041821635
59.5629074334062
59.5779106846488
59.5929139358915
59.6079171871342
59.6229204383768
59.6379236896195
59.6529269408622
59.6679301921049
59.6829334433475
59.6979366945902
59.7129399458329
59.7279431970755
59.7429464483182
59.7579496995609
59.7729529508036
59.7879562020462
59.8029594532889
59.8179627045316
59.8329659557742
59.8479692070169
59.8629724582596
59.8779757095023
59.8929789607449
59.9079822119876
59.9229854632303
59.9379887144729
59.9529919657156
59.9679952169583
59.9829984682010
59.9980017194436
60.0130049706863
60.0280082219290
60.0430114731716
60.0580147244143
60.0730179756570
60.0880212268997
60.1030244781423
60.1180277293850
60.1330309806277
60.1480342318704
60.1630374831130
60.1780407343557
60.1930439855984
60.2080472368410
60.2230504880837
60.2380537393264
60.2530569905691
60.2680602418117
60.2830634930544
60.2980667442971
60.3130699955397
60.3280732467824
60.3430764980251
60.3580797492678
60.3730830005104
60.3880862517531
60.4030895029958
60.4180927542384
60.4330960054811
60.4480992567238
60.4631025079665
60.4781057592091
60.4931090104518
60.5081122616945
60.5231155129371
60.5381187641798
60.5531220154225
60.5681252666652
60.5831285179078
60.5981317691505
60.6131350203932
60.6281382716358
60.6431415228785
60.6581447741212
60.6731480253638
60.6881512766065
60.7031545278492
60.7181577790919
60.7331610303345
60.7481642815772
60.7631675328199
60.7781707840626
60.7931740353052
60.8081772865479
60.8231805377906
60.8381837890332
60.8531870402759
60.8681902915186
60.8831935427613
60.8981967940039
60.9132000452466
60.9282032964893
60.9432065477320
60.9582097989746
60.9732130502173
60.9882163014600
61.0032195527026
61.0182228039453
61.0332260551880
61.0482293064306
61.0632325576733
61.0782358089160
61.0932390601587
61.1082423114013
61.1232455626440
61.1382488138867
61.1532520651293
61.1682553163720
61.1832585676147
61.1982618188574
61.2132650701000
61.2282683213427
61.2432715725854
61.2582748238280
61.2732780750707
61.2882813263134
61.3032845775561
61.3182878287987
61.3332910800414
61.3482943312841
61.3632975825267
61.3783008337694
61.3933040850121
61.4083073362548
61.4233105874974
61.4383138387401
61.4533170899828
61.4683203412254
61.4833235924681
61.4983268437108
61.5133300949535
61.5283333461961
61.5433365974388
61.5583398486815
61.5733430999242
61.5883463511668
61.6033496024095
61.6183528536522
61.6333561048948
61.6483593561375
61.6633626073802
61.6783658586229
61.6933691098655
61.7083723611082
61.7233756123509
61.7383788635935
61.7533821148362
61.7683853660789
61.7833886173216
61.7983918685642
61.8133951198069
61.8283983710496
61.8434016222922
61.8584048735349
61.8734081247776
61.8884113760202
61.9034146272629
61.9184178785056
61.9334211297483
61.9484243809909
61.9634276322336
61.9784308834763
61.9934341347189
62.0084373859616
62.0234406372043
62.0384438884470
62.0534471396896
62.0684503909323
62.0834536421750
62.0984568934177
62.1134601446603
62.1284633959030
62.1434666471457
62.1584698983883
62.1734731496310
62.1884764008737
62.2034796521164
62.2184829033590
62.2334861546017
62.2484894058444
62.2634926570870
62.2784959083297
62.2934991595724
62.3085024108151
62.3235056620577
62.3385089133004
62.3535121645431
62.3685154157857
62.3835186670284
62.3985219182711
62.4135251695138
62.4285284207564
62.4435316719991
62.4585349232418
62.4735381744844
62.4885414257271
62.5035446769698
62.5185479282125
62.5335511794551
62.5485544306978
62.5635576819405
62.5785609331831
62.5935641844258
62.6085674356685
62.6235706869112
62.6385739381538
62.6535771893965
62.6685804406392
62.6835836918818
62.6985869431245
62.7135901943672
62.7285934456099
62.7435966968525
62.7585999480952
62.7736031993379
62.7886064505805
62.8036097018232
62.8186129530659
62.8336162043086
62.8486194555512
62.8636227067939
62.8786259580366
62.8936292092793
62.9086324605219
62.9236357117646
62.9386389630073
62.9536422142499
62.9686454654926
62.9836487167353
62.9986519679780
63.0136552192206
63.0286584704633
63.0436617217060
63.0586649729486
63.0736682241913
63.0886714754340
63.1036747266766
63.1186779779193
63.1336812291620
63.1486844804047
63.1636877316473
63.1786909828900
63.1936942341327
63.2086974853753
63.2237007366180
63.2387039878607
63.2537072391034
63.2687104903460
63.2837137415887
63.2987169928314
63.3137202440740
63.3287234953167
63.3437267465594
63.3587299978021
63.3737332490447
63.3887365002874
63.4037397515301
63.4187430027727
63.4337462540154
63.4487495052581
63.4637527565008
63.4787560077434
63.4937592589861
63.5087625102288
63.5237657614715
63.5387690127141
63.5537722639568
63.5687755151995
63.5837787664421
63.5987820176848
63.6137852689275
63.6287885201702
63.6437917714128
63.6587950226555
63.6737982738982
63.6888015251408
63.7038047763835
63.7188080276262
63.7338112788689
63.7488145301115
63.7638177813542
63.7788210325969
63.7938242838395
63.8088275350822
63.8238307863249
63.8388340375676
63.8538372888102
63.8688405400529
63.8838437912956
63.8988470425382
63.9138502937809
63.9288535450236
63.9438567962663
63.9588600475089
63.9738632987516
63.9888665499943
64.0038698012370
64.0188730524796
64.0338763037223
64.0488795549650
64.0638828062076
64.0788860574503
64.0938893086930
64.1088925599356
64.1238958111783
64.1388990624210
64.1539023136637
64.1689055649063
64.1839088161490
64.1989120673917
64.2139153186343
64.2289185698770
64.2439218211197
64.2589250723624
64.2739283236050
64.2889315748477
64.3039348260904
64.3189380773330
64.3339413285757
64.3489445798184
64.3639478310611
64.3789510823037
64.3939543335464
64.4089575847891
64.4239608360318
64.4389640872744
64.4539673385171
64.4689705897598
64.4839738410024
64.4989770922451
64.5139803434878
64.5289835947305
64.5439868459731
64.5589900972158
64.5739933484585
64.5889965997011
64.6039998509438
64.6190031021865
64.6340063534291
64.6490096046718
64.6640128559145
64.6790161071572
64.6940193583998
64.7090226096425
64.7240258608852
64.7390291121278
64.7540323633705
64.7690356146132
64.7840388658559
64.7990421170985
64.8140453683412
64.8290486195839
64.8440518708266
64.8590551220692
64.8740583733119
64.8890616245546
64.9040648757972
64.9190681270399
64.9340713782826
64.9490746295253
64.9640778807679
64.9790811320106
64.9940843832533
65.0090876344959
65.0240908857386
65.0390941369813
65.0540973882240
65.0691006394666
65.0841038907093
65.0991071419520
65.1141103931946
65.1291136444373
65.1441168956800
65.1591201469227
65.1741233981653
65.1891266494080
65.2041299006507
65.2191331518934
65.2341364031360
65.2491396543787
65.2641429056214
65.2791461568640
65.2941494081067
65.3091526593494
65.3241559105920
65.3391591618347
65.3541624130774
65.3691656643201
65.3841689155627
65.3991721668054
65.4141754180481
65.4291786692907
65.4441819205334
65.4591851717761
65.4741884230188
65.4891916742614
65.5041949255041
65.5191981767468
65.5342014279894
65.5492046792321
65.5642079304748
65.5792111817175
65.5942144329601
65.6092176842028
65.6242209354455
65.6392241866882
65.6542274379308
65.6692306891735
65.6842339404162
65.6992371916588
65.7142404429015
65.7292436941442
65.7442469453869
65.7592501966295
65.7742534478722
65.7892566991149
65.8042599503575
65.8192632016002
65.8342664528429
65.8492697040855
65.8642729553282
65.8792762065709
65.8942794578136
65.9092827090562
65.9242859602989
65.9392892115416
65.9542924627842
65.9692957140269
65.9842989652696
65.9993022165123
66.0143054677549
66.0293087189976
66.0443119702403
66.0593152214830
66.0743184727256
66.0893217239683
66.1043249752110
66.1193282264536
66.1343314776963
66.1493347289390
66.1643379801816
66.1793412314243
66.1943444826670
66.2093477339097
66.2243509851523
66.2393542363950
66.2543574876377
66.2693607388804
66.2843639901230
66.2993672413657
66.3143704926084
66.3293737438510
66.3443769950937
66.3593802463364
66.3743834975791
66.3893867488217
66.4043900000644
66.4193932513071
66.4343965025498
66.4493997537924
66.4644030050351
66.4794062562778
66.4944095075204
66.5094127587631
66.5244160100058
66.5394192612484
66.5544225124911
66.5694257637338
66.5844290149765
66.5994322662191
66.6144355174618
66.6294387687045
66.6444420199471
66.6594452711898
66.6744485224325
66.6894517736752
66.7044550249178
66.7194582761605
66.7344615274032
66.7494647786458
66.7644680298885
66.7794712811312
66.7944745323738
66.8094777836165
66.8244810348592
66.8394842861019
66.8544875373445
66.8694907885872
66.8844940398299
66.8994972910726
66.9145005423152
66.9295037935579
66.9445070448006
66.9595102960432
66.9745135472859
66.9895167985286
67.0045200497713
67.0195233010139
67.0345265522566
67.0495298034993
67.0645330547419
67.0795363059846
67.0945395572273
67.1095428084700
67.1245460597126
67.1395493109553
67.1545525621980
67.1695558134406
67.1845590646833
67.1995623159260
67.2145655671687
67.2295688184113
67.2445720696540
67.2595753208967
67.2745785721394
67.2895818233820
67.3045850746247
67.3195883258674
67.3345915771100
67.3495948283527
67.3645980795954
67.3796013308380
67.3946045820807
67.4096078333234
67.4246110845661
67.4396143358087
67.4546175870514
67.4696208382941
67.4846240895367
67.4996273407794
67.5146305920221
67.5296338432648
67.5446370945074
67.5596403457501
67.5746435969928
67.5896468482355
67.6046500994781
67.6196533507208
67.6346566019635
67.6496598532061
67.6646631044488
67.6796663556915
67.6946696069342
67.7096728581768
67.7246761094195
67.7396793606622
67.7546826119048
67.7696858631475
67.7846891143902
67.7996923656329
67.8146956168755
67.8296988681182
67.8447021193609
67.8597053706035
67.8747086218462
67.8897118730889
67.9047151243316
67.9197183755742
67.9347216268169
67.9497248780596
67.9647281293022
67.9797313805449
67.9947346317876
68.0097378830303
68.0247411342729
68.0397443855156
68.0547476367583
68.0697508880009
68.0847541392436
68.0997573904863
68.1147606417290
68.1297638929716
68.1447671442143
68.1597703954570
68.1747736466996
68.1897768979423
68.2047801491850
68.2197834004277
68.2347866516703
68.2497899029130
68.2647931541557
68.2797964053983
68.2947996566410
68.3098029078837
68.3248061591264
68.3398094103690
68.3548126616117
68.3698159128544
68.3848191640970
68.3998224153397
68.4148256665824
68.4298289178251
68.4448321690677
68.4598354203104
68.4748386715531
68.4898419227958
68.5048451740384
68.5198484252811
68.5348516765238
68.5498549277664
68.5648581790091
68.5798614302518
68.5948646814944
68.6098679327371
68.6248711839798
68.6398744352225
68.6548776864651
68.6698809377078
68.6848841889505
68.6998874401931
68.7148906914358
68.7298939426785
68.7448971939212
68.7599004451638
68.7749036964065
68.7899069476492
68.8049101988919
68.8199134501345
68.8349167013772
68.8499199526199
68.8649232038625
68.8799264551052
68.8949297063479
68.9099329575905
68.9249362088332
68.9399394600759
68.9549427113186
68.9699459625612
68.9849492138039
68.9999524650466
69.0149557162893
69.0299589675319
69.0449622187746
69.0599654700173