-149.536734487287
-152.570930581411
-151.297293434026
-143.589932013983
-129.142772246840
-110.698361811916
-89.4237355525562
-66.6720044498339
-44.3144500023249
-22.9357335053990
-4.88811007828002
6.16806377451722
9.98870116949797
8.73956226389185
4.31854361672231
0.603229615165028
-0.811595473665998
-1.68796731715193
-0.346012041763569
5.73192982019025
16.4653806508136
31.6191141431694
49.7274162801870
66.9497757812297
82.7747135908434
99.6349579400756
117.245551415234
135.449329875463
154.288404246039
171.903694323811
188.185991033085
204.226305229469
218.940652811720
230.470036566828
237.332878009062
237.147737102736
229.449243383089
216.180503974814
198.150026552636
176.664946730430
152.860031006448
126.317083149634
98.3999502165315
71.4266871415594
46.1478304509746
22.9942094018360
2.36179273098302
-16.3205318293722
-31.8414004827192
-41.0935199394628
-42.2259502381061
-33.1843497906582
-13.6964853580647
13.3435436001588
46.0008626168444
81.7026714088179
117.607404203372
152.263392877380
181.824405718828
200.864200505476
208.580867835343
207.634729557198
200.435157943919
192.219355430081
184.752199386418
174.792761357175
164.116805387489
155.653759882111
149.240284676165
145.301043376561
142.394206526267
136.025520468356
126.454855410076
117.780116034260
111.018294086912
107.858134748487
108.676095156659
109.862190224650
110.390243429561
109.956467581543
106.378909100222
98.1654151761073
82.5540861043314
55.0664748081576
15.8965602614417
-30.6374223761035
-81.1106627772665
-129.718809685624
-172.818384729496
-210.911302872349
-239.780815841106
-253.558955440506
-252.086663407012
-237.901440617197
-214.736193248412
-190.684402089244
-168.648926025818
-145.675366904736
-125.068095458061
-111.145730884032
-103.891896587095
-103.220432512196
-106.374692885561
-106.170244721739
-101.702914418909
-97.4458117895193
-92.8264331939185
-87.5425696265863
-82.2825298422229
-74.9223015204438
-66.6685302613862
-61.4321282960867
-58.7644965526161
-56.1826184056573
-52.7972618939278
-46.4091047366944
-36.7667979692039
-26.9200638079282
-17.6251449823189
-9.38773428107138
-3.62355058178959
-0.512198486443717
-1.59546960400003
-9.66174775370722
-24.8765816080077
-45.7179564278655
-71.0614765165470
-98.4486829565418
-126.881670558875
-157.620103485048
-189.636636291774
-221.327550095074
-252.140717212018
-280.880531244151
-307.076576835667
-331.328431781821
-352.280029052791
-367.149309531571
-374.030667323386
-370.514679476028
-356.120832729238
-333.310785611188
-303.527636997910
-268.866835892107
-231.467483526535
-191.938428507610
-153.157945712250
-119.382023943482
-91.2299043617525
-66.9348119820067
-44.8473138473898
-21.0691097062109
5.32298647748067
31.2421807545161
57.3947291392345
85.1708736660822
113.953585097398
144.007835360401
173.949150463322
200.166655514743
222.443666539548
242.990598289564
262.041648725999
280.442865739034
298.401536861439
313.844556708365
326.556689639939
337.069305879406
344.654416865327
348.928597723472
349.164842285509
343.802521141627
332.658665501479
316.643639185491
296.098194212471
271.814361793069
244.172514082492
212.521178836560
177.205284502166
138.925489433215
98.4544369814446
57.4635343502517
17.4549398813986
-20.0803040749826
-53.0172242101367
-79.0342136771745
-95.3740495340625
-98.6838711814706
-88.7042328095340
-68.4333749652595
-40.5697641073283
-9.67326761434182
21.0428854387734
51.1626505069605
76.4783299617369
91.2144693764368
94.9232738771874
90.3426810802887
80.8160868359131
73.5042378371695
70.7893440154566
69.1563799069560
71.0792809768408
80.0916631341196
95.5790973637028
117.032524914663
141.360644204322
161.264373492398
175.334818469980
187.087977278128
195.412000645784
199.525842312436
199.919458088939
194.925862139624
186.058200814941
177.638552132321
169.981487693958
161.407102938425
152.284137919335
142.143409837397
130.360231864267
117.492969852254
102.050220109373
81.0594108280046
53.5568333380034
19.4137701315943
-22.6333561329355
-73.5126279487078
-132.254814798574
-196.466743745774
-262.657820830621
-325.329977135061
-380.753575114977
-427.190242049429
-459.888182262122
-473.199798286438
-466.692551234844
-443.713132979449
-408.515989068312
-369.379481074299
-330.318873081769
-289.823664048713
-252.930125882905
-226.368406626292
-210.537855439527
-203.635477826907
-201.736687401949
-195.505664171871
-183.008614770114
-169.904835440676
-154.556212523533
-134.854201122804
-111.731375911995
-83.7388791348351
-53.4211098332088
-27.7030816302666
-6.86183480624850
13.0765287235285
32.4341746812106
52.8288062390817
74.8906485688459
95.3822341264657
114.638064756969
134.641848181322
154.684626300858
174.208065868352
192.546899313998
207.619864111702
218.746406643598
226.418982679032
229.799447151538
227.965050606595
219.994403507181
204.065660024805
178.759639134489
142.853868088929
96.9110886387616
44.0148918554949
-12.7298144512076
-68.9377353382886
-120.809155235170
-166.188060744652
-200.146017128357
-216.392614299478
-214.242467529800
-197.361708440665
-169.690323273133
-139.014945334181
-108.989777369391
-77.4208847372428
-48.7458819455860
-29.1985274836200
-18.9399476370142
-16.4089669282110
-17.9394251741008
-14.6811569938309
-4.99472607101182
5.56721899654055
18.1986427950142
34.3269919230538
52.7932484407897
74.9291049264501
98.1311483100776
115.745568983314
127.081826550649
134.981248963408
139.080583564554
140.211771035763
138.970039588266
133.356950129327
124.556171519071
115.672179633077
107.186677142057
99.1319891003314
92.4156882404085
87.1558686338387
83.1287885846031
80.0431481825009
76.3614691332349
69.3929379058214
57.8201082299809
41.3452836796325
18.2110761515011
-13.5266737714229
-53.2428933558291
-98.4304680183503
-145.831983142385
-189.994942182655
-227.705253456327
-258.519306716338
-278.537558754414
-282.964923830099
-271.638963518611
-247.042870301690
-212.873041878622
-176.611675518916
-141.473193433743
-105.733968915143
-73.3197747319700
-49.3061467457756
-33.8729268547534
-25.9418991363073
-22.2721796713493
-15.1074520555518
-2.86025568990877
10.1081345884487
25.2241887236845
44.1412983805442
66.1331717937883
92.3343085175462
120.583446043631
145.159293045082
165.691670227530
185.236220149279
203.818651771861
222.447397601817
241.288920103231
257.305789173939
270.297339325832
281.343638604370
289.212704686497
292.664692637076
290.296635148329
279.440796639096
259.869382311349
233.757380122537
202.161999694753
166.912268120117
129.396716831026
89.2214482066774
48.0053744875906
8.30967953181633
-29.1108126320095
-63.9212613900970
-95.9657772232387
-126.297736331577
-154.033398706609
-176.253478646101
-191.620031552723
-198.714737335885
-197.064520241842
-188.621286037341
-174.325523849332
-155.169403863518
-132.975954900933
-109.034940752378
-85.9796154991081
-67.6899120224110
-54.8631069822129
-45.5563289060554
-38.3847437747031
-30.2593671954284
-20.2833737075861
-11.0549527335687
-1.84363223496004
8.89708109413194
20.8460670072086
34.3707767220200
48.6151904681134
60.8591706959907
71.3809601135480
82.7202936005376
95.7457550899083
111.920540653457
131.106576754708
149.989295241386
166.881742978720
180.051285448001
187.074185376119
186.730555536276
176.104423878399
150.927746718896
111.537876374719
62.0291269270034
6.26349209492883
-49.1181752417459
-99.9760823993588
-146.272861672072
-182.986619725898
-203.445328811619
-207.106470065865
-196.536598631214
-175.589901704363
-152.859170666818
-131.195914752206
-106.883532741620
-83.1652342652280
-64.4352864089704
-50.6880986023166
-42.3395836607445
-36.8682262438279
-27.1308212254936
-12.9182728731692
0.237887947621532
11.8185970831338
20.6613490673542
25.7454698818509
30.2037487963463
33.4187707816476
32.5575674631911
28.6736124132546
23.6678912589018
19.1236386904216
18.4431380074320
22.1253453756814
27.3328667449787
33.2878341391505
38.7376537363717
42.8038277585095
47.0582404004152
50.8835277405949
52.6086287318371
51.9316600876834
48.0935086606809
40.6258338037496
29.9733120501649
14.9334047878860
-7.00605058737405
-37.6615941750224
-79.3214997187636
-131.624011491368
-190.585980475147
-253.049072474280
-314.597343796989
-371.259779604440
-421.303012040478
-459.713965778233
-479.760620878165
-480.782653297628
-466.497943799034
-440.853770146705
-411.863022070851
-383.059483755907
-351.772453071326
-322.184185458221
-300.214384541952
-285.616230257923
-276.534409792944
-268.783938902672
-252.812000224845
-226.348277037530
-194.249051074924
-154.504321134103
-104.832026327021
-46.5896482979136
20.2065732943715
91.5537028953929
158.660031787037
219.112985107065
274.904579079006
323.396983929828
362.504870846209
392.134245998278
411.119939308103
421.614996009406
429.239399158943
435.038925290118
437.062305132435
436.810802837946
435.511099993658
432.765071438828
428.720118869460
421.269459765682
405.741544826708
381.283062857893
349.898918814442
310.869777899658
263.828073929114
210.262135906963
151.631765119605
91.5642721330966
36.2790992773575
-10.8612036192554
-48.5768699320286
-72.7314937809943
-78.9597224113429
-67.1233615130365
-39.9078731927909
-1.52481531074316
40.0087674494708
80.4831579024075
120.144382419324
153.424214438130
173.232761489351
179.071255873750
173.674499154002
161.579282287327
152.770226338421
150.104949464510
148.561075944720
151.041867934968
161.448174429733
178.771598306448
202.748722097759
229.264451527128
248.700477361035
259.222490484873
265.111249674858
264.892094139327
257.734910137250
244.085167619960
221.417380121379
191.398605688204
159.171916470246
124.881459050304
86.3703820735302
43.8860283488207
-3.45110549084782
-55.3973139400287
-108.935847631115
-163.489875973123
-219.416898181742
-274.902774603719
-327.899503157133
-376.142953220585
-416.145484153211
-446.858048291064
-469.752317279378
-485.141638949948
-494.125630868341
-497.248439461749
-493.077709340585
-482.350735621786
-466.798220432171
-446.648631515253
-422.195059886214
-393.549168832242
-359.828421483518
-322.215065037984
-283.865025274264
-246.851805199445
-213.713013448175
-185.462562764074
-160.284633623827
-137.613929129110
-116.590581562521
-96.3201873866686
-77.5179951488530
-58.9966103817148
-38.4154152533657
-15.6812626995450
8.34656826359159
32.8602691982120
55.7059061937709
76.9350678797379
99.2148128434375
123.233259884783
149.691854808843
178.341929961977
206.104243463974
231.163190261004
251.786347610845
265.254685581714
269.505133319971
261.050587266526
235.036625587106
191.809878241423
136.456354400574
73.6305048607782
11.0686243681748
-46.1499239327800
-97.6966765271450
-137.382793422378
-156.929116646131
-155.788094625833
-137.643737205702
-107.575630097860
-76.5019782030704
-48.4057578643899
-19.0853373193960
6.89101037012360
23.3525931227127
30.3976209564205
28.4037237566007
21.3262929402489
19.3375802511982
23.6948062505809
27.8720636922014
32.5084864038460
37.8479708999574
42.8568263222580
50.7059417158107
59.7790782726744
64.6848514456750
66.0783541634011
67.2395100200211
69.3930691399417
75.6714725046013
86.4755792628927
97.7520053980709
108.614093180935
118.508620815972
125.738347114622
130.379228181348
130.677847427294
123.255078057352
107.988572509227
86.6865203614747
60.6881888853715
32.9814018366555
4.73808668785290
-25.5881005091917
-56.8185995020363
-87.1301329289905
-116.008296097941
-142.230282064941
-165.485415883968
-186.801637347086
-204.907267037647
-216.857938230456
-220.847689262427
-214.545460823320
-197.675906604514
-173.228025988288
-143.023857402746
-109.524946121259
-75.4354052074877
-41.9479672693271
-12.6606534125172
7.26668958588116
17.3649272580607
20.6456180283633
19.9239532268243
20.9027886836930
25.9132943166773
32.4044547288538
42.8919711451493
61.1307834272294
86.6072428387954
118.074277080403
152.443723077773
182.812401084680
207.398985768992
229.179519602619
246.519955156263
257.730405153091
262.788081646940
259.963807312638
250.262495301518
237.454176753585
221.221441522069
198.829855371920
169.783768639910
132.810011855455
88.4355456884453
40.7770797456222
-8.04068300424798
-56.0240373186424
-99.6075396878607
-135.795236516734
-159.998383903175
-165.877205035355
-152.846437641533
-125.614736489628
-88.0704534629742
-47.2880672342675
-7.53193833716426
32.1997724953113
66.6009950842526
88.0788888957211
96.0925887477837
93.1833050341008
83.2561798526321
75.5483802768490
72.1700894262413
67.3067418571469
62.7566842031914
61.1051599496638
61.5281072220946
65.4759756125580
70.5529832884188
69.8789302875002
63.4138541908849
55.6447081187016
47.2547242530596
40.2385544546339
35.2104948474071
28.3188389329918
19.3764755930238
9.62648513563066
-2.30808721650785
-17.2973530735956
-36.8825594175852
-64.3219285915137
-99.2416319224570
-138.031724770580
-178.286073275899
-216.154585683750
-248.848506870844
-276.338595427351
-295.453675575216
-301.744489397344
-294.986385809921
-277.192303275245
-250.989776651865
-222.045781327353
-192.640822979085
-160.993251700702
-129.852230529680
-102.900101054350
-80.4055392716007
-62.2312575298694
-46.5714822208854
-28.4026238380886
-7.36681108164449
12.6339542338083
31.5711336344221
49.2849115933229
65.1271636235006
80.9875104448633
96.2629233639349
108.520292552535
118.525314041626
128.316881429342
139.207333612220
153.743198083115
171.850555217068
190.005281319238
206.376615819780
218.547337603526
224.200573037068
223.127090893187
212.720245559038
189.030801910811
152.486142585891
106.403804164445
54.2980565915762
2.54617606204882
-45.3147049232314
-89.6701558558096
-126.294004830565
-149.708410564561
-159.466268461097
-157.288454906620
-146.355456522070
-133.991294378527
-122.415215895971
-108.362031237804
-94.3757063430332
-83.8052629624238
-76.5650483615546
-73.1542029019383
-71.4761654832781
-65.6259711364819
-55.4758504466155
-45.5391586383874
-36.3082829372485
-28.9011887802758
-24.1575164073987
-19.4055705393453
-15.1028574222132
-13.4610537180268
-13.5954355441708
-14.0776669780527
-13.6169580978251
-9.40659364037613
-1.24251470831198
8.21100663996431
17.9103938024945
26.2440711650422
32.0306739438393
36.2481520748092
37.8250421412019
34.7390474026066
26.9334167252724
14.7445608206734
-1.16215010585735
-18.7618751671924
-37.8149269780248
-59.8721028826531
-84.8371372995990
-112.580037950575
-142.597868778583
-172.680859237100
-201.494116857517
-227.973330843674
-249.954888810115
-265.187743988264
-270.870027597758
-263.301806553453
-242.223415098370
-210.874737899553
-171.956957610172
-130.074277383731
-88.3819185989501
-46.9599811666662
-9.83168237261696
17.3852510685513
34.1772559670472
42.7939418314260
46.1614062174168
50.8986328627237
58.8900398988712
66.3743200905946
75.2042618601079
88.0898927661075
104.602992664872
125.265298788616
148.066274359983
167.473270255950
183.238944354324
199.107301737836
215.389097437769
233.120739551054
252.651834177811
270.872073462102
287.509080245159
303.615634928800
317.763717884209
328.472146856634
333.970364926391
331.049687323405
319.278451263734
300.949016320585
277.108045042628
249.722752615339
219.994217007160
186.827483452934
151.495592506874
116.248466092494
81.7976795362268
49.0813124136409
18.6595553471758
-10.0416045925594
-35.5064132591248
-54.3741877182432
-64.4278302160370
-63.0229055549468
-49.7919357397498
-27.9765404900373
0.280079889653572
31.9732298989938
64.0527423113189
95.3087849307960
121.666865209659
137.313990425902
141.413643986559
136.606182584126
125.399149649579
113.415968540640
102.361411013363
88.5263567316254
73.5470615660273
60.1740670365649
47.9764364873139
37.2916825463053
26.3343536575638
10.0575942680402
-11.5843462452490
-34.7207029807521
-58.6887045304215
-82.1016286881271
-103.864927476295
-125.815185892352
-147.004615327883
-164.961447247676
-179.447986542644
-190.249983784442
-197.004557318851
-200.394752433325
-200.780370032281
-198.316924930723
-194.290609160625
-190.616323378351
-188.895811675797
-190.868041954193
-198.956330095489
-215.876239485583
-241.491934160145
-272.721032894690
-306.402523621866
-337.378052533123
-362.321537591197
-380.965223603258
-389.199711831394
-381.574537929596
-358.047771537820
-321.742831681265
-276.771578731628
-231.359331493427
-188.926705573692
-147.127222241339
-109.879058737832
-82.3164418912543
-64.3955804680423
-55.0827665086301
-50.8053847332969
-43.0929586697209
-30.0297088708629
-15.7705454602684
1.56212639366419
24.0195182518599
50.8312946737059
82.7118732986777
116.897297656225
146.640853422475
170.894481829198
192.479222099368
210.495719364002
224.785946640193
235.737597290372
241.610173136462
243.669827716510
245.480367133105
247.255741534944
247.773548311167
247.351905500180
245.516740076311
241.789170248835
236.648576538188
228.866004821403
216.033611558508
197.379778958398
172.811039425439
141.319213195426
102.174319455722
56.1726059060793
5.25079490769030
-47.7492024631859
-98.3531292236266
-143.539270096847
-181.908308385022
-209.620665377887
-222.123042936257
-219.092630970659
-203.272228179775
-178.158582101365
-150.524260108639
-123.690792119024
-96.5115441576293
-73.1616857635008
-59.2015287366464
-54.8077800110699
-58.0969300394563
-65.4571466789033
-68.7187586243465
-65.7939986588596
-60.9413165428749
-52.1739419418943
-36.9683809204650
-16.1039528389366
10.8614216077086
41.0836397811236
67.5883347392735
89.3115577479717
109.432083475633
127.150355318634
142.380425850870
155.440754072981
164.116475385989
169.337670263761
174.306861218811
178.830500445872
181.458682865244
182.033666008009
179.436625565600
173.194574740406
164.318559520223
152.119297675269
135.152676257788
113.234216499238
86.2716305976196
53.9969448908850
16.6640150479197
-24.8180292096505
-68.8301441985077
-113.029499062206
-154.116320018620
-189.377557079329
-216.740555829550
-232.684865934273
-233.115313956807
-217.775320009962
-189.810142198167
-152.677800878162
-112.596003789450
-73.2510275740367
-34.4887522477926
-1.06578583205989
20.6376325947128
30.0917933393170
29.7090325466317
23.1121450752201
18.4674284182149
18.0089366724847
17.2240039610436
18.2992660316308
24.3025477098410
34.8129283476744
50.8061489160779
70.0863584909226
86.3085459705348
99.4454097083664
114.087869727530
130.913160949174
151.576726577744
176.214686415562
200.206360244903
222.292884287923
242.335054730228
257.523063962410
265.517328766787
262.810173145413
243.837371833936
208.400959822856
161.263586114191
105.885539693090
48.2804811098667
-7.70186154651933
-62.8387965588059
-112.571729972983
-150.326151318364
-175.321352837212
-189.105698524900
-194.330166832605
-197.979228996694
-201.300808012216
-199.250423255553
-192.855136464247
-183.747422251734
-171.540886453487
-158.406031810372
-143.519934057342
-122.986738102943
-98.2096970838650
-73.7784655989314
-52.1629524419271
-37.3469289255290
-30.4167589727441
-27.4580691813065
-27.4631799813464
-29.3638872263740
-31.3800480981604
-34.1140274486455
-35.4859125714120
-31.4806747007039
-21.9157830062415
-8.57876578529789
7.07305811284153
21.4682332367811
33.9771928832164
47.8064605379975
62.8602351573141
78.6630418767630
95.1915152522711
110.121302308120
122.775802087678
133.676660436649
141.027890457395
142.283480481926
134.986332677991
115.519029577757
83.8211435839150
43.8900965040264
-1.43792116096482
-47.7590616243146
-91.6769990406112
-132.876101988957
-167.218165655868
-188.833582557138
-197.123104624928
-194.437392462765
-183.656281979604
-171.339893589692
-159.540289461312
-144.782368253381
-129.249311220272
-116.127361703032
-105.208775861986
-96.9305445915203
-89.3753237570209
-77.0448872618373
-59.8611713138406
-42.0674357421557
-24.2237278650533
-7.53716094591283
7.09203258798656
22.0515828925809
36.7815313175853
49.1044607314180
59.5739211284204
69.0718920789552
78.3896304312915
89.6672761619057
103.110012238661
116.873573239521
130.524811045734
143.369739316129
154.969409405868
166.455111067308
177.681152076485
187.919137108066
196.780519532649
203.048757904801
205.711419303355
203.993784346853
196.398964488801
181.156869238867
156.272465588035
119.225481113724
70.3716178157447
13.1821230100810
-49.1827426270336
-111.861272034449
-171.133863759642
-225.817563643528
-271.225881991091
-301.181077526037
-314.913622915218
-315.146157358146
-305.159536364693
-292.085859454637
-278.553971748599
-261.437785969733
-243.789326189508
-229.988426761312
-219.995210291578
-213.603985189403
-208.300166549763
-197.338746534499
-180.260983376832
-162.158065705329
-143.263152698614
-124.215454406164
-105.992544014795
-86.0353255411839
-65.2204999027573
-46.7349068850049
-29.9518310254800
-13.1145128166535
4.81313839081949
26.4126398929275
52.0143669236181
79.0354369084172
106.898084826901
134.925986248690
162.334779853044
190.116273656998
217.718192678370
243.664619462307
267.534638276731
288.627898281200
306.279729574038
320.395676669781
329.804631816031
332.430719047724
326.610510025244
310.342353332319
283.558494424594
248.783083317418
207.996045125290
164.141804645947
119.707867635344
75.4537061966138
34.5724394434201
1.46759816114819
-22.9473510577867
-39.8746650023507
-50.6925057826469
-59.1371132879517
-65.8554595652999
-67.5856146181441
-64.8552606491790
-58.8257190528804
-49.2822270557966
-37.5231225668444
-23.2346370138575
-4.29143858354350
18.0718139483545
40.4561903984185
60.6979525062120
75.5941231885094
84.2218933035398
89.3413482594110
91.8010580262302
92.7608833777849
93.4685504478154
93.0464444722212
92.9293427278695
95.9548192138341
102.062782892980
109.929379444726
118.234497486370
123.903475322656
126.357654870412
128.013364275921
128.734811073437
128.209611500700
126.562714035322
122.243054848260
115.123892253089
106.167099842437
94.5218994588367
78.7497793270061
57.7105280501561
29.4994689624508
-5.76230501922707
-45.5218980974190
-88.1047431674876
-131.101868130795
-172.405645284085
-211.506746695883
-245.866136462828
-271.911666955743
-289.107121781788
-298.743248829386
-302.277508156033
-303.198171986483
-302.587007878649
-298.435612260646
-291.960059187600
-285.035706730028
-277.577200933960
-269.823519552911
-260.791448587701
-247.518143702904
-230.158917688856
-211.424937017912
-191.965748876790
-172.841514695990
-154.741972820230
-136.239591873851
-117.635713385967
-100.042009109413
-83.1637879541083
-66.7939256052154
-50.5020951993186
-33.0013122394849
-14.1512413058753
5.19691368662996
24.9312446312834
44.7322676534563
64.6805593610450
85.9129129921367
108.863735631755
133.789954274733
160.292822488583
186.528140211694
210.909706620508
231.513879761090
246.313030373639
253.886055006636
251.646819034873
236.252268879128
207.783858925660
169.324821030440
123.948218639439
76.9539456495088
31.6237319694296
-12.0201322441148
-49.9115973643740
-76.6303316211818
-91.5372786161114
-96.3304154626622
-93.7152414453017
-90.1072035102794
-87.1882049183058
-81.2887265029192
-74.1609581833730
-68.3118189812503
-63.4331844107038
-60.3076043272184
-57.2474326906510
-49.2663812301751
-36.5423156777983
-23.1014188348434
-9.82475313568388
1.57343817563258
10.1787820804346
18.5006150861333
26.2157440990021
31.7616727946365
35.7514716658057
38.5554743853317
40.9493369374172
45.0599244684597
51.1564264561716
57.9520357390971
65.2772520926248
72.5802522886809
79.9124938207298
88.9353872033734
100.154230448564
113.746257187677
129.342547011953
144.836099655617
158.501766977407
168.390923127492
172.191068509033
168.111443752179
153.152944374580
123.395084740154
79.2040895775325
24.8881927230651
-35.3617926262016
-94.6306724776008
-148.329389211520
-195.859985118883
-231.547211686615
-247.907248044889
-244.449067920316
-224.728722908964
-193.506036798201
-160.807692295054
-130.463005758099
-98.8538715277063
-70.4067437277215
-51.1045500261748
-40.8871216972345
-39.1064777732845
-41.9096814897043
-39.5965436872551
-30.7515025913044
-21.3689854446403
-10.5378934063225
2.43174528513471
16.6018192409529
34.6369719528952
54.7532847468184
71.3772698031634
84.8793267488226
98.5190229016820
113.172748837563
131.378911627785
153.152592190457
174.022810503109
192.603370671274
207.907693511094
217.487698423750
220.334702537694
213.675637162681
192.977012058673
158.407463888184
113.803340957580
62.3938811038145
9.93646764433806
-40.0412769601753
-87.9098649132553
-129.432643351886
-158.814471992331
-175.376384326996
-180.662242495953
-177.323809857639
-171.955133264809
-166.124279512829
-155.852882115176
-142.765175074847
-129.197524011099
-114.940238421004
-101.298994460547
-87.0027412705883
-67.5946689300539
-43.8375838267727
-20.1898154551031
1.70153703717485
19.1281773437872
31.1348887371876
41.0307901445978
49.2627182025314
55.6419695896648
61.5936678599690
67.3806177303634
74.7886396000591
87.3285793257143
104.844010663167
124.452482735333
144.066063690663
159.848660027457
169.977408107441
176.015062236952
176.245048081284
168.094435368334
151.771625236876
127.870634465693
98.1811190467438
66.9359094724291
35.3649614779763
1.99879105507092
-31.7695409715716
-64.4102878021719
-95.3815146459728
-123.144094858596
-147.631914953291
-170.342629282583
-190.145729002334
-204.196294350197
-210.960382334527
-208.327405342337
-195.968226624562
-176.582183385658
-151.543993789916
-122.560024026473
-91.9815947068045
-61.1064616550441
-33.1480838159104
-12.8006260828436
-0.739629257459198
5.47469204395715
7.83117585395225
10.6093847564243
15.3164054608757
19.2343031437492
23.8635863002384
31.7496484342124
42.6103671960101
56.4299942836294
71.6895182679680
84.2112365313237
93.8208721634401
103.689677364539
114.194750547240
126.162310774407
139.773967138720
152.231155464995
162.910794126281
172.097488746453
178.214204766905
179.830431966986
174.981827930463
160.433926491481
136.078088969242
104.777819610010
68.4967434013075
30.5902367558890
-6.73550850568824
-43.9395056199363
-78.4491853325698
-106.511191693051
-127.528321752261
-142.055064445225
-151.236679686743
-158.562022113392
-164.338130403081
-165.436275659386
-161.954007918235
-154.239900559408
-142.119688154862
-127.410741877144
-110.289626092560
-89.6344658527891
-66.9684777981098
-45.0599165260783
-26.2506092469492
-14.0177861902044
-9.03144452605753
-8.37901648853930
-10.6215345989636
-13.4179535705659
-15.0255174974871
-16.3047445579116
-15.2217820400802
-8.34959039203447
4.28759954917703
21.1756178064772
40.4559191601935
57.9225943959751
72.5205916587712
86.8198328155819
100.036898189652
111.066798468120
120.000532115295
125.538564066596
128.113348328585
129.940262484053
130.462863379304
127.558345334104
120.351522085987
107.267149286858
87.9613183064582
64.3932902709126
37.0914732009319
6.46664161438940
-26.4014367238270
-61.2071272357420
-96.6175600211975
-130.359098168157
-161.619808949417
-190.371427575304
-216.200494782054
-239.337581720587
-258.882168104197
-272.354000058398
-278.400406702506
-275.730400403088
-264.242728724168
-246.213922279246
-223.330616890525
-197.765423824021
-172.051736057342
-147.882692649469
-128.759997787949
-119.469272629647
-120.295152794313
-127.718623856418
-138.483855317142
-146.567653747073
-148.924212253641
-147.163069880393
-137.777528289439
-115.778724930884
-81.5201522658488
-37.3143364179593
12.8995758562909
60.7850507021360
103.573176912542
144.284767272662
180.028990895185
207.316228764596
226.307258770681
236.681220678379
241.095109546367
246.394336758953
253.705132079261
259.686991508336
265.463959773647
271.851440442835
277.988127899152
284.466658572232
288.887771020972
285.861514385345
274.232097025386
255.446343752607
228.296000005223
192.173736853920
148.226236083814
97.6602361713088
43.9829225456019
-6.64146639009524
-50.9106274997726
-87.6162628459483
-112.515315813122
-121.013624734995
-112.800496420574
-90.3710686350062
-57.6649290930474
-22.4216000949453
11.7534341255461
46.0763809222267
75.9335328942524
95.3621227869687
104.011553786840
103.537315270826
97.6325491485164
94.9201070228006
97.2726500402956
99.6617066021752
103.731588136431
111.569360043518
122.242966611635
136.722645439428
152.318967518652
162.167709878493
165.595692642057
166.040466975292
163.268868155704
158.092845410717
151.193010062376
140.335999930750
126.628786266495
113.236407481348
100.362923720382
87.6214996143514
75.4643351747026
63.3483103342020
50.9351718691691
38.4367193808659
24.6114729483814
7.29458118380350
-14.5664494005721
-41.5992350408717
-75.3023886607303
-117.152450837002
-166.520672775759
-220.919548428181
-277.267452325750
-330.664559711932
-377.884854498563
-417.958975515985
-446.883822486594
-459.712348855128
-456.036626703811
-438.342932879791
-410.005673448389
-377.929959305156
-345.061183828860
-309.492486823381
-274.821337549012
-245.865900747510
-222.959338658911
-205.561034210774
-191.139912851653
-173.040084957302
-150.520858419810
-128.437138369543
-106.496280482626
-84.4355440604140
-63.1847877541406
-40.9007898497054
-18.9353645177524
-1.35025381920355
12.1893818472156
24.1399716911060
35.3806594956861
48.1425692925751
63.1368751093279
78.2152334219041
93.6252774582871
110.196591883217
127.887587157269
147.801890665206
170.242255897531
194.628108029135
220.453103296054
246.362389396185
270.613671536472
291.120246054769
305.573956923468
311.700732299771
306.310244406297
285.514669251514
249.261278404253
201.298874778300
145.232166022459
87.1327655734107
30.8625444945928
-23.5694324747916
-71.3760583235953
-106.075864244273
-126.879489357383
-135.780519975333
-135.884894034670
-134.655384879460
-133.906424644459
-129.037454425854
-121.827577764624
-114.895026841649
-107.817404876895
-101.801792875407
-95.0760443227488
-82.1277529148436
-63.3823631134250
-43.4796864847128
-23.7089705676816
-6.47520471802727
7.03734949857481
19.7076526301177
31.1525911897615
39.7489051263476
46.0648705319179
50.0255770745310
52.2972345088704
55.0978617772856
58.7768498484044
62.4365031942969
66.3018133746533
70.2439294715984
74.9434515593001
82.7655992436950
95.1254880713007
113.350100341916
137.097666881839
163.122795561247
188.690241181475
210.175051229403
224.175020108161
228.929506823289
220.103140267683
191.931348938824
144.666493029725
83.3974096257385
13.4007294065382
-56.0243129121137
-119.527657395172
-177.635451093599
-223.873226831933
-249.664729239796
-254.471673610853
-241.469843322198
-215.890847742253
-189.419103281722
-165.713207483224
-139.593821132482
-115.090409779783
-97.5263831133299
-86.6287491026042
-82.9603111439070
-82.9082034650085
-76.7016165181746
-63.6466915065005
-50.3243038766771
-36.7945459669900
-23.9756380998629
-12.9808371677723
-0.0359176148585592
13.7608555751969
24.1546126412684
32.1582940299859
40.3247381648985
50.1862269968698
65.3827337741591
86.1412926715009
108.324457912739
130.520679101162
150.963962972509
167.672960711104
181.166808164249
189.429804703272
188.886452923638
179.326648692739
162.065301807643
138.428703359118
111.765212297443
83.0131941731726
50.1329586608624
14.0312881330771
-23.9119719723565
-63.0435945544762
-101.211212208073
-137.444135000254
-171.912677512130
-202.402045674223
-225.350370159175
-237.729471055280
-235.582494730235
-218.404457949697
-190.094659137133
-153.322292908533
-112.260747408816
-70.4292204070935
-28.4455124794761
9.09508232261124
35.5667117694011
50.2029029492174
55.8209796401601
55.4663665696223
56.0711287576379
59.5636887459946
61.4600302493593
63.5352895529164
68.6532108660393
76.3815123400167
87.6513857799759
100.694018094791
110.055004431376
116.013484154404
123.047503133220
132.259186960071
145.754006351990
163.716599816623
181.489222055406
197.488503988373
210.791481245533
218.475726867790
218.704459883943
207.889886053129
180.389605316702
136.389114729213
81.0840945854409
18.7581749257167
-43.2099734590731
-100.210052876530
-152.743974148586
-195.358119798558
-220.527931904801
-227.760878882318
-219.840601561363
-201.014308171446
-180.909273504850
-162.553145371782
-141.556572739711
-121.261459668171
-106.164684337516
-96.0533621029213
-91.4091324057454
-89.3063946266281
-81.7183528756145
-68.1704201260198
-54.2626121404725
-40.1961279535835
-26.9030320758561
-15.4716781785060
-2.91721171585549
9.67958621985539
18.6157836991741
24.5073003138837
29.1769153568162
33.6193410962101
40.5625698468768
50.4081911221664
60.5272780422335
70.5523124887043
80.1562123751394
88.7239034089599
97.3653940876669
105.759247420803
112.638197042706
117.719498734917
120.416452167500
120.092541919721
116.567136875556
108.766610998027
94.8818151615322
73.3590933358588
42.3069899613917
2.19037785746941
-43.5974220556509
-92.0749253389343
-138.940076344480
-180.587141148244
-215.466811478509
-239.041525050205
-245.357323262016
-234.065450847302
-208.905396243914
-174.000799474607
-137.351349661101
-102.843815749544
-68.7007496813319
-39.6306637403832
-22.0599632398530
-16.0846147977849
-19.6488469095040
-28.5908492243950
-33.3849106940267
-31.6354416891077
-28.2327312618957
-20.8973201142342
-6.81255804611952
12.9618645192687
38.6565953150026
66.6507909642292
88.4725669949268
102.419532523099
111.661043481605
114.618214454083
110.408191390764
99.6395024259277
81.0662347285635
57.0503688662461
33.2404365823783
10.9094801606967
-11.0262311129644
-30.8632463894243
-47.4703803440214
-60.8067342185237
-70.2479869579464
-77.3304902344512
-85.7803128592090
-96.2133813709171
-107.079222018376
-119.127433729150
-132.889225391212
-147.704328282064
-163.243343266046
-177.543216763998
-186.792034763542
-189.716776297372
-186.898940030297
-176.978086205402
-158.754536200964
-132.734156033686
-99.8994139533120
-62.6628550007879
-25.4827742304039
9.35257503432947
41.4211133011749
67.7520216744106
84.9652761126217
92.8346263574781
92.9333640818899
87.9065897574198
83.1811163265078
80.9170295362684
79.6144087343592
81.9101164618436
91.2181560858814
107.482305165817
129.867395255299
155.870335214498
179.701004971258
200.117592048578
220.180526428308
238.816644951570
254.870877901142
268.432875128637
277.754031918420
283.517185954128
288.706364325410
292.613147547163
292.449554017003
287.071237820185
274.393425499570
254.088551860291
229.023804006738
200.137082156654
168.262651589277
135.157802812232
101.522072409507
69.5464651664143
42.7686147733601
21.8674156583372
5.54214360140036
-7.00541976792672
-18.0322154071231
-27.9475235686545
-34.3364547378943
-37.4263814017867
-38.0308643535103
-36.0596109840624
-32.6065019011220
-27.7899270475205
-20.6302360708242
-12.3029260556063
-5.29088295386466
-1.49142015925521
-3.59569507429536
-12.2041221696389
-24.9878237222924
-40.8344634085852
-58.0085218246453
-75.1284948404183
-92.8195603420407
-109.450596034201
-122.244733806795
-130.920600521871
-136.142617996481
-138.764879622276
-141.294964994587
-143.795955138994
-143.574420593852
-140.253619280196
-133.531898699102
-123.335480649429
-111.801831719296
-99.7253851964670
-87.2840826446362
-76.2045938438860
-68.3577436820077
-66.1006343956618
-72.8912295486883
-88.9253811778389
-111.093544027818
-137.093141396470
-163.027640488879
-186.380321843214
-207.657950966055
-223.881479261245
-230.732771380141
-227.990928099312
-217.286957989184
-200.994402781243
-184.537078177801
-169.462227264985
-152.950429101680
-136.548632477577
-122.366995827116
-110.194473873129
-100.652859306452
-92.3120892958102
-81.0162961101828
-66.6776835722693
-52.2047286457494
-37.8815943256440
-24.5532701347455
-12.7418863826889
-0.572695526815118
11.6595352474867
22.5094359305023
32.5331856634027
42.5399193226444
53.2765687943229
66.4772437491320
82.2435695326733
98.9323581840009
115.921002586357
132.245735815919
147.156607416068
161.173323598373
173.588365934663
183.102416369902
189.366825832154
192.030438803749
190.880656442477
186.334316204726
177.794691792345
163.722216531839
143.248690665231
115.366208186368
80.5714319474590
41.6116040220002
0.771068043660082
-38.9455711059034
-74.5014570372600
-103.916197456428
-123.259874837245
-127.419522200684
-116.009370059289
-92.5761297391033
-60.6367078273655
-26.7701453108267
5.48594456591708
37.2725203686272
64.2310481727322
80.3121365606737
85.2122374944080
80.8826196504344
70.8032394461673
63.0801578940779
59.6420342039889
55.8382701944033
53.4129451923142
54.6780178864276
59.1336940501144
68.1936080869202
79.9614936903601
88.7341172149295
94.6331117520022
101.641357646794
110.478297235109
122.960901292625
139.140707758613
154.605255986802
168.003821964551
178.784942451803
184.229714086382
182.356320865534
169.828457137402
141.407301971573
97.3308490509146
42.7705186167111
-18.1050840389906
-78.3114988208549
-133.159855821346
-182.598777022310
-220.974039108268
-240.517065865997
-240.762508957996
-225.134426432015
-198.253036701010
-170.139008320264
-144.377950033440
-116.951848483248
-91.9193307305744
-74.7853806581117
-65.4525084015535
-63.7766382543075
-66.2930004794504
-63.9165925323171
-55.6570275336680
-47.4761456648252
-38.9715200445980
-30.1829662569282
-21.9315231965785
-10.9155852936646
1.83915198991301
12.1337054220114
21.0436481703957
31.6958267999051
45.7852014150953
66.8840623279293
94.9045485009054
124.724901644894
153.938847382575
179.576326351727
198.284237855327
209.321127460131
208.819444452017
190.900087143945
155.744953125556
107.717348410881
51.1304452200785
-5.94241620152781
-59.1860621262721
-109.731990542541
-152.441339795532
-180.420184291019
-193.144994910062
-192.459756586602
-182.119749054931
-171.135875158104
-161.751488340569
-149.140974730491
-135.639508845319
-124.316148807507
-114.824363698309
-108.536702843543
-103.322183484986
-92.7149520125758
-77.0121577715547
-61.3433588778427
-46.8314063000347
-35.7462309608189
-29.0706540733387
-23.1808514400747
-18.1098271487034
-15.3453160962028
-13.5699708170624
-11.8482880775260
-8.49206151928922
0.0661998689230984
13.9212093591028
30.0976746002132
47.0425213227228
61.9903004293127
73.4303181607678
82.8343904564837
88.8305581470652
89.0597951256764
83.5065641241622
72.3502091185000
56.5416092521526
38.9028821006542
19.7858483402108
-2.69202925619671
-28.2959254856784
-56.8295587757733
-87.8617340309768
-119.080251473875
-149.388866999626
-178.274795307477
-203.666153726278
-223.129800634401
-233.956826994750
-232.468325288928
-218.174909388527
-194.006348531101
-162.096022262015
-126.147351943819
-88.7349059643454
-49.6220771931022
-12.1023649708343
19.0188762735444
43.1643610734536
61.8132063366446
76.9423246497920
93.5253158603982
112.428422325192
129.730265093498
145.969342264911
162.174957607147
177.775068716685
194.041302504894
210.013963797024
222.403119349313
231.747136493032
240.848298143399
250.898788045641
264.142061628601
280.952230315426
298.331142661529
315.361717405137
331.230962969461
344.476935256931
355.116458425481
361.544187283554
360.882939708841
352.837909847960
338.559049928092
318.931836381425
296.238600674335
271.004024328628
241.338957211290
207.595963407402
170.516568796112
130.786730748186
90.8575658227020
52.2926352042680
16.1379931532055
-14.9459799206701
-37.7355058839866
-48.6836594477124
-43.2019351607955
-21.0434095815908
13.2900336595266
56.1099200626388
101.387002228377
144.711774528267
185.538226104149
218.230498152743
234.962568122458
235.126375509308
222.394934240251
201.203090378963
181.096197899658
165.311483160679
149.269741966393
136.388334189990
131.535510594141
134.523434123034
145.806991419663
162.499543594847
176.473201564043
187.356598519013
201.083900183740
218.056132233124
239.444887599149
265.673729006635
291.968698798743
317.689713383780
344.264323501536
369.000610606889
388.686922039579
399.763437995231
396.342301759487
376.975853284523
344.810309379385
300.802933470846
247.304339532132
185.310906235160
111.826282970287
27.7496008628485
-64.4576069659561
-164.261288942587
-269.988753044767
-380.658471449271
-496.778659966835
0.780770952210454
0.780770952210454
0.780770952210454
0.780770952210454
0.780770952210454
0.780770952210454
0.780770952210454
0.780770952210454
0.780770952210454
0.780770952210454
0.780770952210454
0.780770952210454
0.780770952210454
0.780770952210454
0.780770952210454
0.780770952210454
0.780770952210454
0.780770952210454
0.780770952210454
0.780770952210454
0.780770952210454
0.780770952210454
0.780770952210454
0.780770952210454
0.780770952210454
0.780770952210454
0.780770952210454
0.780770952210454
0.780770952210454
0.780770952210454
0.780770952210454
0.780770952210454
0.780770952210454
0.780770952210454
0.780770952210454
-385.655816784179
-206.588732986552
-89.9067667265939
3.53149706558804
116.328177265431
260.533650381066
489.270980047590
0.780770952210454
0.780770952210454
0.780770952210454
0.780770952210454
0.780770952210454
0.780770952210454
0.780770952210454
0.780770952210454
0.780770952210454
0.780770952210454
0.780770952210454
0.780770952210454
0.780770952210454
0.780770952210454
0.780770952210454
0.780770952210454
0.780770952210454
0.780770952210454
0.780770952210454
0.780770952210454
0.780770952210454
0.780770952210454
0.780770952210454
0.780770952210454
0.780770952210454
0.780770952210454
0.780770952210454
0.780770952210454
0.780770952210454
0.780770952210454
0.780770952210454
0.780770952210454
0.780770952210454
0.780770952210454
0.780770952210454
0.780770952210454
0.780770952210454
0.780770952210454
0.780770952210454
0.780770952210454
441.584562487900
144.746373995734
-139.155079665075
-416.214798395489
0.780770952210454
0.780770952210454
0.780770952210454
0.780770952210454
0.780770952210454
0.780770952210454
0.780770952210454
0.780770952210454
0.780770952210454
0.780770952210454
0.780770952210454
0.780770952210454
0.780770952210454
0.780770952210454
0.780770952210454
0.780770952210454
0.780770952210454
0.780770952210454
0.780770952210454
0.780770952210454
0.780770952210454
0.780770952210454
0.780770952210454
0.780770952210454
0.780770952210454
0.780770952210454
0.780770952210454
0.780770952210454
0.780770952210454
0.780770952210454
0.780770952210454
0.780770952210454
0.780770952210454
0.780770952210454
0.780770952210454
0.780770952210454
0.780770952210454
0.780770952210454
0.780770952210454
-492.471233021261
-427.067040658479
-364.007528964114
-302.649097736312
-242.353566583509
-182.531823755877
-121.333660789230
-59.0027031623711
2.10662902044579
60.9129936332193
115.936954840442
165.358820884289
208.261413173273
242.308819350863
264.145021532149
273.651014479172
273.270581243423
265.177689806656
253.417951379548
240.145277193630
224.474154950674
208.926893184096
197.056100055363
189.460265318067
186.065480023830
185.845287299320
185.317766226119
184.524675721906
186.970389701585
193.035563724187
203.087658619850
217.539855895261
234.346249918883
253.308404069241
275.355031206150
298.978168341697
321.899437145480
341.827294247490
355.185893206640
361.289081064733
362.749286866960
360.809010437688
357.708502634457
354.752388772189
350.461115992210
346.204099812992
344.534589998179
345.266933204226
347.542616373483
349.952826527480
349.087494240564
344.368930864892
338.110044123079
330.099852755943
320.132517888045
308.358375734922
293.255548378916
274.871199649304
254.409080048044
231.209268061317
204.011665470417
171.958940209728
133.472260405869
89.2329379677991
42.6543704245512
-3.69914956465789
-46.3691630731816
-82.0716130379992
-109.095863376804
-123.399735808073
-119.657691812196
-97.7994868213272
-61.9011516079977
-16.1910826489379
31.6175929708773
77.0934329691866
120.727475589537
156.971060978332
178.383572779328
184.521156265536
178.272832228637
164.145615447772
152.159942451802
145.319223346535
138.787933814628
135.705861426668
140.292693168427
151.937581592914
170.858042443481
193.547105183680
211.129239648046
222.483964756572
232.590693048152
240.840268603371
247.348924816606
252.468200632389
252.504468081728
247.894281750080
241.816169808591
232.880153605620
218.242394752568
196.084890006215
162.854469169612
118.824121638899
69.1134708219215
16.5892949469248
-34.9310412109805
-81.4681630611053
-121.618599653617
-150.548346952753
-161.333592410014
-153.614513807577
-131.692352831173
-99.8322602857337
-66.4352883833575
-35.5891607319454
-5.16644800615635
19.9516059094500
32.9703826428928
33.4511931779118
22.7030768316406
4.20227569948023
-13.1923638414352
-28.0429402632688
-46.2950903294497
-66.9120465527784
-88.5865756308128
-111.583651030728
-132.408545833060
-151.476191416712
-172.573624050422
-193.532768202775
-209.158564938368
-216.101005055083
-209.000342172595
-187.345778175579
-157.522205106577
-122.756972658429
-87.4102241124543
-55.9419103753021
-28.9688212111808
-11.9065705347345
-13.0416821436737
-32.5981340937055
-65.6315525510113
-107.181023525477
-147.209511961409
-181.516091360244
-213.821707237934
-239.558900526176
-252.310172811752
-252.158323844396
-239.937768571146
-219.597809192058
-201.103600444773
-186.221057899372
-169.329357823665
-151.918102431640
-135.424850359266
-119.263328529169
-106.079472068431
-94.2092157610803
-78.0226449303272
-58.1286486907297
-38.5315527563477
-20.4235088973961
-6.55397614836502
2.27441291827942
9.49678285631641
15.2678506298089
18.8729833547706
21.5122667440965
23.4262330187971
26.0074759935250
32.2892321535932
42.4748079828083
54.7352273071633
68.1958584945316
80.8986356056560
92.1800136603797
103.802011915065
115.355869343962
125.856057841680
134.998549763983
141.379571494012
144.307297544143
143.866970298768
138.591006328935
126.192389160315
104.640179122586
71.2349432549584
26.2526726080242
-26.4386524918206
-83.7219654669603
-140.995339781806
-194.413606408125
-242.631223914211
-280.800060883606
-302.383795922437
-306.838759041853
-297.735417906563
-279.024252432228
-258.757423332635
-240.379546501763
-221.163954960427
-205.140709675051
-197.953374556338
-199.279442933170
-207.343169018143
-217.958767209270
-221.648867000464
-216.071082206942
-205.768607193157
-188.589689764518
-162.132717555687
-127.268171098448
-83.2907237940010
-33.3567015163337
14.8921122238070
60.0152141517371
104.754193085424
147.651805998878
187.966565184605
225.619716504500
258.255679394926
286.717797820336
314.363616381048
340.704832901542
363.437670890703
382.015630924497
394.977596012700
401.610198021497
403.205675895129
399.113443885648
387.860633505075
369.604885332459
344.667331387100
313.400554824538
277.006470484969
236.347425676417
191.986670817072
145.457628449021
98.7560320386213
53.8278212210055
13.0272405740550
-20.9359735248249
-45.1407693038521
-58.8035150554100
-63.5479199192289
-60.9438059923155
-54.0177547961449
-44.5297628559035
-31.9306130914925
-18.6528576273010
-8.26656565062411
-1.29586588710998
2.94361443645942
5.66043737305867
10.3470738977597
16.9291444427987
21.4234577021683
23.0982252286772
21.2694440492451
15.3334797567100
7.55023089334508
-1.82756144233316
-13.6509851171265
-26.4319669274818
-38.2569026510618
-46.8954992334524
-48.6965737872258
-43.1151332285477
-32.8611188707558
-19.3350034991684
-5.09145655330708
8.57525082475481
23.4402949434670
38.3010236225526
50.8776433125947
61.1034765486676
68.8573297467228
74.7735955192115
81.2682278447806
88.0524509165047
92.4553042077555
93.7057166798281
90.7287685858334
82.8650630696266
71.5045212814860
56.5446172067562
37.2648626223112
14.0971456304734
-12.7629221427875
-42.7182867304822
-74.3440470559290
-106.800090179718
-139.508896742056
-171.245082374488
-200.696667039720
-226.095157713562
-244.884450602892
-254.546434625056
-252.317868121352
-237.837005730102
-213.719871741645
-182.280446755399
-147.293900551585
-111.564953342433
-75.5677337330175
-43.0262164962999
-19.1114970147622
-4.45951544230493
2.99719424682465
5.72614191469375
9.37464710685264
15.4095742498091
20.1211717456400
24.8268619297992
31.6365945500545
40.0003811289657
50.4510523262438
61.2416075477847
67.5779294119941
69.3087420437434
69.6590753581355