-6.23125420596372
59.1702919573715
59.5635848652734
43.4069184912467
13.3548755682886
-19.2465539229970
-29.7381651818337
-58.5610320573640
-90.5117683236708
-113.152287421708
-127.599747958802
-128.322405391792
-113.000397083039
-87.1401510786472
-54.8958874782673
-23.2733490580435
3.92224412119190
29.0994592428815
48.0423111310863
54.3354757995258
48.2963127122606
32.4348696021567
11.0709328545683
-6.16252466851782
-16.3924383104865
-23.7267894529114
-25.2653333072135
-17.4835916468110
-1.09232335677586
23.9038054287333
53.8896336173610
80.3153726404522
101.347738092129
120.303702249481
135.345004668392
145.059059762877
149.511949911571
146.609642397703
137.742718564339
127.482559435717
116.890431533156
105.721607603446
95.4535376089215
86.4957487317701
79.1201596584196
74.2019729650589
60.7695752176660
15.5210165271901
-25.8268050596576
-23.8775325095342
-38.2219833757290
-68.9104921886651
-113.858338291115
-147.416707971224
-165.465416467543
-185.909205953268
-209.187721045610
-224.437689242882
-222.712598171906
-218.412672407273
-201.782279309580
-177.593257188362
-148.549893988428
-119.053185035533
-92.2786567475709
-69.5331340585019
-55.0769347592619
-54.3024924765666
-67.2420016986810
-89.9731399833712
-117.968106672499
-142.795377787227
-160.295506924348
-172.025525614564
-173.050710633204
-156.796215713425
-123.664852102518
-76.8993870883075
-22.0307526225724
29.5032075371623
73.5758776378632
113.738416426732
145.444848657733
163.149261966171
167.332689278178
159.024829554029
143.160473724663
130.990420078998
125.501386297022
122.563183614587
125.441867530898
137.515863880302
158.313873427643
188.578589968983
224.744281297753
258.019255673232
286.931783355691
315.343939147441
341.790754474014
365.420852929006
385.882999180207
399.483269894437
406.267949962049
409.019342979615
405.650062538444
391.849063840642
364.779376363595
319.969770797312
257.235501009390
182.266345465873
98.2636617023160
9.58327028953850
-79.1112379700697
-166.107413584329
-245.447830115584
-308.505035570465
-353.911432069866
-385.215860521859
-405.686004135204
-423.023916980487
-439.523446771612
-449.949370069071
-456.615179411961
-463.477632114125
-470.058371593432
-476.975897313374
-481.999074702220
-478.421148958169
-466.590436024577
-452.434366364823
-437.474531094473
-424.325629119986
-413.589173163086
-399.995681952780
-382.126636197866
-359.604827022908
-329.432409283460
-289.790801112862
-236.952986733963
-164.718073321002
-74.1330798082227
27.3615398694954
133.495188649803
234.178254626703
322.556685056505
398.004592467772
452.475876962944
475.240640721128
466.519550826635
433.061742267743
383.488354070841
334.592280229052
294.438344882120
260.374688677719
242.236797939452
252.755698700148
291.703046581554
353.681864820430
428.826439840205
496.119756820854
548.519978919435
593.545850306141
623.427405507843
628.571240792465
609.300103395079
565.343567842673
503.767647722739
442.586391357873
384.342940774550
318.904374361738
248.603875275972
175.333528734959
98.0333796081035
21.8445944560408
-52.3126627653130
-126.381039283181
-210.637254158054
-283.304468702394
-347.225146135180
-391.925614201903
-416.243197913190
-428.667903843839
-432.223753325768
-430.772964048089
-429.314990319696
-428.032064697800
-433.051127379041
-454.563880992426
-492.017134873078
-537.736125745617
-584.543623776170
-618.886723505736
-634.348246597558
-634.685959892191
-612.984660144293
-559.761860997138
-476.463890107480
-368.288405528871
-244.439793909201
-123.507301881546
-13.0783833512261
90.3296605488661
177.876022179007
239.117223069698
273.544257280104
282.624350874591
273.495733404147
263.301904135608
256.228288466666
244.650830078091
233.353218645110
227.800303819882
227.829968984198
236.263351769348
249.348779712259
255.559411785400
255.589345767236
258.884933799715
267.521994141409
285.550621067485
313.601729718910
342.708580503022
370.388625245979
396.015263412491
413.785428510161
418.931152953197
403.866364735903
356.662086536951
277.190849323120
176.205962008385
61.8044992208271
-52.1305378170715
-156.919951117507
-254.454086941016
-334.652143157152
-383.092081613662
-399.350930293481
-389.256737454456
-361.478008434178
-335.283146397829
-316.849998339633
-297.743011971593
-284.572965918585
-286.045250404850
-300.953846465602
-328.681247055449
-361.684772126954
-381.830222739541
-384.767446469825
-377.154046188175
-353.872270352325
-309.800616794239
-248.604381225348
-175.103307534827
-98.6685348566471
-36.1352542426302
8.16900124074103
41.9971942063800
88.6665426545051
177.371068256199
234.193306775188
217.937603024662
157.681773017235
133.273055239777
151.136323562894
150.254658939338
151.540345343388
171.863484270439
191.465594109207
193.578370262306
186.151167413501
193.198133645865
218.316708473088
258.912507964779
249.583329225367
226.359824848912
262.904661850638
277.946852064143
260.305990325048
272.259010712130
271.311604160564
266.347649799060
253.760012651298
229.222017585116
192.376168350681
147.728427080669
97.5356119589122
45.1015157542529
-6.62473485650304
-57.8052517714334
-104.995025210043
-142.824825609073
-170.500781449549
-189.428136537927
-201.207217492577
-210.392735233198
-217.642561639999
-218.909076732888
-214.558259253013
-205.522450504422
-191.548388300329
-174.632596710532
-154.726081995670
-129.847291719096
-101.630163654834
-73.6605333822076
-48.5439956277077
-30.2015134389292
-19.7163352484844
-14.1026204736733
-12.3844782907193
-12.9915818302890
-14.5934129312193
-18.4985059620866
-23.1985050770687
-25.6576999692090
-25.7330347929058
-24.1362694789155
-21.7237656094767
-21.1794899665156
-22.3962076437226
-22.2051752658390
-19.8753570152640
-14.6373556705009
-5.82908202555468
4.97595447123417
17.8627487100547
33.8234179018827
50.8490836838809
65.3514389271377
75.0318546604276
77.4290632550196
70.8816020024823
55.9205814327278
49.9590400559232
69.9997680022210
76.9182580978361
65.0334451873454
45.5687675452153
54.8200189389831
89.9743018577587
108.213137873596
116.965538896236
132.555771877178
145.325001486244
148.628856394543
144.048070886957
129.982540079531
105.425508857100
72.0479950462371
33.2307436667981
-4.88972089815071
-39.6162693834385
-71.7234519045450
-97.8787214116417
-114.096512161208
-120.276840858948
-117.671480537362
-109.295377888885
-101.811175315763
-97.2350247731720
-92.9765788591191
-91.3058405216257
-94.9748894243259
-103.498802952989
-116.464049142066
-131.014502611454
-140.675342015383
-143.953760468307
-143.462626943066
-137.761764596412
-125.590872325390
-107.778672606481
-84.4063720328427
-58.2535048254474
-35.1610401424635
-16.5843782333796
-0.804046979688713
10.8805971229956
17.6942219454739
19.1614034415676
12.8912151413052
-1.11229621076265
-21.1074274313884
-42.0849453187898
-53.5984913168304
-46.0722214323936
-9.13460744648787
54.8867483908370
126.650614359880
166.623934504406
103.368221207980
57.6525955692216
150.207750937003
280.176950607405
275.868984502650
149.655023897372
108.821161472741
117.136678354352
100.780106554522
55.2217683402828
9.10254944531495
6.64306491168398
52.4100408138876
68.5620532217353
72.9600464154139
145.795675215723
199.861595396352
199.648401484992
234.024142751049
252.113619397790
236.060584345893
209.307259456588
215.626950409087
147.790141923793
14.5177199300499
-43.4537852494747
-56.7410449444686
-86.0908365030965
-129.617933024231
-202.319335276717
-233.838320011978
-232.960789503637
-253.642924454669
-279.882697890556
-290.306147967223
-291.303364204730
-282.586279789930
-260.835924215139
-232.117591676276
-198.390763092482
-159.612720180122
-119.738901711816
-82.3600020345126
-52.8545214330672
-39.6950700762146
-43.7579331967521
-58.8385884051540
-80.8505366747708
-102.235088747457
-118.846287443006
-133.591612566690
-141.861295437848
-136.400665425165
-117.450581646247
-87.5663314396121
-51.1808268266048
-18.5410294891988
7.80978087889586
33.2791898902676
55.6539798437734
72.2432591413205
83.7200522761612
88.4915108681962
89.1233949271022
92.8577536326995
100.220915670302
107.448365397262
114.817846466393
121.530925031908
127.241447034099
135.042628391046
144.571161151695
153.522556663490
162.926544919360
174.546278596958
189.644848739182
210.881104696605
237.772816938152
266.159931974124
293.484328259603
316.270011692899
331.042892027860
336.356488569204
327.962667823130
299.969637131909
252.454296143915
190.016663790050
117.371742714105
43.1408175928448
-28.2230376288770
-98.2611955087851
-159.692591136649
-201.121348356455
-226.288809953112
-249.192648943377
-261.408476237270
-239.293095389050
-247.952695948990
-283.153404146056
-266.516607087331
-261.954673127067
-292.581090514404
-297.450685538987
-314.137509233528
-322.105841319154
-322.535716296031
-320.789975755110
-317.285062991647
-313.541093581111
-310.030493674602
-302.198141705958
-289.633436417688
-273.844704142714
-252.686059966354
-223.884467510099
-184.746718553066
-130.460922557851
-61.7913496670462
14.8334544745415
94.7224072290094
170.800219182132
237.457877449958
293.440934494107
332.057111049909
344.182177901978
330.116649491954
296.498889531084
250.877574400496
207.386714702584
173.466242118611
147.611660764510
138.918913263001
159.309433132167
208.199225114532
278.962294696674
361.496291423123
435.471842696332
492.754136205590
538.680381223922
563.939781181183
556.853653712739
517.737160879469
449.190148394255
360.218796144380
271.545407396613
188.483697284057
102.232618172464
18.3907407580213
-56.8927639203038
-123.691210120221
-178.130598371314
-224.355278982286
-275.554971653029
-331.183364693292
-381.361626302808
-424.480617711114
-456.729413099310
-476.373628408755
-490.276801053222
-498.081925377058
-496.179830603257
-487.445991813065
-475.205968306154
-463.473882471655
-460.000255632570
-464.810774516508
-470.112693542779
-471.490782502654
-461.879241378844
-436.342327638250
-396.421032372951
-336.799752201782
-249.274109372132
-135.920936424867
-4.59954861404195
135.345298167631
267.234543044445
381.864462394203
479.265249600132
548.507519437247
576.057913135833
562.039246370095
513.701573066543
442.279514169644
370.336434469054
307.848270227322
250.677481360619
211.136711761724
204.821729947581
231.587405412955
285.849931256820
355.662279350174
414.891536678933
455.798391072185
489.110645942055
506.624774214274
498.447830191329
465.673445786200
407.126955362374
331.368249384452
260.077159703544
196.281975169196
128.695073534569
59.6460913310429
-10.1388667946846
-81.4439675868567
-146.450433833712
-207.169289923091
-272.830345250677
-340.808897669995
-403.578260271706
-457.565062050873
-495.512402355166
-515.646413416190
-524.975638341392
-526.268251189862
-519.314899750066
-508.308388654843
-492.959044525450
-477.415711452313
-469.400711697169
-468.730008152496
-470.015030535614
-468.986947671198
-457.258166602994
-431.147569235895
-394.136496026955
-342.569322942351
-271.062250569965
-181.682367843101
-78.9925806685182
29.6940255984934
130.719434478462
217.458859045785
290.304505157851
341.432242515183
361.794249718217
351.659373074071
315.720331928208
262.388782943328
208.493691627481
161.546394208996
119.216658283849
90.9863214354675
88.5739623005260
112.322564233346
158.428713914798
218.464469329624
273.673578458898
318.811148115866
362.303770473572
398.630678806047
421.000198652704
429.494552636940
421.145093283638
400.058083127716
379.143046913670
357.799613980258
325.634024929770
280.636070251623
218.736277024037
139.510649174162
53.1246235479436
-37.3786167503982
-131.067021496298
-221.145363716638
-301.799125883906
-364.212960693979
-394.777823603021
-392.121751310108
-366.129351912176
-323.635395710996
-277.293119724699
-234.286677472955
-190.673822785896
-154.755835997328
-139.199350376835
-143.919928693952
-164.297472108368
-192.787118112521
-212.057153872320
-217.646569182328
-218.749373743106
-211.328074624911
-190.236975339503
-157.261746986327
-111.460812617721
-58.8612569283803
-14.1507474081157
20.0289544746144
49.4605857572315
71.7077103734227
85.7036161911375
92.3477849256220
88.6983728515735
78.1456959222173
69.4322663784478
63.8835351369964
59.1823710284097
57.1639799535941
58.3579203653038
62.6962203367104
72.0887363508731
84.7855760087288
96.1370450940559
105.957725960290
116.521982490327
127.635505952658
139.907391310225
153.261178134141
165.145142547655
175.277187080541
184.456916725230
191.044808260359
192.725736811740
187.227559455574
171.040929731992
143.885966977663
109.145535311501
68.8674706259678
26.3043772684136
-16.3607002561828
-60.0161430987620
-102.364411825018
-139.833647850949
-170.745064308363
-192.929087016388
-204.733633507295
-205.912183806387
-197.948360911040
-184.871716523960
-168.527688637488
-148.983407577613
-126.365198622529
-98.1173223159669
-41.5737488602416
88.0625857163828
154.308671963195
126.224662904035
129.702244098875
151.904722895716
141.712836678862
106.870511351238
32.5650000809914
-24.3079267420455
-64.8115067381609
-109.516807456033
-141.049280871123
-144.688608393457
-123.447478200847
-82.8750437628590
-30.5014846294502
16.4005360574789
52.0141071400059
83.3278061379555
104.285380018903
107.039466263238
92.6693387899286
62.0674660487264
22.2473590146584
-10.3056206382052
-31.8754204076767
-49.2594923584369
-58.7561350491363
-57.0619593653410
-45.1567812694376
-20.9136344446320
11.0655529140666
39.1483793845522
61.5689187292846
82.8078554425968
100.959817761588
115.399010301091
126.303663251321
130.242884137672
128.816431033309
127.458005612610
125.504553362963
119.375919725714
108.128894131748
89.2689016494766
62.4832445114979
31.6959905771214
-2.28414648614293
-39.3215099097505
-77.1246180676936
-114.026692488044
-147.060164236674
-171.389396736562
-185.999110684010
-193.084316967192
-193.626284898565
-190.209651730051
-183.588466195212
-170.957312581067
-152.947275686140
-131.249720619894
-106.121475789096
-79.0747701795864
-50.6941475891794
-20.1994022301099
10.3245297877866
36.7920626318684
55.9606212776160
63.5614271502007
58.8289835153119
45.8351575531198
27.0063251050746
6.07185790664221
-13.8445637721486
-32.8242822119259
-47.2248155907445
-51.6603972310612
-45.3909006428257
-29.9414020938685
-12.0247621751114
4.89047192550425
16.7142922140055
27.8785181851003
36.3557780724372
39.3031492240961
37.3163943366252
30.1399821249507
20.2131116111022
13.7695836565218
11.7155362244913
10.9616618662075
12.1703892668905
15.4550943507094
20.5742913062240
29.7179615953036
42.2759902987927
55.6373595212237
70.3095322846519
87.9395963503434
109.139747818868
135.498309349710
166.471554566022
198.533700762922
229.640462453127
257.378489615919
278.727305271312
291.763734913740
292.729315961485
276.475805418075
242.692157310651
195.103928412168
137.141511887007
75.1469679875975
12.7790223692235
-50.7370804725143
-110.839737789601
-161.189088610879
-200.711565473968
-230.217198726823
-251.769260137946
-271.569717685246
-289.915429600280
-300.845579012948
-304.090733956947
-299.670560184623
-287.276576957970
-270.842320524981
-251.193943366898
-227.122217304143
-201.933476668343
-180.599764018064
-168.021427598434
-171.431695905097
-191.158116714299
-219.570217626667
-251.491591929646
-278.810654038448
-295.522364065056
-301.879945341646
-290.721536943932
-251.602372388567
-185.179508632912
-98.6602520644314
-0.516442081938204
92.9607351511801
174.306359209965
247.092993336709
302.843168345775
330.544278395848
330.561596232432
306.723011820123
267.594001482920
231.967575983010
205.911316536402
183.028690160172
170.190025641967
175.544263942864
198.386913975291
238.104082680186
287.467867378271
329.389332784668
360.250012263336
387.572457017234
407.744944753666
417.519905609814
417.299471130459
403.190311915565
378.326220311325
352.650716176652
325.658859309748
290.590770107314
246.244831883736
189.323174304356
119.733253238750
45.0228154665434
-32.6430903430948
-112.520092806523
-189.714653618824
-260.161651383449
-317.618884480634
-352.437110443980
-363.853883242903
-359.251709252904
-343.879296029789
-327.242816617228
-315.080678387547
-305.309472023925
-304.736194330723
-323.454190844484
-360.764178167360
-410.887341784269
-466.013254278699
-510.265832731357
-537.572429949902
-553.003358895731
-550.031654078550
-520.371128575804
-464.900934761683
-385.748502586013
-290.325391308223
-195.169532421378
-105.165873357384
-14.9163790617948
70.1251440224794
144.102828499173
206.337794125700
253.897873157935
289.810786792730
324.233779068459
356.729324378285
379.239468250232
390.733001844274
388.883174164404
373.485373557928
351.990274600545
326.468187803237
296.951525973934
269.067116961727
249.054279303225
244.666843525103
267.462113049481
317.649508027911
383.797152121866
457.449508715372
524.751182926177
576.100334659692
611.967918198425
620.798831813227
586.135120937111
508.198366523239
396.509687665303
262.912812617943
131.286810496376
11.4283701824209
-103.921291704686
-203.798371574664
-273.780570193490
-314.187423764668
-327.762275378894
-324.716908279936
-329.302530785524
-347.154356161537
-366.940388327629
-394.358160382953
-435.543830039596
-487.881597160500
-551.986338699988
-618.608993375703
-666.694215129829
-691.500953462782
-699.821458775001
-686.807639407037
-649.131840774005
-588.430354423647
-503.376215797473
-401.287146143556
-298.305326809345
-199.146261285803
-101.299028670493
-10.7876018459144
67.1296364479430
131.245082424816
179.154917095095
214.109633379633
245.827930840524
274.761686658967
294.454699983159
305.489168417450
307.903260016305
301.305260163151
289.983520218111
273.132400166532
246.168558421595
215.689442473369
196.135744872412
191.705807583438
202.542614112868
242.280504099767
330.737625101065
384.233276282712
367.901873130838
397.255020206587
486.540233990263
519.244312911587
470.947632662858
377.578407852040
281.794457562678
214.907702996024
127.341023935396
60.8261620119281
59.2746650848439
-47.0259037165783
-272.619676219482
-409.129385778642
-427.785617114009
-375.846126922736
-377.521613434962
-472.557636789653
-546.687879509413
-575.917975573111
-561.046148065964
-488.852743264786
-432.592636128497
-393.734523358593
-316.396616432356
-221.259909223820
-134.357228955461
-53.0024167736767
15.1132753387217
63.5587445957200
98.0713376463723
122.447007533902
143.851929102122
164.058586265522
174.980896690217
177.703167788699
175.820408650486
169.007375871379
160.374989282101
149.949708224812
133.667068262161
115.144854951582
103.099259668457
103.623332234242
125.338577580250
169.227753935690
225.226501577189
287.542778453577
347.987037294592
399.276164744487
441.149653283224
464.840148129207
457.032666543802
417.258775483755
352.604739389295
270.773372667209
187.938648466009
110.047226545175
29.9715032007183
-46.1242551886487
-109.573129773764
-160.098884733282
-196.307126220230
-222.266439828175
-250.668712299047
-281.639891071996
-305.165847226731
-320.304149378207
-324.949587594025
-317.757153847728
-305.310226906605
-287.596677187693
-261.024017082967
-228.977260245370
-196.242459078190
-167.643551865912
-151.630019172731
-149.348081146043
-153.941258187628
-162.260279078294
-168.912614756644
-170.331343304847
-169.340652408334
-162.188921342050
-142.240176156327
-110.284890183948
-69.8801053766140
-25.7424797105682
12.1619706909893
40.4630343399060
63.0380020308619
76.6389874653906
77.2704255062185
65.9765655743283
43.8030545665935
15.4458739910764
-8.95337830580373
-25.8785890443290
-37.1096377460254
-38.3857033714030
-25.2720664784995
1.82232435047335
41.3693305411817
88.4687920477514
132.883251697899
170.946544072004
204.880329252975
230.214080060299
241.872284399376
239.773014011536
224.554571119861
200.187182900997
176.027472369488
154.077759108574
129.809630961864
105.236646962100
82.4465706805104
61.0614924429816
42.9299890161781
26.0275343425339
4.29993643854671
-22.0709184446138
-48.9248179651191
-75.5338551593180
-99.9746520107916
-120.871964783261
-140.076540019662
-156.064096783105
-165.499640246673
-167.795002619179
-162.603688195845
-149.197749259994
-128.016314342532
-99.8505617906020
-65.8715018211015
-28.7327543566563
7.59840993217670
39.9359178579515
65.5406680970085
79.9353519924258
77.9603546156905
59.3729889071405
28.5067706554941
-10.0042946905859
-48.0146150040095
-80.7928423026773
-108.852589440613
-126.279055982998
-125.090799409667
-105.227064219760
-70.6613247179038
-27.1292275255840
13.4245244818500
46.7922262751865
77.5643063107139
101.237899889374
111.950759401045
110.275651588576
96.9017676096877
76.6857216560303
61.1738534255884
52.8281763285631
46.4560270491457
44.4216023568559
48.8527939671006
59.0536045151261
76.9017906237157
99.4735170955750
118.995477884034
134.689590205404
150.038684085168
164.351814889616
178.061319349605
191.186449876260
200.326929812142
205.653533145523
209.414744006003
210.148032167595
205.293430861286
192.992986293993
169.913193895585
135.883250429795
94.6556962973093
48.1123691825007
-1.09121293986043
-50.1768627637174
-98.4734635891256
-142.511927603881
-177.115405682295
-201.302524858903
-216.623211062943
-224.478476727866
-228.807519229024
-230.272658514247
-225.173462826305
-213.975704697688
-197.895139604500
-177.131475222946
-154.126774704953
-129.652230783141
-102.895751106332
-76.4978563068787
-55.0307020622281
-42.4602312846013
-44.2187777213266
-60.8444001123327
-86.6889092082182
-118.005633633051
-149.014768719025
-175.142208150850
-196.258056751700
-206.704340447134
-198.171324568199
-170.658081376474
-129.148816084485
-79.1383734921764
-31.6427175184082
8.42317447540003
44.0823857118641
71.5942547782466
87.3589826227607
88.6414266271133
68.3443845374191
51.1866486107490
35.5766312637309
22.1603746379273
15.5278571627494
12.1926908804033
17.3224608807329
30.1996661152558
52.3907975305464
80.7974931906266
107.058847453903
130.371979313146
155.026727026427
180.393388624331
206.821100063068
234.128769729001
257.960324659850
277.807760860298
295.306764651073
307.867988036026
311.701838941092
303.402205992876
277.621534219728
234.065012044525
178.310513404543
113.779328215159
45.7292972141869
-21.3459483252212
-86.8565514655765
-145.200227499487
-188.211413955272
-214.947660105469
-228.696623055165
-233.063678169600
-236.421352757712
-241.196561037572
-242.249407387594
-241.985994203528
-244.175019013492
-248.259174286907
-254.861344473042
-261.450185777967
-260.873486496542
-253.010944964171
-243.157574602292
-232.076280655261
-221.521884594969
-212.305297004564
-200.564848344733
-186.253307426055
-171.069062012177
-153.555466933638
-132.382888085177
-105.746143066359
-69.9464870982588
-25.3963010508129
23.5331059328157
73.9860735003457
121.537991098095
162.926790916004
198.168352701705
223.615175183237
234.093315193716
230.174964127706
215.896931080619
196.081817254368
179.664593468706
171.463512575464
171.077969963846
184.417961966221
219.007224654354
273.914587250782
343.435463500938
419.685247240614
487.946270154357
540.998662757745
580.322262304801
597.246400870710
580.947425212367
531.522819852152
453.727991970857
356.230728260304
257.223133242024
163.333413339356
69.0593236749899
-17.9304689024479
-88.1401272695969
-141.339544654088
-177.735320587120
-203.510690827953
-234.568127787271
-273.184085578634
-309.892871938967
-346.498155829786
-384.419932174122
-421.881256726120
-462.224970661993
-501.565166899852
-529.443722729163
-545.576029434639
-555.219267180107
-558.858078247860
-559.411078127469
-557.198117129061
-546.186335096910
-525.716550797370
-496.966115934003
-457.596037560368
-406.215082027077
-340.342103245931
-255.095107515885
-152.193807065790
-39.4035138038420
76.9869291669946
187.574573940621
284.715045325107
365.424213179174
420.392503860719
437.501020281933
416.936181175837
367.940286696744
300.797731689102
234.371662481701
179.288100042388
134.607504676357
113.669318757663
134.050845745941
195.357072308427
287.669516677900
396.904326018842
494.768651602548
569.965103763141
630.688799379748
664.154249260236
653.951688888435
601.025645152803
509.639134963445
393.074228080883
281.359206417626
182.550768477813
84.5332295995852
-4.26441906047731
-74.6355663902788
-127.564362937524
-159.830006068183
-179.781479708465
-209.603751012817
-251.700445024752
-294.457101405575
-339.780821821981
-387.384601805434
-434.698858905955
-486.640780167878
-537.747534068112
-574.411560127687
-595.329645672128
-604.848462923041
-601.854003468420
-588.300384119797
-564.684210965210
-526.266230560079
-474.716060024490
-415.098263066112
-347.387659292956
-270.778494729533
-185.822345209165
-91.3359182945728
10.6563483571997
114.177847746005
215.520495927366
310.614059142283
393.798702716709
460.114191124145
502.513398795069
511.917839859223
488.337707410418
440.511086272180
376.440599373248
309.542082464168
249.419015314233
198.048187602332
167.950970433438
175.977752977153
222.204435430633
295.611073255167
383.399176057385
460.814449269280
516.775549028473
557.861256038797
571.385629442360
540.341254422445
465.799014879225
354.153720825741
219.120978854537
90.5102705201000
-22.4723660321494
-130.825942454233
-224.772176923703
-292.929158613346
-336.287862664760
-353.800414539731
-355.347207033171
-365.598791143439
-388.902466452569
-413.955536564098
-445.106671245256
-485.487845303369
-532.040615401831
-586.441731962004
-639.637184558618
-671.689791847232
-677.858796349334
-662.951084079969
-621.345401359722
-548.801683423472
-448.434743626357
-324.182406706674
-180.606493400906
-41.2539009087969
87.1254413811745
204.455758590089
299.411675689065
360.907322603558
387.937700215554
384.298329169465
359.081803428086
331.729455041588
309.006830054435
284.758319214891
267.297987204552
267.027443561184
283.628398535711
315.563480651556
354.828029916076
382.382645161361
394.968634413470
403.426513398055
405.384791509314
398.851990362102
385.288131592831
359.639634114618
325.403916628618
293.603808764816
263.592678065234
228.752834570694
187.536108918055
135.360274482006
71.4343881155584
2.79455886264313
-69.6385741685198
-146.514686584417
-224.985953204306
-304.026192008637
-380.510245737523
-448.341945138218
-505.767392259783
-553.818708879627
-591.778730597621
-620.367352036054
-638.274824567278
-640.482792410190
-624.883832043760
-589.981793099416
-535.552593828169
-465.426530880641
-382.398000603204
-289.655183580340
-191.688495486125
-92.2121176083260
2.44033411457302
83.6602925974521
149.033827022214
201.435857910365
242.784754174773
278.469323018940
309.354815075410
329.211511401938
338.616950763139
339.815346323726
332.827041551769
320.806191470950
304.556238653904
282.192930461014
257.763875729469
239.114027328294
232.749985508561
247.549561575155
284.270653705053
333.021078098849
387.291055294645
437.303334781667
475.235741747837
500.860028112828
504.651240832917
472.592291168731
404.785316797248
309.804616233175
197.373526444447
86.8798054984302
-13.6436193310498
-110.569635559925
-195.151823934921
-255.631541568128
-292.025967923418
-305.714817448747
-304.180987187978
-306.154936704922
-315.258873670152
-321.632384860805
-328.720989640378
-340.015126840510
-353.829112727345
-372.869496948276
-391.911081991764
-397.451219948565
-388.236139493161
-370.682671689226
-344.114046448501
-309.974318482338
-269.980950191868
-220.936851932400
-166.159958955782
-113.370796450462
-64.0859874952939
-17.8923452036993
23.1269634976630
58.5526284968181
87.7896358923772
108.754190803339
122.425615769538
131.869678422353
137.181205569577
137.077516827883
132.112931182861
122.462355823019
108.798119756606
93.4470051350794
77.4164232465132
61.0872450425531
47.0561678429085
39.0712141493295
40.8572573327889
57.2891211678161
88.5116535773006
129.112895119772
174.945166451192
219.553179537258
257.814626545981
288.682384087476
305.609834073944
299.458281950786
269.809332993895
221.883213984724
161.513211269402
100.505262745788
43.6148452079710
-13.5711931003788
-65.8271560877925
-105.895555362794
-133.518882654862
-148.730633841792
-155.297134321752
-163.717805137549
-174.880813858321
-181.270404187957
-183.078251194826
-180.055330500145
-171.189716691708
-160.666920239258
-147.571173105506
-127.362177198228
-101.800599569722
-75.0099244724251
-49.7201355553318
-31.0952248107919
-20.4322402314259
-13.7264922741097
-10.3502056810070
-9.39663435850160
-9.77282763639816
-13.5505054862604
-19.7924007851067
-25.7352488269360
-31.2605399512549
-36.4816790534120
-41.4988898095578
-47.8897480923087
-54.6700533488639
-58.2505537100357
-56.6883697047896
-47.6301023811927
-30.6645909916146
-9.11723441584979
15.1502463290686
39.8193248360790
62.3717680865534
82.1888228908911
96.1232672146918
99.4244536923004
92.1581270059374
77.7655829233805
59.6520824679896
44.2595584395645
34.6193375795042
28.9615731734300
30.6261243344120
44.1882276606493
68.9847807006005
102.522453026833
140.388479418138
173.653115479343
198.765170879390
217.604208148009
226.086306929802
219.380280764715
197.816295439689
163.034345463072
119.505825575594
76.8208083836248
38.2343255249906
1.11404173692820
-30.7097532603095
-52.8389780285386
-65.2964907262430
-68.2748594289242
-65.2144849760985
-64.4837190892480
-67.6709733338373
-70.6240311771048
-74.9047369072615
-81.9590485285680
-90.9214892002435
-102.680676621963
-114.540056206360
-120.045447931680
-118.218608696324
-111.592628634130
-99.3499097189599
-81.5157399677542
-59.1014541751922
-31.7577694196905
-2.09982770354464
24.6856812897925
46.5904899540042
63.1963669600779
71.8690157982015
70.2691189359737
58.4209099577361
37.6315597963718
10.8106632877038
-16.4598436097028
-41.5539409814887
-64.8114683366203
-82.7921504504723
-91.3076663151880
-90.1087360467551
-80.6717706471674
-65.9221769076603
-52.2990940992169
-41.6005999889390
-30.7414957649382
-21.5667748563797
-16.4358389600927
-15.0090936678150
-17.7714517988068
-22.7202817815733
-24.5838289884459
-22.9069470365154
-20.8383911780774
-18.2805698605916
-15.7185662586710
-13.4394220868644
-9.01279820908777
-2.57926434027368
4.22661520208631
12.3624255703043
23.3589712711644
38.4463813688135
60.0030160480577
87.6294685795804
117.738230009165
147.996669352386
175.138205264161
196.149784311327
209.991661562494
213.025109341031
200.218614240264
171.609092786077
130.892295210625
81.9589077466102
32.0522471842962
-14.9110591740878
-59.7578482746103
-97.6977819455896
-122.331654246769
-133.353005045398
-133.051039550291
-125.391054376477
-119.293698785547
-117.364076287019
-115.402842557478
-116.158082912198
-123.216103380909
-135.937242552076
-154.351181502179
-175.144803289306
-190.241874662072
-198.347882727718
-203.498338405985
-204.727850522893
-201.632063079017
-195.009953336719
-183.172352674690
-168.077002043657
-154.759253345060
-143.867844310303
-133.969990577225
-125.819642468477
-119.221024678499
-113.663421229243
-109.704386655273
-105.641211448001
-98.0301397331504
-85.6584857786280
-68.3480126714800
-44.4198317415026
-12.4202823433710
27.0357892688587
71.9362870451429
119.118073518789
163.252141005195
201.243769758351
232.438653166611
252.966685490088
258.186853990371
248.598461737819
228.143938751606
201.996261329065
179.482159482222
165.609973884913
160.070618407398
169.021552689752
200.233422226365
252.891575241027
321.371020287087
397.723159265650
466.965384931439
521.980752501036
564.692877029459
586.619378936324
577.169828091948
536.176279296912
467.355877877144
378.532418475772
286.849524091096
197.800914540235
105.049895672383
14.8136990395387
-65.2768026275279
-134.690522811060
-191.345747611984
-239.143006264280
-290.294792889032
-344.497633227960
-391.632512426527
-430.255555858735
-457.568344006825
-472.062695665542
-480.465553074536
-482.875428663324
-476.103672782841
-463.706846260261
-450.280692430616
-440.950877208594
-444.650084653720
-461.598318176205
-482.807727154747
-502.861829755101
-513.110324467279
-507.494559582664
-487.560089552951
-446.571946837450
-374.296431225578
-272.415448190044
-149.140893105139
-14.3905197927281
113.399703267398
224.981763863847
322.290338155168
394.567180338019
428.322932929760
423.916553054708
387.614670268314
330.599918737795
276.045474326532
233.178591070070
196.593319757614
177.426038372615
189.435869759129
231.990302227966
300.649139834252
383.832257925423
456.156978866475
510.230816470045
555.772027192256
584.861228841504
588.434470821965
567.291031022721
519.835864818726
453.945272350503
389.790629983894
330.096212641334
264.416952743265
194.983913283215
122.509660394147
46.3704254348584
-26.0492043158832
-96.4864341070695
-173.358812978145
-253.914756305398
-330.678480841519
-399.735343559014
-453.543276613349
-490.234648740292
-516.740887439945
-534.161232324323
-543.401263794126
-547.380068176380
-545.431031860323
-541.061372034833
-541.234875073857
-545.352250092142
-547.994455679777
-544.717495482149
-527.089729180095
-491.325207553132
-440.534285379305
-371.045415499887
-277.643620602116
-162.951862609428
-32.7680974472839
104.287935155125
232.944042629759
344.707503917939
438.090437204020
502.731420946829
526.509514118759
509.547924159403
459.337891668189
386.926936410020
313.623160846359
249.905881167786
193.619329505039
158.050175005714
160.108013442130
199.575142448437
268.363934662286
352.964943529156
425.331545577281
475.608595372158
513.552005371284
528.322746109071
506.302721157033
448.930223046851
358.632052041064
247.544620731385
143.517212477276
53.2956438607372
-34.4789912656823
-112.994804537381
-175.618698994804
-223.492609591306
-252.714549797509
-270.543948936395
-296.316669084196
-332.140778825219
-368.860332985720
-408.435618188683
-450.552709793001
-492.758124296541
-538.254339951967
-581.257127051889
-608.739574485793
-618.185912279763
-612.197098416422
-587.949680535261
-544.771799067073
-483.773044866862
-404.467902488599
-311.906189801793
-216.067119554672
-120.970816374063
-27.1916665714061
59.7878342437163
134.572602182943
195.513918596972
242.093654627118
276.626657185297
305.892664494523
330.348801634524
344.542538287480
348.939653648584
344.276359210331
330.801665944141
312.747250416737
291.179754676813
264.882715714439
238.151249145001
218.091941148451
211.202455233309
226.528701361912
264.699969152523
316.055151514149
374.042812984889
428.553436656615
471.670025489190
503.030770356922
512.890201430633
487.075309396243
425.544683321202
336.759868386218
230.374580143917
125.756814603233
30.8192308488021
-61.0402830941791
-141.199489150498
-198.007383030863
-231.608617826717
-243.445158914487
-241.105171481290
-243.460220875976
-254.154050587266
-263.267436523539
-274.189625640598
-290.288786028636
-309.820748452997
-335.531583020585
-362.136963394253
-376.056784894323
-375.899408669264
-367.802340126830
-350.851410606026
-326.243160547394
-295.516666082174
-255.452145762932
-209.281642148106
-164.658323521626
-122.995512990841
-83.6481974527141
-48.5896299189149
-18.1854318085440
7.10342263173453
25.3080151904798
37.5397953515057
47.0518309385978
53.9963530575801
57.0316711523762
56.6987368450255
53.1135314289983
46.8020937709059
39.9097534492115
33.1538158347700
26.5044775948033
22.1555115018668
23.4292388642558
33.4882229023641
56.5643056156358
92.5991336558687
136.421776245313
184.101654166091
229.686215841442
268.267889596325
298.528815324072
314.224158388587
306.711737894881
275.798513164223
227.057471879332
166.564879081102
106.133901399700
51.1205205908615
-1.77926826989965
-46.4450162901650
-74.5349757635507
-86.0437192420980
-82.9905755478189
-70.8216668920194
-62.4157025610858
-60.7808206232544
-59.4369094066197
-61.2946504569558
-69.6970692150447
-83.4800986933799
-103.709790230488
-126.199006903251
-140.612883205869
-145.400881621261
-145.028951358606
-138.204819733272
-124.767203437961
-105.980004847996
-80.4337950331893
-51.4014242481304
-26.0972434429876
-6.47119257878121
8.06635679088031
15.0014819490164
12.6570734918815
1.40952936258600
-18.0190981677674
-42.2232013206257
-64.5993287937043
-82.2885697855468
-95.4365964082643
-100.267323390927
-92.5657175037549
-72.4528301997181
-42.2063162924424
-5.98280979768599
27.9666057836327
56.4258939889553
81.4948281260391
99.4488892315025
105.707861751307
100.678234855975
85.9352642438322
65.7494316951881
49.3138102138329
39.4638871418882
33.1308501888510
33.4042368453087
43.7295276658014
63.5220291849323
92.3466255281733
126.376580984741
157.038750383487
182.012990019613
203.988067515786
220.364442246974
228.631120441017
228.849951820897
220.085562692084
204.636080055267
188.549155358457
172.552342987717
153.567884020630
132.306982740013
108.990889758086
83.4431096832786
57.8184915051532
31.5391727188861
2.00271523382385
-29.8726354250850
-61.5343481919732
-91.5849558879680
-117.496926952265
-138.235882847341
-155.304041594153
-168.284165647719
-176.468927963470
-179.824475467854
-177.282359816909
-168.749869500903
-155.042387234977
-136.606183599634
-114.407877819716
-89.8157244266645
-64.3271025568592
-40.0887667942652
-19.8065243883877
-6.63705585081895
-4.38188302343027
-13.4761381659779
-30.6379289355151
-53.0309795640107
-75.8233584075496
-95.9369393068330
-113.771995349145
-125.478157648419
-125.581436377479
-113.945382170214
-93.1573290537288
-66.7030760221176
-42.0414637648572
-21.5455168916866
-1.68940856126680
15.1761294488891
25.8788504550807
30.7140617941346
29.2039615055895
23.6297532121329
20.1616340093533
19.4109338057094
17.7364829552377
15.4366274811934
12.2544956718691
7.97607431923788
5.43233307596757
4.54388146576733
3.42729958840374
3.39791941247306
6.70252271173318
15.0881133817460
31.6458293637080
56.2105056824368
84.7122679860834
114.666287321428
142.545681358910
165.063539224129
181.304592373314
187.253501517819
177.196697409533
150.867059404387
111.688164519357
63.2291873156594
12.6067973514984
-36.9171509938912
-87.3862276307094
-134.981506356574
-174.415033747707
-204.826990342486
-225.818026805703
-238.910095514755
-249.619755264465
-257.487057835023
-256.554718865184
-245.637152347878
-223.258184701405
-189.295673914034
-148.989098192710
-104.467524308582
-56.8770640436974
-10.7177011570438
29.4597738558672
57.4469530134625
64.2906662944876
49.2849429117548
19.8373831608081
-18.4832089766661
-55.9435284930975
-86.6290734296516
-112.438351265365
-126.388556051568
-118.233140335201
-88.2467970784097
-41.4820160360799
14.9273067794229
65.9091231371994
106.284709698057
141.973823872261
167.588010771273
176.206670920765
168.940194293133
147.042526413057
117.126391169431
94.2337307967833
82.3461624628907
76.2415723850269
80.1882920550735
98.3542079418231
129.769641885954
174.787166933696
227.950321742544
276.782350676943
318.139824795087
355.654149718192
385.660784893886
404.959276781220
413.107484746554
407.547334926977
390.440530572921
368.826768271576
342.359711591843
305.763175902424
258.348319489694
198.350431611921
126.082346317131
47.5585811652850
-34.9362616645665
-120.179068041904
-203.252727965044
-279.147289722689
-341.246707400599
-380.064200142438
-394.507545303326
-391.787865099521
-377.081346332789
-359.673968503754
-345.271141210393
-331.869828657111
-326.378099543448
-339.118468716947
-369.395402938176
-411.173171093211
-456.507234944672
-489.305699316658
-503.547357476314
-504.784623896398
-486.734259071096
-441.364113729704
-370.299798589859
-276.679440511424
-169.193397008173
-66.1244116461306
26.0904152233812
111.483771215207
182.636315794639
231.466795929068
257.901146922532
262.419461932997
251.632491318550
241.260337556543
235.134684661886
227.080379641816
221.612156931742
223.477574295333
232.553122107189
251.118243616235
275.441149341763
294.789106500357
309.222065618637
326.572807662049
347.849303278592
375.601893723467
409.910542587249
442.834424867754
472.102035605110
497.426224645563
513.347713785247
514.496915411518
493.681418883703
439.952849749579
353.261791750192
244.285742762488
121.047356395269
-3.17395862989312
-119.304498863768
-227.785399212705
-317.737325636660
-373.785491214769
-395.359103297237
-389.674031127375
-366.197246418057
-345.194017266060
-333.963914498891
-324.462617965900
-324.749930174658
-345.679808509290
-385.273057365787
-439.708865162336
-498.243154831894
-537.671314834167
-551.116885287829
-546.331206172502
-516.172600595252
-453.147346825488
-359.798625043158
-238.563996517027
-100.699972683212
30.5002975458995
146.600096495755
250.872620857963
333.116742634812
382.768889677942
399.464015636238
384.698547932969
347.092181023221
306.366115510570
269.171757761671
230.768147248094
195.274328431407
163.009645859290
389.529259215590
382.241909401470
384.192067455702
400.562060477542
431.449850092820
466.782419875905
502.342406414155
534.324959300849
555.500099703952
561.427445113550
542.994740035148
486.574587153446
392.172494169325
271.311092603644
133.869361642735
-2.65895399754644
-127.924109974883
-243.980244050013
-338.528402266985
-394.499776964211
-411.704973413718
-397.763830298952
-364.082783918859
-335.161392247945
-319.485188691462
-307.673347415836
-309.050360621332
-335.701344237945
-385.452200283255
-454.632374328638
-531.038046706001
-588.054727968306
-617.989037878067
-629.668844077716
-614.993065297890
-565.633898524307
-483.847186265185
-370.946664876486
-238.363572103766
-110.771262319267
4.04646772149339
111.272203117467
201.637264699141
265.985058721656
304.068970851534
315.306817898012
307.754045344592
300.906459169555
299.513531339239
296.693409346055
298.692779419680
312.095036763847
335.046333774134
365.669231598985
396.221964079558
410.310420714744
406.727408408147
397.981852463881
398.751928561816
439.273761895782
459.831099099123
431.757106292599
373.039550290305
354.500976095140
366.758031434046
338.189364966696
281.064340817142
218.884525111835
140.101546340236
46.3579906172062
-52.6175771572639
-152.335052776090
-248.425754240612
-338.987654105172
-417.956884406041
-476.183290994652
-512.816821592240
-532.440513663934
-540.047550280722
-546.336537492129
-555.477466811998
-563.142919136009
-574.073458476539
-594.974990741838
-624.098661541714
-657.308244613113
-686.973633336517
-697.938648794529
-684.421876539881
-649.746841776800
-587.613662587422
-490.885098845330
-362.177872134978
-207.676516782135
-38.7706132390112
123.575484954575
268.775956251517
396.240406431461
492.859641220298
543.426456763722
547.581923217351
512.692522644588
451.454450381628
389.702274467035
338.169128416826
291.106275354610
261.745996765113
266.825469020967
305.715195877922
372.449605129959
453.355380509823
518.659720345058
559.810313577027
589.052849943209
597.588928281496
575.157694380567
523.621764339415
442.166093347935
341.352627022939
246.633352001212
162.840757431814
79.2841334845171
0.630411607498087
-70.0266232534801
-133.621630435784
-184.197340096208
-226.619778772447
-275.305431698099
-330.493262080299
-384.819994672355
-438.325592047937
-488.181238474201
-532.117379972897
-573.616088511071
-608.833516019597
-629.414197024975
-633.971304028008
-623.254969346565
-595.685634078914
-551.838726712466
-492.611582990503
-417.967936743437
-331.590381161006
-239.995664238626
-146.737096481300
-54.0208156194897
33.0926822750219
109.305860504782
172.720128736351
223.692614731936
263.852279576577
298.060871481222
326.764252458149
345.408232983807
354.521292793029
355.386042785013
348.261945825021
336.227394683232
320.182455599801
299.059932372980
276.615717538152
259.539530880990
253.707583599409
267.078521052855
300.340173905758
344.949512176252
395.148970519402
442.122718107579
478.925848625719
505.312882386430
512.726469713281
488.646190209378
433.078816209512
353.556606688249
258.639997187728
165.480734705344
81.0371578349661
-0.644253663734958
-72.0561412850794
-123.053359955653
-153.894792415945
-165.927545561820
-166.005664366479
-170.983805092692
-184.311507841083
-197.561811597763
-214.057036705675
-237.123722994372
-265.030121499740
-299.367190082158
-334.648701520600
-357.707100462992
-366.302755945832
-365.279960613644
-352.525010467717
-327.433799804407
-291.659196045967
-244.321856630004
-190.349144792954
-139.916822039603
-96.5118670828736
-59.9751598137991
-34.8261199961747
-24.9622643440717
-30.2675777366201
-49.1306326696033
-76.5506570657950
-102.559823143177
-123.031402571664
-139.187695195624
-145.684948546940
-136.247065511436
-111.048175869670
-72.7999934859832
-27.1595387927966
14.0873143385079
47.0885275912808
76.0026547449360
96.6538067333654
104.033817623100
98.8341015585382
81.7238477455635
57.6464914955412
37.8977422922295
25.2187254287961
15.2999046908562
10.9694500937816
14.8538209859758
26.2987643736192
46.3310440751523
71.4410504571944
93.1060395355870
109.716334254371
124.308245795435
135.084227556366
140.930580445541
141.862445051588
135.719659858144
123.866662222356
110.713278468235
95.9344713245148
76.5525290578698
52.0232261996639
20.8185742122650
-16.7497379881195
-56.5924092548353
-97.0046601852645
-136.662981418762
-172.341051619836
-201.258845382296
-219.226295129935
-220.237454424461
-203.921416761867
-175.167712141533
-137.856789930645
-98.8348859235960
-62.4026909413913
-27.8110692972701
-0.219095982602416
13.0913708690199
11.7534599093874
-1.40878012693975
-20.5878322535693
-32.9670256142325
-37.5062266618519
-45.2669600761497
-37.5551353269034
-18.0851501186532
7.16404700739841
46.9829492702691
89.5342542510192
125.391450808633
150.922133932841
169.632938360020
177.929986830974
172.183843866532
153.325153371238
122.055803679368
83.3792293005384
47.9796776521539
19.4504947642728
-4.10710961331604
-18.2917596227861
-18.6001525791017
-5.37166686206148
20.1016493126342
52.9022780272910
82.5863672361676
105.717889668943
125.040721863023
136.459384327750
135.417701898049
122.436443433866
98.6890242831735
68.9913958937004
43.7945711441504
26.0866906955053
12.3624016690880
5.87326130949809
10.0208438106516
24.0968131911008
47.8693148620761
77.1283373749185
102.468923167340
121.394696795458
136.743581762719
145.712882645476
145.715703288811
136.969535555343
118.717769902039
93.8003683512186
69.2072505032903
46.1820476874553
21.8505824323315
-2.35404183791390
-25.3718722332097
-47.5733861312114
-67.8101586525727
-86.1533430576714
-103.641407119896
-123.406302150276
-151.846945266479
-177.993703777943
-173.074591003951
-183.946362982860
-222.484936478058
-210.629085960320
-199.332185748684
-214.708240820232
-199.831515973086
-187.412263729531
-172.978783903775
-155.110422241817
-134.605659479025
-112.100782751071
-88.5013046418160
-64.8960756599780
-43.1092873339055
-24.8646453948403
-11.9562227812520
-4.86859088040445
-2.28469066009980
-3.08590162404333
-5.33286594056873
-7.78356744149732
-10.7416145214826
-12.5662756469951
-10.8110638547071
-5.25253160544340
3.32103752028833
13.8002442359459
23.4541121995638
31.9178388058310
41.5084766681165
52.1808746469402
63.7381406561228
76.3063212844751
88.4070951303477
99.8777904289548
111.527998606512
122.327800496479
130.548042307681
134.688335793847
132.419975302525
123.776561244523
111.621050215366
97.8602560317811
85.3193302745092
76.3080440921083
71.1222021045667
72.5269914337463
84.4728760973175
106.389550260444
134.604582461791
165.072445155544
190.636669982882
207.256750440029
215.132692142759
209.425076440309
183.924260085720
139.060158237005
78.8968916825379
9.18700710976466
-58.9791620647341
-120.434180520217
-176.831441762533
-221.956906120270
-247.989657061663
-254.853428036265
-245.269545444553
-225.016885124531
-206.798600123447
-194.564586998454
-183.413646381706
-177.734989729587
-182.894598870018
-198.110844762583
-222.807986731938
-251.804967687319
-273.085989223129
-284.045293446331
-289.799146286517
-287.853208710631
-276.078547692307
-255.724531682039
-226.042152862716
-191.327070317532
-161.254465996517
-138.252087556605
-120.084996885447
-109.559202866245
-108.746718692654
-116.582811769292
-132.030889858316
-150.238407102894
-161.783021034965
-162.681086534555
-153.077806940018
-127.892852826239
-81.7084175985477
-15.4071730171601
66.6876715024327
157.421981535659
243.638680690631
318.843733313942
383.681304966413
430.167472156261
448.615931665162
439.293634625552
407.294986853364
361.210624344870
318.338424977583
285.644833578804
258.966772626974
246.508361165024
258.470495203518
294.085050462303
349.621292735301
415.904671777678
473.250993618775
515.442794264464
549.063278673957
567.287225092471
562.312706114449
534.655458209923
483.995114273518
417.102362482858
350.580110027269
287.514388684064
220.281007951924
151.963312821190
85.0064055517151
19.2060128925064
-40.6252734547972
-96.6775533806003
-157.320066940612
-220.987554312349
-280.650136907637
-333.801538649537
-375.498091452034
-404.191551023757
-425.469208006615
-439.696903555515
-446.045805490840
-446.879495121863
-443.029027400703
-437.571045251472
-436.531957182354
-440.480713300971
-445.877492749271
-450.900579656855
-451.492491755320
-446.419509028476
-439.522989401566
-430.109943208349
-416.329691736605
-398.378993464547
-374.831859987016
-345.879549464010
-313.832080071335
-277.490613292842
-233.447047712285
-179.696752541450
-113.212311322683
-34.8362540456108
49.1155338453053
134.095280346276
214.126140689024
283.424154070118
339.277234959939
374.591715674178
379.787681925397
355.015817247319
307.975352938514
246.630846011166
185.371407940880
132.413390934326
86.8131566720405
58.6823056010970
61.4942393449632
95.4529466902151
154.209255866369
228.244422563981
297.523724065960
354.839116618295
407.407343160173
447.184420426155
463.734313529956
457.061022487833
427.121528447300
380.564466006286
334.866375216615
292.124110192605
241.412230283498
183.999377128028
120.386058668803
50.1268309146390
-18.8535187897145
-86.7083310177353
-159.220813652594
-231.974455924976
-296.620548605743
-346.903043243119
-372.531663694006
-371.950249837628
-354.893346061842
-325.737543169045
-291.015028921163
-256.822840260766
-222.334101881915
-194.870031109433
-186.301324882745
-196.827410144589
-220.207724170162
-249.913203284982
-271.980930863682
-281.645302498844
-285.823222545543
-279.896508820022
-257.251519272017
-219.234296332974
-166.835198080248
-106.095219699126
-51.1273035160503
-5.25827658535284
36.9811319237850
72.3228163739502
97.9269268309915
114.259355483881
118.926295964575
115.196519966062
112.055637265840
110.501729116884
106.699343634008
101.845040714361
96.0319456985919
89.3400973451375
85.3103252562349
83.5182683172213
80.9041116910120
79.1722451369653
82.0507464399312
91.8951643372290
112.686831154711
144.382305267517
181.463537033425
220.847524096357
258.452442929097
289.769523304301
312.930931343173
322.210514681641
309.376840857801
274.078019278870
221.840081950489
157.928340312505
92.4592717035360
30.4736909430205
-30.5521756539321
-84.6146752645809
-123.260239005836
-146.371203163656
-156.577672878379
-157.028099290590
-155.514485798815
-157.177256775077
-163.641111212934
-162.882705015187
-123.465801241933
-105.981357888762
-122.420255205725
-96.2076665006550
-67.7931072786869
-51.7607200393626
-22.7264428120502
-10.9401991151924
-5.71035140944697
-11.7270211266406
-25.5795845578504
-43.7865199347050
-63.1543791316069
-80.9101693402855
-97.4885434782922
-109.014821586672
-108.996701543908
-97.3022371839067
-77.3742190127206
-52.4842619784420
-29.7184137562090
-11.4010163990978
6.39421068859184
21.5751309377013
31.0059451586736
35.1052555791785
33.3792095720404
27.9614927700412
24.7804708905856
24.4327293771608
23.5282731760382
22.3860253605987
20.7500697949714
18.4201203431621
18.0533615037569
19.5478184316026
21.1016229817564
23.8651370635095
29.8041697933844
40.4009208166492
58.3589503209748
83.4810352251691
112.092723969304
141.957171022714
169.933709879644
193.016035679596
210.233573412187
217.894636515289
210.777359412697
188.607649510891
154.550800870308
111.852778439563
66.9539071384575
22.8652857868765
-22.2039978727416
-64.7021403438862
-99.6934515118447
-126.489511649592
-145.060656561246
-157.087000010154
-168.000618870827
-177.722673006417
-180.987163798732
-177.122129550060
-165.302615512673
-145.210289253513
-120.788292196186
-93.0839351693455
-61.7393671206842
-29.8393177480285
-1.13321500263395
20.0016844315217
27.0131704084273
19.0767573039236
1.39650553902892
-22.7189500988839
-47.4693214801962
-69.2931677554359
-90.0225187305405
-105.564918187273
-109.502679236982
-101.808018517096
-84.8360007770903
-62.1718017207264
-42.1441020037985
-26.7776036391548
-11.2747973443096
2.67527470715188
12.8500705240914
19.8588128573261
22.2949276385091
22.1771125789533
25.3923457941099
32.1582486837050
39.0882288013303
46.0491966775503
51.8973610647209
56.2797341016486
62.1238109525152
69.4117986366804
76.7459368651060
85.2213816274597
96.0584647347238
110.556452027142
131.322011518076
158.028822512346
187.335729666108
217.082027037635
244.053629947694
265.521423025658
280.852977135611
286.786743045603
278.772514566081
256.530917123866
222.522408070287
179.479540457142
133.011144979351
85.6089954431771
35.6329464322276
-13.9340811457421
-58.9853011296178
-98.6022060973135
-131.929923988391
-159.616513234760
-185.264495779981
-207.787495079930
-221.898265844288
-225.723934307710
-216.966660779098
-195.439200606368
-166.134006497188
-131.598277668755
-94.2972849091314
-58.7387407413726
-28.4765645092955
-9.65405689648564
-11.0339477768778
-33.2694657871063
-69.7625456215047
-115.083610509645
-159.307182756964
-197.079852944086
-231.029472756286
-254.961646393139
-259.844170571459
-245.868207457259
-216.592400136585
-178.046002450874
-143.610490561242
-117.159006591209
-92.5648037130385
-73.6355398166417
-65.0987071149215
-65.9105238152956
-76.3500944041970
-91.5486178022911
-99.7754399955254
-98.7748014905459
-93.3930555871320
-80.8516145006867
-58.4434469543080
-28.5976285020057
6.17268144724821
46.5742600838605
95.6086555196594
135.234034894366
149.822323775903
190.367810429875
218.591468395892
225.566680624728
238.499317340792
238.630397153472
235.853201707652
229.594895752406
218.385549882124
202.091217454988
179.110801719072
151.173939188884
124.400532138197
91.6001156573532
34.0533994794632
-11.6488350069181
-20.0538158480322
-42.9402857082467
-57.9740828788987
-56.7587055023027
-48.2128118595546
-23.6639341883874
-5.79925377834977
5.97241909119462
16.0592309812807
17.3474202023672
1.95703706136445
-28.9891896989856
-70.8743682349593
-118.136431578009
-159.576238085271
-190.380326953550
-213.454380779056
-223.405183470198
-213.234699213813
-183.626624327088
-137.452467771785
-81.5395218925714
-30.3359907812095
14.0344391692356
61.4676748476905
103.751869036636
124.333065174305
136.737487407629
173.964181970532
163.621462153800
111.909323081904
120.524460950324
144.582594018092
152.247568927788
166.222264375244
153.050612694278
166.717722874085
193.840071862312
206.848015374772
213.430616058213
225.142010570766
238.729933112486
255.058727561016
275.445975610847
294.782518692894
311.222511762261
324.040913248844
329.979738314867
326.543628357947
309.646768894909
272.986231698833
216.495504501596
145.733678458787
65.0346743369247
-18.1106026491566
-98.8918423912464
-177.887043288701
-249.320448823638
-305.059247407447
-344.121527766879
-368.640573500472
-382.092162255654
-393.316631877780
-404.162653506060
-408.686113190800
-408.596620818196
-406.496627226130
-401.961783143535
-397.221831147841
-390.864920769933
-377.365329464542
-358.075307412984
-338.846355829780
-322.285234556390
-312.670227928475
-310.596218860943
-309.891143054746
-308.089033526020
-302.642346495198
-289.599795054723
-267.705393017304
-232.107852908323
-175.116478799623
-97.5644941489530
-6.83260866004331
90.2673089474332
181.918384994010
261.242696385420
329.148416003009
377.692664431453
396.284515319693
385.355879951636
350.817249119785
301.338238479087
254.343986810177
217.363753507393
186.784963994405
171.595977191195
183.137540843360
220.905732504628
280.585773523841
352.739708310341
417.079028161420
467.037509857817
509.564579125471
537.366525682071
541.804807017312
523.188777979156
481.047312129120
422.070884178342
363.205143775519
307.028994594148
244.558554496327
178.026728602188
108.874768487336
36.8699801681957
-31.6138501325772
-97.6850962777683
-168.263225692518
-240.327216366329
-306.220170173264
-361.552026644168
-398.740583720827
-416.510060438123
-423.031066269457
-421.276271951341
-414.913211443825
-408.932879897708
-403.983490771747
-406.258807838355
-425.886022327446
-462.232141980970
-507.166893173782
-553.162212744979
-586.343694617669
-599.730755384274
-596.473819697356
-568.878863223238
-506.451418843097
-410.792484066699
-288.463264731062
-149.917644814781
-15.6898735201849
105.203496458213
215.871413027834
305.695285304935
361.886037379976
384.016556809155
375.305960676673
344.931670761273
313.824773559536
288.113367703934
259.684912136792
235.658788836628
224.554955986985
226.246639204058
242.341921022701
266.914073390754
283.716845617307
291.901434380116
302.726900622333
316.564779781799
335.323413921174
359.803401164120
381.098940543816
398.456268823671
415.498546732474
427.145721519925
426.453437621796
406.448092488535
355.636632844189
273.660162264915
172.422869575105
59.3089731712503
-54.1144870154476
-158.995238821280
-255.780042476979
-334.051560634807
-378.425238552750
-388.360917679684
-371.290530139861
-336.202073947549
-302.383395956411
-276.868269788886
-251.772549317391
-234.769040740403
-236.351932610721
-255.229956962694
-289.060389017308
-328.992515078046
-354.682772214330
-361.222888685989
-357.252460753044
-338.005815384110
-298.787451140364
-241.860612018252
-167.009102297452
-82.2882641689702
-5.42488406180231
58.5830123492988
113.537021845310
153.651320925244
174.002600914873
175.087012216639
156.692649549746
125.198446052895
94.8472228801099
69.8116508868633
46.7228759921228
30.9102278793860
27.7299427845300
37.2520050509596
59.7418730741342
90.4299014569261
117.779554657195
139.914996764695
162.878719579274
184.957708609208
204.823377162272
222.621288964802
234.258869774943
240.708924480880
247.110692221057
251.394905039177
247.767721321341
233.021046655633
201.738806929658
153.519579792003
95.5497192685760
31.1996291047315
-35.3760378753569
-99.1102721563717
-158.465952477418
-207.184177229495
-235.760493007335
-243.306567280562
-234.818583226558
-214.819858666994
-192.953213031574
-172.971490546138
-150.184330902997
-128.632229771727
-114.439607036017
-107.313457418959
-106.714301354540
-108.988160692458
-104.563304923723
-92.8048094710126
-81.0349515657727
-69.9070387663695
-60.8581352334610
-54.4005338074908
-44.5594719748080
-30.8283873739450
-15.6539358702335
0.879750178597476
16.0748615482041
22.8461100865328
10.1808274574579
4.01040135071636
38.7160777981364
83.0061747520954
94.5652068270259
74.6850902180169
78.7266151024132
91.6469872514659
81.7946629672443
59.7179115112218
37.9921534741608
13.7573373797205
-10.0663718308308
-28.9546882075493
-43.1517343321723
-49.8198042165119
-44.7665265804874
-28.0672798039950
-1.97201011581737
30.2069446461003
61.7916523110648
89.8517230614638
115.697563206539
135.778774898586
145.603264920644
144.729395661378
133.642123281307
115.652443844682
98.9013879882522
82.7608340136064
58.3388023478866
33.0413068190809
24.4005073981121
6.79038813025445
-31.7650813841032
-36.0075205604720
-51.0884600869448
-84.9712862238315
-89.1529405432732
-87.8767667544890
-81.3081078690883
-55.4698540236381
18.9409533130409
46.9212332479027
19.7803941088869
47.9032238706985
103.932240975138
143.324524668274
161.084063896109
121.280014606005
89.9163856655905
57.1700869978125
14.6592199006288
-22.4573123370456
-50.8127914580920
-68.5712000307759
-70.7359351461907
-45.8199197095043
27.3407313278927
42.6968462444229
-26.4792020505885
-33.8884372310836
35.9046056131597
94.4740590961952
89.1347013028611
16.8093531673395
-10.5760826705189
-5.09580751990739
-29.1907430465690
-56.3847880435221
-66.6150760305735
-70.4207098940102
-70.2062707184711
-62.1553042314369
-45.3338496029307
-23.4837735134556
-3.47329496836393
13.3347147012898
29.1708445558123
42.3731935326508
51.8416602002842
57.3731695803756
57.0256682735697
51.7064613682097
44.7942644979420
35.7185885346526
21.6250870040200
1.67238778482576
-25.8126416936295
-60.6717012027130
-99.2395220582474
-139.849591316662
-180.955838473384
-219.535105228219
-253.198853853227
-277.966726261635
-288.148555185421
-282.758515945453
-264.930500256629
-236.934385620372
-203.504175161832
-166.803722673201
-124.427153547440
-78.8832741854321
-34.2499433234786
8.55608798077282
48.2748148056056
84.8840545119482
121.062250809709
154.708015219133
179.517279523916
192.060900050261
188.090876818879
166.885173459380
134.234412082211
93.3235323430997
48.1139710136358
3.48532453620129
-38.3941545717459
-71.0466250822527
-84.9412522931383
-79.2067421267559
-59.4298955993716
-30.6108416572761
-2.91717758322856
19.6002059879163
41.8834834428536
59.7145595600886
66.6612285473013
63.4908929346079
51.6557491737291
35.9799627678603
27.8568433033609
29.6771635633935
35.7785301292184
48.1219021683832
68.4809727908593
95.5301282427924
130.427920583459
169.438989665155
203.801928798378
231.494061245418
254.464544858230
270.330451144842
277.598439874342
275.916664221232
263.283322511521
241.075105555525
213.671811078683
181.113846549269
140.909029320484
93.2635174537935
37.7844427867195
-24.6078001119896
-89.7080448855406
-155.345894675756
-219.866642782403
-279.135044869781
-328.533551230325
-362.499076962586
-373.613441994256
-361.303059813371
-332.153741071014
-291.385497569478
-247.810852733653
-207.557247563598
-170.637371907587
-144.821596598776
-141.105066268868
-159.529173936761
-193.752377668904
-236.106551568304
-271.092036288576
-292.669338258655
-306.429055220017
-305.856326252428
-282.197520836018
-236.509365361864
-171.330804100449
-94.3410942435026
-22.6349518100313
38.9586690240971
96.6474690578576
145.370632467930
179.759567653393
200.434227462157
206.190312941948
202.301476396530
201.984305849087
207.581012518335
213.573641462081
222.505572954849
236.104392095039
253.795038327162
278.279965602630
306.687847208952
331.046547334978
351.157629221743
371.354283795386
391.762253436739
414.005606800740
437.755690631122
457.492715318514
471.674463280401
480.107068477797
479.135137600100
465.117716277599
433.399289203605
376.950183540809
296.064173239150
198.357982958411
89.7345412636924
-20.3410741776542
-124.848023012841
-222.782219275919
-305.474966453169
-360.990407673517
-388.511052750077
-393.862258321652
-384.098544912481
-374.147778595688
-369.713033559328
-364.977519979523
-366.417014279358
-382.999770683125
-413.528161547414
-454.971521078582
-499.423591535717
-529.492041862168
-540.452898876723
-539.281354193766
-521.377543810979
-481.872887547192
-422.551238000741
-343.694563974640
-252.456837717907
-164.565057344558
-84.6658693316106
-9.37587899778141
55.8646234138126
106.088301332606
141.095615744782
159.773905409033
166.681230713740
173.196023875643
181.533027882270
187.039092259072
192.482228875520
200.351104260789
210.713433715128
226.248903176405
245.070430446658
260.741972968551
274.414865489403
292.237471176526
316.390242584408
350.631715118979
394.751660814990
440.985144082160
485.566340493880
524.690920970018
552.171764563335
563.930460426857
552.009658817936
504.913961312080
422.611906334665
314.932416660299
190.491159098997
64.4605886861302
-54.1639081352888
-167.025012604109
-263.389782177582
-328.415620262226
-361.569867929277
-368.808490967075
-359.341032530369
-353.516508552403
-357.838511620232
-363.457378185063
-377.382154923887
-408.820316833756
-455.660908620774
-515.444986438920
-578.325787491060
-622.659079050352
-642.616518424019
-645.717008886808
-626.090375206549
-578.138672206643
-503.769607882254
-403.146200495360
-284.940200123612
-168.061987390671
-58.5217217617245
46.8568318702383
140.626381569213
215.650052562932
271.112356705089
305.918892230607
325.556357574285
344.052772406718
361.769917839926
367.544057663046
370.207627922297
376.649590796772
391.673978319344
420.205887579555
428.604712170802
358.409009214668
338.842132000956
368.508618717837
382.772871822255
392.378639543897
384.057231139973
390.535408543364
418.874982493732
459.197541311712
461.773043858215
404.989584949396
396.597556452840
357.970425869223
229.965468757235
112.982908610727
-10.5723827664388
-144.667194026515
-260.216047759032
-365.880644640998
-450.158809175807
-498.544866559036
-510.815359056390
-492.794928405128
-454.214954182568
-416.325108054906
-386.426464005480
-356.798161231913
-335.734942699612
-333.790890259746
-349.625881480600
-380.804457252766
-417.602477967217
-438.124456827819
-436.813934089398
-422.357051681524
-389.145818462572
-331.564764057399
-252.216161914713
-152.001531189110
-40.5989027316130
61.4775814566347
147.729576015242
221.900196334506
276.427436097266
304.260236737007
305.847697698424
281.988229827115
240.781719595016
199.999353598697
165.293494773566
132.538898316796
108.898300581261
102.043451878276
112.130007663424
138.926114123986
176.136208248064
208.605250460134
233.695303231317
259.435337294880
283.408506768757
303.469405119033
319.842394174741
327.424313081447
327.680341065432
327.744232867603
325.079324885979
311.935739761214
284.283092704743
235.273811727224
164.612822445225
82.1874937579396
-7.21347386779025
-97.8360742589906
-182.494098679498
-258.524139489716
-317.027571703717
-344.700114257232
-340.562732974705
-312.489242878408
-267.627657986158
-220.440687133897
-177.454347367125
-133.414176446501
-95.0165433552809
-71.5164932571440
-64.6175228192851
-76.9738787398884
-97.4871768212460
-97.4976974095495
-94.1637469766082
-115.699259964299
-102.891068307939
-90.3728258215819
-97.1961528069662
-78.6591858851856
-63.4366783259440
-52.3249360259161
-45.8832732073924
-39.2689744350435
-32.1894532176221
-22.6208963944135
-7.69034531885952
13.3057562806620
36.4775339934419
51.5840997269787
69.0430215020615
119.194385022601
122.011068076653
55.7945515275855
37.5660331618686
44.5349792289440
29.5514298318178
6.47148795966717
-43.3700658810975
-62.9419586516567
-56.6827057363675
-52.1000447623987
-38.3691787496235
-7.88418023525128
28.9389461812637
61.0090599873072
86.4510060692965
107.255938882084
118.516108849264
114.610588210371
95.8042088824115
64.0514559953798
24.0368828882423
-14.0297645332397
-46.9434454137101
-78.2690482948354
-104.437236531576
-121.272611582756
-128.789174611718
-126.303651193445
-116.764772781230
-108.102670058355
-101.117906655612
-91.0245215804851
-78.3380994270471
-63.0262120715950
-44.6413264156196
-26.2992061926836
-7.38851629669382
15.3232653267653
40.4777820761752
64.8817624214042
86.5069151456252
101.646290701859
109.351038423367
112.589214956375
111.871950110434
107.876805333491
101.639655453432
92.0968030707562
80.3586905650803
68.9792319669210
58.2469678343838
47.8248100457601
37.5546938833749
26.0748286416697
14.0474831050846
4.44763771871725
-1.35432921483404
-1.84771753827229
3.30850155620018
11.6611073816406
21.9078868907863
32.6072153138673
41.7852780009312
48.5264604484972
50.2427814039731
43.0695312662103
27.1918789472559
6.02883490099451
-17.2447596479620
-37.0162090835854
-50.2327366776344
-57.8153060855443
-56.3044712940690
-40.9896549484942
-12.5516557659586
25.7417165855135
69.1451065589026
108.558864475293
139.760385797601
163.925281148917
176.060846532797
170.044327897599
146.083052500725
106.865137952787
57.6457604238532
9.38835117888126
-33.7892790064245
-74.7418306017409
-108.592709243922
-129.411426438803
-137.153955851146
-132.599344786486
-120.035425086210
-109.766693050147
-103.893190905348
-97.1739418864887
-91.6397152812483
-89.3828916859475
-89.4877531293948
-93.2507325681609
-97.6210017641173
-94.8872485531807
-84.2140511775529
-69.2162774757474
-49.3867842104890
-25.3330833092784
1.58924086943921
32.2546275766006
63.8159739086599
90.5320919414636
110.374181436302
122.812310182786
125.189432996835
115.466167219275
93.9240966569510
62.2084454694431
23.8606248893911
-14.7132174753320
-50.0470801642217
-81.5608272767685
-104.626244036904
-113.685864891184
-108.375638983700
-91.3646373680361
-66.7340558055525
-42.9055679576541
-22.9361270506704
-3.71161883072260
11.3167635705474
17.5815095811661
15.4334426068179
5.65764029328107
-8.10546006617171
-17.2862200729934
-20.1611603303963
-21.0345698292661
-18.4410167567519
-11.0603463932058
0.291894344465215
16.8882472884334
36.2975424224282
52.4011354206781
64.3096349023343
74.1957493319578
81.1695326382755
85.2182409621053
86.4576662170901
83.0124813353029
75.6978383808471
67.1931428028032
57.3641420496648
44.9949329556759
29.9187426393451
11.1104260759755
-10.6867897914787
-32.1586746155954
-53.9535154535015
-79.3472871757238
-102.231015615146
-109.370645187550
-114.967195685094
-134.656067922576
-113.764002271560
-91.7287011452641
-82.3838203437152
-56.6338869457842
-38.8232080882368
-22.3036183077031
-11.2102818308912
-10.1844158822622
-19.3455016323854
-36.2445666750342
-57.8415549146118
-77.8397522034045
-93.8849284713729
-108.417394485816
-118.885115779288
-121.831729135649
-117.368023567381
-105.697098094974
-89.1162711777661
-73.4796175481974
-59.6804158547005
-44.3564019964152
-28.1792347671266
-11.6300609871996
5.54296216398042
21.2995789582094
36.2150734524676
52.9634287670291
70.7644363266717
87.2438086631189
101.225055491557
110.459759656997
114.894002969058
117.770635451083
120.566342434389
125.021180947274
133.396932409905
146.520815344182
167.157573743136
199.474995598996
242.623822734710
291.722972836112
342.046320457232
385.787492987309
417.850142778511
437.531199507031
438.673357039673
413.294813268686
361.385175612970
287.762941047352
198.708201732209
106.550673628032
17.0118827947520
-72.2624888161881
-154.338019103573
-220.186332155282
-268.789007800611
-301.143385867909
-321.549800803181
-341.528629243963
-362.542943198721
-376.295635171309
-383.914940956868
-386.967010526206
-384.005706226918
-377.631035560069
-367.636959652915
-351.343071414368
-326.811692378207
-290.095458304249
-265.002260160491
-251.846655733256
-232.338886175190
-226.422941266230
-216.425186879228
-204.680486012464
-187.555019888792
-165.973150594037
-136.628003553148
-93.3949266297214
-36.7690856115973
29.0797913353016
100.128084731630
168.416971170679
228.894431673174
280.746798964217
317.608147985057
331.517873793816
323.555769321630
301.017623624879
279.522764378367
288.913463835270
298.211711612067
268.552957610374
238.804456597778
257.543532092036
322.573174192934
369.033925925603
404.348927972848
445.465653662060
475.414461696139
485.764576110453
475.492488715273
438.315110350245
373.059802024894
283.778454390112
179.300672310664
76.7181331004167
-17.3757986953020
-106.699878028529
-183.488406201077
-238.609295483163
-272.095837569045
-285.699376712412
-286.675796668192
-291.714183029486
-305.143889483035
-320.120063352983
-341.414585695580
-374.304986484782
-417.084189600567
-468.997412211966
-522.774185296091
-562.514175294224
-584.084605511734
-592.473609560301
-583.394518344699
-553.144182685544
-502.852867059063
-432.162499902361
-347.006668643086
-260.496633344291
-176.366204477401
-91.7539256798742
-11.1642287798987
61.3495635354835
124.730680678196
176.134265894757
217.457847737042
255.702554391138
291.937413380355
323.782690711936
354.269375703049
386.938120993269
418.194544998632
439.875571181459
446.601894157056
432.313586331416
402.128201136784
376.973881136631
389.438890359382
469.171406229351
486.426302763079
424.967899999513
416.398035034368
444.682115058564
449.870886230921
439.241971757052
392.099194661568
336.085526474126
270.582349128616
178.872555813760
76.6036196424341
-20.5409649882972
-113.161130985461
-210.176735589975
-296.631544624417
-342.832416381590
-389.107314781443
-451.028600012770
-452.956936001924
-460.898284146610
-501.001027122807
-509.485757256080
-527.021490319285
-545.360558790205
-564.257279988455
-582.716281265873
-595.517895519425
-591.650341886081
-568.020948920956
-527.728314354575
-467.669116932765
-385.160737648178
-282.650752232872
-163.630371264035
-36.0082249368814
86.1582586739893
195.302806440179
289.219268404407
358.308075846396
391.892701041955
389.650421149010
357.850108447863
306.071754920376
252.894229697816
207.208796573744
166.599488296863
142.373500668286
149.032864006679
186.409772903554
247.993810401482
322.410916073720
385.695533013149
430.036534319304
464.761196396208
481.597763558085
470.231155773744
431.936834255197
367.311542114281
285.633595515500
209.005367495949
141.954015606592
74.7683799954891
11.7772502153274
-43.4880767325212
-91.8549328182340
-128.451571204192
-157.672973730550
-192.610639677199
-233.459385935286
-273.084515448526
-311.331522121142
-345.562555476475
-373.851114113553
-400.007119357201
-421.155779258690
-430.480840401484
-427.443275309845
-413.155317343438
-387.079149661541
-350.887086872723
-305.554473991834
-250.439615645520
-188.238910871080
-123.551169178001
-59.0018359424828
2.98427736491224
58.5458960377528
103.918636186239
137.813859352393
161.181501740916
175.793636409192
185.765969271680
192.354910727742
193.237471434438
190.112853449566
185.617312094500
180.271022858651
175.274571902781
170.467056886292
163.486104677701
156.276709457036
154.371238478593
161.108196001153
180.806555844197
213.586290028991
252.816128903170
294.276814673203
332.439255706353
361.508454095126
379.084097744595
377.739995787188
346.912527803915
286.588080210391
204.743174315720
109.232271013755
14.5908100937486
-71.7679211738228
-152.881225839600
-220.195422335339
-262.009016527871
-277.984023952473
-271.513462863071
-249.794029146293
-229.615210921855
-215.596785166136
-200.032037786103
-187.923611074572
-185.508605993042
-191.255511647135
-204.690222641485
-219.008922015596
-218.508149914800
-202.344282681381
-182.113345798850
-159.912774394835
-140.124519171376
-121.532700583650
-88.6146982930531
-37.6555779096752
29.9115936248094
89.8006511003983
81.2666174884305
51.5533886444595
56.8380279993932
78.1142902123811
57.3530251337565
6.35728996325154
-25.8715499185454
-50.5461113370149
-81.3014198913969
-106.705247312607
-120.137023781697
-123.450860989119
-117.279762712524
-103.864749449655
-89.7043670795614
-75.8401971343944
-57.9499797815982
-36.7871042063101
-13.3163094769118
12.2925315090917
36.7501552572520
59.2973833309354
81.0729538586664
102.880232732873
127.654619391602
147.595537799141
156.561194063509
150.728888284593
134.718484194853
112.205878513458
94.2490280358891
65.6543539921298
-2.81621660495807
-31.4507879979662
-0.0501614647132378
-15.6207438871072
-82.8795611937869
-98.3039360599530
-95.9502187265007
-103.522297224024
-93.8629212234332
-100.401741673569
-81.5472557277431
-47.7840437602794
-12.0911352905302
28.0782381622696
72.0763684081675
114.405853268621
152.136110136096
179.597980118762
187.752490150438
177.902455532008
160.737187215794
134.748247914619
92.3590704456391
54.7204482479220
63.9838246397728
30.8876281696742
-18.7188648108843
1.71044228612752
17.5416761562054
20.0802311455980
35.0394740868296
29.3771965759303
29.2554251491473
29.2756583127104
22.0949812987074
10.7617197032011
-4.10228406467163
-20.7220631787719
-32.2413802884228
-37.3208383579492
-38.7406196256942
-35.7145069420210
-28.4426023833393
-17.5346977401273
-1.46414065389044
18.0375937034306
36.8466153835256
54.0814986706804
70.1005177665188
83.6024794918429
93.9344935606751
100.710108727227
102.908613185535
101.053394898684
96.9450259605918
90.3740672629301
79.8656235639796
65.1990127206670
45.8801045892607
22.1204912808526
-4.18401172557635
-32.1243248469824
-60.9882829036212
-88.9091455112528
-113.876856700336
-133.292767098062
-143.599381920851
-144.136128670660
-137.161882491384
-124.227914162067
-108.321593857356
-91.0705276603096
-71.2806834439132
-50.9169019420197
-33.1099671167273
-18.3785190285383
-6.80241935989546
2.18457455266891
11.1694925704606
19.4627257148656
23.1432871216967
20.7945151684156
10.7539872688314
-7.35054972882261
-30.2916794058143
-56.6364338316327
-85.1519979871650
-113.221454661065
-138.979961948012
-158.878931515323
-167.639402722879
-164.658139028719
-153.318002234160
-136.216412765226
-118.450507166410
-102.318567541199
-85.3966488926782
-70.1358601774600
-60.3995066874464
-55.7585672569253
-54.9272144754246
-55.0563832319583
-49.6621006867860
-37.1439560804111
-20.5593641482352
1.49023375908929
30.4876917865240
65.4133361710530
105.954634090346
149.105532493684
188.592404239775
222.216545035591
250.595089648226
271.082350404877
281.191166388960
280.499902383214
268.656830720405
247.354783080123
220.990228637513
190.440679778246
153.720017933035
112.025327200389
66.6494912112422
18.5623497907489
-29.3635601370207
-75.8935634444008
-121.066501342782
-161.799987306940
-193.199678627343
-210.952198752065
-209.455605926284
-188.385383989129
-154.007727600921
-110.915714436438
-66.1229499716058
-25.5594157427889
9.23525479803872
30.5754756114905
27.6692393922495
0.270552738506448
-44.6458197517387
-99.6240857568019
-150.137464491060
-189.772462999449
-223.045318173155
-242.778938654210
-239.097356489899
-212.596376935117
-166.442010075814
-108.181483785785
-54.7258663659227
-10.8055934476594
30.5208074850101
64.4063701719078
85.3548242409086
94.2336801292325
89.9858353700223
78.0259462143182
71.8956428813772
73.8763949264198
78.0575030858385
86.7005564906096
101.100941554717
120.421851100669
147.449862285671
179.123608795874
207.237581246058
231.234112341410
254.706279758903
277.204487588848
299.801974548678
322.057186484299
339.055186043672
349.750888158844
354.697313016316
350.914781810657
335.023314889243
303.311481025368
250.073154845104
175.829297618853
87.6775013885385
-8.98766260595651
-105.913141594624
-196.323653924152
-278.173068932866
-342.945895759927
-379.058624436088
-385.852142194073
-370.077976711862
-339.201133486553
-308.145024414316
-283.578784488541
-261.119696322203
-248.614639304670
-256.879219585192
-284.950554405352
-328.111426057825
-377.300701359742
-413.246094480566
-429.833560373450
-434.121929173765
-419.776761224337
-379.371580174647
-314.695799052366
-227.495095876310
-126.646160004535
-31.3884346018624
52.3014721569177
129.165706454932
192.366508321628
235.046898277805
257.555051383104
259.870631149875
248.773326295739
240.067881610487
238.064992919294
238.084279866342
243.864686953378
257.413303192041
281.072702709774
323.574851603942
367.505789270100
388.943968963438
420.365802479640
444.825084646295
451.376101327990
461.595650881742
460.881301668955
449.596443064419
428.642270691778
403.977865914543
374.257339221419
334.571920056811
282.912180728243
215.222255424165
131.872330792145
40.2087899001681
-56.1423751502180
-153.146820907882
-245.134706245663
-328.924714819545
-397.443053441148
-440.488498139070
-457.278678519431
-454.551035792609
-438.219111292575
-419.661375253575
-404.814913320540
-390.825780656178
-384.808757920563
-396.954458591999
-426.287588653578
-467.065127638055
-510.671437766582
-539.615871456687
-547.393182372261
-539.418594657783
-508.721747226011
-446.711789161318
-355.445419524266
-239.283312668673
-108.607177961902
15.6293437628909
125.207429571124
223.443169710361
300.672229671467
346.111655744123
359.780308655225
344.303129055115
308.923979912180
274.142804891924
246.411219682895
219.333476441930
200.691735663438
199.460328381664
215.418302265777
248.491276606952
291.474658999047
326.658928945013
351.309281318092
375.192152074589
396.120232033837
412.574548168718
425.049908110893
427.115671929941
420.240218467702
412.150473223794
399.938970283783
375.656311793141
334.900672683978
269.866204405655
180.420971223104
77.6032696247203
-33.0746108264012
-144.735064288408
-249.345604181666
-344.208538788823
-419.493410342174
-460.590827834855
-466.605369314010
-446.321300502353
-408.002809176947
-368.237584239692
-334.568940184315
-301.389028516016
-277.325600772694
-274.714073007883
-292.661454998303
-326.601904736467
-367.185950055290
-393.747560178971
-400.312091122831
-395.386165432198
-373.261659871230
-327.614226578484
-260.195977105300
-170.761012719969
-70.2125306994534
17.0189168511295
95.6576345663522
160.676030354004
208.766278101299
234.109290255269
236.260460894696
215.777456495457
180.124398309089
146.166007402484
118.831297760912
93.8137978037932
77.2807024485439
75.5110395789532
88.4464288000243
116.374936246902
153.588944390852
186.332268140234
212.241657823708
238.208717104229
261.990912668489
281.804018523865
298.017559646363
306.506365850155
309.114558725203
312.873338390640
316.223307476909
312.913916204362
300.310086396999
273.468622759311
231.616129065862
181.367014431213
124.767622589504
63.6060738703148
1.72720737319444
-59.5869633376436
-115.614470759485
-158.565560641195
-187.214907792573
-204.817206647178
-213.534055662801
-218.895064784286
-222.254079169959
-218.602407130610
-208.953432047493
-195.670796685176
-178.657214158606
-160.038875431235
-139.719795014618
-114.830190061131
-87.5031029478274
-63.1355833126601
-45.2349988603158
-38.8257241018523
-44.8745027063760
-58.1094611685206
-76.0000145213483
-95.0415666019296
-111.772631840732
-126.336377899271
-134.499308215345
-129.469126566952
-111.249550566502
-83.8994110432079
-51.5605285094747
-22.6809037282743
-0.436279698845097
18.8834703287905
32.1377388061631
34.9078590752101
27.9542264748788
12.3262991746026
-7.97848390944893
-23.9010362552269
-32.9171473120067
-38.0744754773767
-36.6771644008114
-26.0169983366179
-6.76681552976819
20.9102520694500
53.4090567622216
82.7583019225958
106.601120747091
126.784450068543
140.469108306989
144.913761510447
140.252061706017
126.503369184737
106.539847020425
86.9683244953553
69.3723721466932
51.3181684893497
34.6169061862277
21.0171504238958
10.3415117240424
3.37546773033611
-1.69209804617209
-9.59740304469997
-20.7389067018622
-32.4545490360018
-44.9467301765655
-57.8757197041245
-70.3540750060290
-83.0473650392009
-94.2788141605823
-100.512321083049
-100.845202105671
-95.5561146097538
-83.6219824787571
-64.5969803253331
-39.1816773906816
-8.51766230615923
24.8121883658744
56.4895955806002
83.7908679540150
105.277394522345
117.301269234333
115.694632149814
100.265882224844
73.8716769080107
40.1328692264917
5.82028084657917
-25.6327432854329
-55.1536242108387
-78.4657585691832
-89.9156144673709
-89.2319700080930
-78.2825482112624
-60.6218427459197
-44.3381011923649
-31.5059326091479
-17.8752481445850
-5.44812624173397
3.19910394605176
8.47138721096177
9.20294267104392
7.44635365704853
9.13536789634251
14.3513031903368
19.1071025190682
22.9565274936604
24.5084808654901
23.3237205931227
22.7406813907046
22.9915893528200
22.9583499008792
24.1459690728217
28.0424115019942
36.5346091832483
53.0827876392500
77.4490618111144
105.748269308627
135.369144150634
162.211258261520
183.197489293371
198.184446711998
203.577050577095
194.289421483038
170.374563518746
134.912993056576
91.5905403115755
47.7191423881845
6.65446720158052
-33.2108486430622
-67.8964839286421
-92.1629383081678
-105.653660672223
-109.250164394219
-105.838446078084
-102.678747193468
-101.120974608361
-96.7913760852295
-90.9126481187842
-84.9565754767991
-78.6003927163894
-73.8623197591313
-69.6756128232691
-61.9282582750423
-51.5527494333905
-42.4841744364559
-36.4258540683443
-36.3828610230429
-43.1277326128401
-53.1778413451750
-65.7709305410368
-80.4249708847064
-95.4937340864876
-110.873777842955
-124.585813998289
-132.957142865582
-135.570840213164
-134.018851739401
-129.299050082504
-124.013770596976
-118.609479616122
-110.368664364985
-99.3471338263477
-86.0856869697614
-70.3171585427533
-53.2410142352966
-34.8401968549043
-13.9300388413674
8.61967025071740
30.9517445687767
51.6927106593861
68.6757262687857
81.6624289622021
92.9779012955990
103.857583402954
116.105024081888
131.233340747862
149.021714872193
171.210073354910
200.534995578642
236.077492643370
274.462103318731
312.024478767451
342.617202345209
362.500148916104
371.222213819260
364.358803625829
336.385202450930
287.526170229953
221.461487310542
143.208930269264
62.3406339881125
-16.3387065835055
-93.7346895802482
-163.862153170321
-219.101121548880
-258.359518950998
-282.805550754238
-295.930447606060
-306.915355908742
-317.195302416197
-320.306999551461
-317.474007041317
-310.458360666356
-298.856846932671
-285.871764880638
-270.677934948619
-248.616826481214
-221.918343707382
-196.811001039488
-177.058493761950
-168.567473033313
-172.204217483663
-181.113057517912
-192.203069495884
-201.473402289094
-204.531758023312
-201.111230462377
-185.913336566463
-150.478339450665
-95.3082513164166
-26.7984553303377
48.7247805733046
119.368804541441
179.437922585880
231.835423837166
270.312814778358
286.460486425800
280.965051226249
257.496696544993
223.168868614752
193.001373813442
172.533474875444
157.853879218866
155.390849040261
172.794272707916
209.244133232534
262.176738142407
324.083639247191
378.872384479760
421.333023652036
456.138927554966
477.346719980460
478.330652994085
459.222307834186
419.819387498998
365.552111395650
309.800448038608
254.999427637788
194.709569997646
131.375357394951
67.0550792160750
1.89950116468045
-59.4337955532706
-117.927898715792
-179.387129641866
-241.404982942848
-297.151383948303
-343.037347570958
-373.151773836008
-386.302099300521
-389.055504396772
-383.649474602202
-372.594135821851
-359.991693841417
-346.850779077545
-338.431265847173
-343.318456366614
-361.284218283258
-385.678952929384
-410.674621634326
-425.435924247683
-424.665396925483
-411.498639675790
-380.230070021487
-322.834614457367
-241.034790776375
-140.377268647482
-29.5948917201843
74.4556855757797
164.185184047634
241.660608774558
298.017289803035
322.719341101194
316.147826122350
282.775199068649
231.971918327004
183.268100669381
144.215116704627
110.412791390501
91.0613776890704
97.2682421419889
128.694942679364
182.217356365840
248.611868343162
307.370093131333
352.876604555082
393.481617426123
423.242173213950
435.447376223454
430.457059489194
405.657030571449
366.248230263505
326.890519021969
288.282365056967
241.095064356294
185.191295772848
118.647652593157
41.1596338721494
-38.8276811358317
-120.156517621763
-205.258396863455
-289.182394865055
-365.712801635159
-428.304465351725
-466.424366805040
-478.613510192408
-473.157555577634
-454.490549599950
-430.328253639699
-406.267956940703
-380.495081871605
-359.819148490262
-355.040622660559
-365.057987720612
-382.334419160217
-398.214187469438
-395.901665244614
-371.073155180756
-334.341986736898
-284.183981007154
-218.749725392875
-137.659377326760
-31.6153777080296
100.751895516714
255.221985162773
401.079781517076
476.500848379108
476.225347378832
445.941477247335
399.591704942299
367.775733599773
326.259794191740
237.941674022869
115.329549161034
47.6923761227422
30.3285903051491
29.7857274609061
62.6260296600432
137.357811314708
230.946429334164
313.473829698820
378.063534967722
433.702744561933
469.445245256646
472.480158986748
443.585507869004
383.592506365835
303.478042112205
229.545041381045
166.840033227269
102.676031684140
41.7028904122192
-12.1807869454622
-60.0161610339581
-95.1891783811213
-122.314137389042
-156.279028084919
-196.151884738625
-232.237993356116
-262.586063809977
-281.683669091000
-287.793771383055
-288.970882049495
-285.029510111218
-272.836923639818
-255.283927907246
-234.444484515538
-213.925075039267
-201.285317739842
-197.255368932373
-196.592473129585
-197.158915349572
-194.671617480349
-186.995834921672
-177.604564162274
-164.674151432887
-144.436781481242
-117.831110563607
-86.4915984441845
-53.3680860750162
-25.0037253125836
-3.34532002200970
13.9940601079740
25.2074887052927
28.4210537323034
24.3371075862094
13.2789863666167
-1.92826767408746
-15.2662348676145
-24.4403855145121
-29.8182963447718
-28.4067722284010
-17.1154901236861
3.99839357861390
33.6204612178877
68.6197005891350
102.599259033616
133.127660302375
161.660728762948
185.224227310680
200.243893482022
206.307089097412
203.284563613696
193.032355418945
180.722782435554
166.686778356597
146.960919884576
121.533482155097
90.2183973899461
53.3541413704615
14.9591210757332
-23.4610543634861
-61.6063171078643
-96.0615878150356
-122.686768471547
-136.686399069917
-131.174342397590
-106.249308042278
-69.4332742821294
-24.4293008676219
23.9213016679333
66.6543770323433
94.9920890954490
122.171309978368
123.447603640991
98.0522433900805
59.6135738456615
8.96012584874401
-38.5439279490648
-77.8470412808611
-113.870108753346
-140.826009034392
-150.902766207109
-144.540135904521
-123.064510463110
-92.2196503491272
-65.7244838054998
-46.5139236077709
-27.9442592320283
-12.7635084981116
-3.68074640422806
0.120730128466950
-3.80142004260978
-12.1841590227853
-15.9322202501810
-14.5300279749086
-12.7007958688859
-10.2564296766796
-8.52160011276480
-7.93556104483106
-4.40429087760217
1.72947438469890
7.80549359237091
15.2917881475372
26.4052002324216
42.9728381879325
68.6889639588193
103.183659702730
141.502439389184
180.718200202621
216.691577608935
245.518295924772
266.069097937807
273.636281834269
261.537943021083
229.810818688775
183.209645180009
126.671553363858
69.5054429451215
16.5795754954589
-33.5256100716436
-74.9419425166816
-99.7847927136457
-107.683767101136
-101.157691292675
-84.9795118417560
-70.1334422050438
-59.5942492262001
-47.9239203736817
-38.1934138991156
-34.3565197864628
-35.9520630403061
-44.1816021931941
-56.0432354636239
-63.1246670343129
-65.1147924733884
-67.6441914489027
-71.1100680878718
-77.0199632024063
-86.1480401555886
-94.4010949417212
-102.006080379053
-111.432740175583
-121.117250777021
-128.979587757474
-132.973402876478
-129.007141935223
-116.773899646067
-99.9948643938805
-80.3365251389984
-60.4839364090178
-42.4695267382544
-25.3345940618286
-11.2337111972061
-3.78396883075085
-2.67440635447635
-5.82580660899250
-10.7014879275452
-12.0765026880110
-7.84321150777297
0.468919274347852
15.1629486764973
39.1809197975938
71.6802070816390
110.557735637996
152.005378387569
188.741481043876
217.426192468501
238.563873440322
248.142780838147
241.503828485103
218.797838972283
182.269836710661
136.214250183835
89.3590930540558
45.2684469994890
2.18401920517450
-35.5407750806409
-62.5826106032033
-78.4978856901587
-83.8066622365766
-81.6253534541220
-79.8790680814551
-79.8288305563958
-76.5523319787931
-71.1284430927313
-64.7399966559699
-57.0758041439764
-50.8057033973317
-45.1125460243512
-36.0628026170184
-25.1210713993774
-16.7102051490546
-13.2589028134854
-18.8241142745627
-34.0085814521950
-53.9647109642239
-76.7477911245005
-100.023768818275
-120.805564756696
-138.713869019196
-150.135416746592
-149.223619313087
-135.926175408104
-114.004573954975
-86.9395317159057
-61.6461888364022
-41.1047893693948
-22.7259209205257
-9.66020931944009
-6.38376656971910
-12.3748159683453
-26.0944909499380
-43.8286740570655
-57.3811895973259
-64.2307077730872
-67.1504749090041
-63.4190229855756
-50.0050706190804
-27.5414643836896
3.39656242983981
39.2339484437088
72.1503431394836
99.7748840881833
124.111146247567
142.402505432155
151.873656224582
152.424948933923
143.502351259867
127.334583275724
109.685043506554
91.3999556862441
69.5396336173476
44.9960562038690
18.4043920211470
-9.65829644207507
-35.8676631311947
-59.3556161672866
-80.8683009342669
-97.6744169713623
-105.521105838029
-100.658983225231
-77.8321324980190
-37.1279942753377
14.9090924701247
73.5228959352257
131.621502676896
183.102994127133
226.127723374420
252.936383059941
252.763419105579
225.448096911651
178.260877228950
118.964655755590