-2097150
-2424829
-3735552
-3276798
-2162687
-2949119
-3080190
-2883581
-1835008
-851968
327682
-393216
-1703935
-1638400
-983039
-1179645
-1638397
-2097149
-1966079
-1376255
-720896
-1507326
26279937
8650755
-11927550
-5177343
-1376254
-1966080
-1048573
-458751
-720896
-196608
393217
786435
1179651
2293761
3735552
3538947
3342338
2752512
983041
-1441789
-3211262
-3538942
-3473407
-3276799
-3538943
-4259839
-3801085
-3407870
-3080189
-2359296
-1572864
-1638399
-1769472
-1835008
-2162686
-2097149
-2621440
-2555901
-1703934
-851966
-524288
393216
524289
-786430
-786431
-1572864
-1900543
-1835005
-1835008
-1835006
-1376255
-1245181
-2555902
-5177342
15073283
22609920
-12713982
-6029310
-2752510
-3211264
-2818045
-2097149
-1376253
-1441789
-1572864
-458752
-131070
131072
720898
917507
1638403
1310721
-327677
-2228222
-2883583
-3145728
-3670016
-4194302
-4128768
-3670015
-2818048
-2621438
-2162685
-1835006
-2424831
-2490367
-3145726
-2949119
-2949120
-2818047
-2097149
-2228224
-1769469
-1376255
-1114111
-655359
-2228221
-2490365
-2621437
-2818047
-3080192
-3538941
-3997696
-3866624
-2883584
-2162685
-1703934
-4653054
11927553
24444930
-9830399
-6160384
-2752511
-3211263
-2621439
-1507326
-1179646
-655358
3
-131070
262146
589827
2424835
3342339
3604480
3276800
983042
-327678
-589822
-1572862
-2555903
-2293758
-2555904
-1966080
-2228223
-2162686
-1245183
-851967
-1048576
-720895
-262143
-393213
-1179648
-786431
-917501
-2031613
-1835006
-1310719
-851966
-983038
-720895
-1048576
-1114111
-458751
-917502
-1048573
-262144
-327680
-458749
-1048575
-851968
-851965
-1048573
196611
-2359295
-2293760
-2490366
-2883581
-2424832
-2097150
-2228224
-2031616
-1638397
-1245181
-917502
-65533
1
131074
131074
-458749
-1441789
-917501
-983039
-720893
-131069
1048578
2162689
1572866
393216
393217
-196607
-393213
-65536
196608
458753
655363
589826
-3407869
21757955
27066369
-4128768
-7340030
-2031615
-2949118
-2031614
-1638398
-1769470
-1507326
-1245184
-1179645
-1048574
65537
524289
589827
1310721
1245184
327681
-3342333
-3473408
-3997694
-4063229
-4128768
-4325373
-4325373
-3735549
-3801087
-3407872
-3473407
-2621440
-2686974
-3932157
-3407872
-2883584
-2686974
-3145726
-2490368
-2228222
-1966080
-2293759
-2555903
-2818046
-2818047
-3145725
-3997695
-3604478
-3735549
-3211263
-3276799
-3866622
-3538941
-2818047
-2490367
-1900542
-2490367
-1572863
-2555901
-3211263
-2818048
-3407869
-3801085
-3342334
-3080189
-2424830
-2097149
-1179646
-4718592
11272193
24051714
-9175037
-5111805
-1638400
-2555903
-2490368
-2555904
-2293757
-2097150
-1966079
-983037
-196606
1048578
1179649
1835008
1900547
1376257
1441792
-851968
-2359293
-3342335
-3473407
-5308415
-4849662
-3801087
-4128767
-2949118
-589824
-196605
-589821
-458751
-851967
-1114111
-917503
-1179647
-983039
-1966078
-1966078
-1572862
-1376254
-851967
-524285
-917502
-1245182
-655360
-65534
524290
524291
-196607
-393213
-1179646
-1638398
-1769470
-1441790
-1114112
-1245182
-131069
-65534
-3407870
22282242
16252929
-13762560
-2162688
-393214
196611
327680
327680
196609
1310720
1900547
1769475
2228225
2818051
3407874
3997696
3801091
3342339
2359299
2
-1048576
-851966
-655357
-917501
-655359
-720895
-983039
-196608
196608
262145
262145
-393216
-1048576
-1638398
-2228223
-2359294
-2162687
-2818047
-2621440
-2162685
-1179647
262146
-131072
-1245183
-1835006
-2818045
-3014653
-2818046
-2621439
-2490366
-2424832
-1572863
-4980734
12189697
24641539
-10158079
-6225919
-2162686
-2359295
-1835007
-1835006
-1310719
-655360
-917503
-262141
-196605
131075
1048577
2293763
2555906
2097154
196609
-2097151
-2883584
-4063229
-4390912
-4980736
-4718592
-3932159
-3866624
-3997693
-3145726
-2359295
-1572864
-2162687
-2162685
-2228222
-2555903
-2097151
-1638400
-1572863
-1507328
-1376255
-1703936
-1703933
-1245183
-131069
458753
-524286
-1966080
-2686974
-2949117
-3145726
-2621437
-2359296
-2424831
-2555903
-2490368
-2359296
10551298
22282240
-10158079
-6881279
-4063231
-3801086
-3145727
-2555901
-1835008
-2097151
-2162685
-1703935
-983038
-393213
655360
1376257
1507328
1703939
458753
-2228221
-3407872
-3473407
-3997693
-3473407
-3014654
-2883581
-2621438
-2228222
-1441792
-1048574
-1114110
-1507326
-1769471
-1441792
-1310719
-1835006
-1638399
-983040
-786432
-1179648
-1114111
-983037
-851967
-327680
-720893
-983037
-720895
-983039
-458749
393217
786432
655361
-458752
-1638398
-1900543
-1441789
-1048574
-1441791
-1835005
-1703936
-983040
-458752
-655358
-2686973
2490369
26673152
-262144
-8519677
-1376253
-3211263
-2162685
-1179646
-917502
-1572863
-1310717
-851965
-196605
1376258
1179650
917506
851970
-1245182
-3276799
-3735549
-3801087
-3604479
-3670015
-3997696
-3801088
-3211264
-3080189
-3538943
-3211261
-3014655
-3014654
-2949118
-3473406
-4718589
-4718592
-4390911
-4063229
-3670016
-2818045
-3080191
-3473406
-2883581
-3211263
-3407870
-2686974
-2424831
-1900542
-2097149
-2293760
-2359293
-2293760
-2228221
-2162688
-1703935
-1835007
-2228221
-1245183
-589823
458753
917504
-524287
-1245183
-1310719
-1310720
-1048576
-1245182
-1966078
-1441792
-1441791
-1441792
0
-3735552
2818051
27131904
-196607
-11206653
-2031616
-2949119
-2293759
-2490366
-1703935
-1507328
-983040
-393213
65539
983042
1507328
2621440
2359297
1310723
-262144
-1703933
-2949117
-3407870
-3735551
-3604478
-3735549
-3735551
-3604478
-2883584
-2883584
-2490368
-1966080
-2359293
-1769470
-1441792
-1769470
-2031616
-2293760
-2621438
-2621437
-2555903
-3014655
-2490366
-2293757
-2621437
-2162688
-1179646
-131070
-196606
-1900542
-2162685
-2686976
-3080189
-3014655
-2555904
-1835008
-2424830
-1835005
-720896
-720895
-589821
27328513
27525123
-7012351
-5373951
-983038
-1179645
-196608
196608
262144
-65533
327683
1835011
2752514
3670019
3932160
3801090
3670017
2752514
1638402
-131072
-2031615
-2490368
-3407871
-3604478
-2621439
-1835008
-1703934
-1703935
-2228222
-2228221
-1900543
-1638400
-1310718
-1966080
-2097150
-2097151
-2883581
-3276798
-2818048
-2555903
-2555902
-3080190
-2293760
-1703936
-655359
-1048575
-2621440
-2686975
-3080189
-3604478
-3866621
-3604480
-2490367
-1966080
-2162688
-1376256
-3014656
22806528
14090240
-13500414
-2359293
-2490367
-1441791
-1245182
-1245183
-1310719
-393216
-458749
65539
851971
1769474
2359297
2686978
3473411
3014657
1179650
393217
-720895
-1572862
-1310720
-1703936
-1376253
-458751
-131070
-262143
-589822
-851966
-917503
-1048575
-1179648
-1638398
-1179645
-1114110
-458751
-1310720
-1703936
-2359294
-2555902
-2818046
-1900542
-1638399
-1310720
-1507326
-1310718
-786429
-524286
-1572861
-983037
-851968
-1572861
-720894
524289
1376259
655363
-1703933
-1900541
-1966080
-2031614
-1179645
-917501
-1441789
-1310720
-1376256
196610
-2359293
3670016
28966915
3014658
-8912895
0
-2162686
-851967
327681
-65533
-589821
1
-393214
-393215
262147
1441794
1966082
3080193
3014657
1835009
-524285
-2293758
-2686976
-2490366
-2490366
-2818046
-2686976
-2621440
-2752511
-2555902
-2293758
-2949117
-2359295
-2228223
-1835008
-1966078
-2097150
-1966077
-2097152
-2097150
-2424829
-2490368
-2293760
-2818046
-2555903
-2293760
-2424829
-2490366
-2424831
-1900542
-1638397
-1703934
-1507327
-1114112
-1638397
-917504
-327679
-196608
-1310717
-1966080
-3735549
-3276797
-3342336
-2686974
-2228222
-1572862
-1114111
-983040
-2228224
23592961
10878976
-11599872
-1572864
-3211262
-2228224
-1179648
-983037
-1441792
-2097151
-2228224
-1310719
-1572862
-917503
1048578
1638402
1703937
1572864
-655358
-3080192
-3866621
-4980734
-5373950
-4980736
-5242877
-4456445
-4194303
-4653053
-4325374
-3670014
-3670016
-3735550
-3604480
-3670015
-4521983
-4325373
-4456448
-4587519
-4063232
-4063232
-4194304
-3604478
-3407869
-3997696
-3670013
-3407870
-3473407
-2686974
-2162688
-2031613
-1179645
-2162687
-2752511
-2818047
-3407872
-3801085
-4063229
-3866624
-3407869
-2883581
-1835008
-5308413
12517377
22151171
-11730942
-4784127
-524288
-393215
327682
262146
393216
458754
524288
983042
983043
1245185
1507328
2555907
2752514
2490370
786432
-1966078
-2752509
-3473405
-3538942
-3080189
-3538942
-3276799
-2359296
-1966078
-1966080
-1703934
-1441791
-1441789
-1966079
-1769471
-786432
-393216
-720896
-983040
-655357
-393215
-720893
-262142
786434
1245184
2031617
1638402
-131070
-917504
-2031616
-2424829
-3080191
-3473406
-3145727
-3145727
-2228224
-6553597
15794177
19988481
786435
-10944512
-1638399
-3932157
-3473406
-2359294
-1900542
-2097152
-1966080
-1703933
-720893
0
458752
1310722
2359297
2883585
1572866
-131070
-2293760
-3211262
-3866624
-4194303
-4325376
-3473407
-2883584
-2818048
-2686975
-1966079
-2293759
-2621437
-2883584
-1835008
-1245183
-1507328
-1245184
-1310720
-917502
-851968
-1179648
-1179645
-786432
-720894
-458751
458755
983041
1048577
-655359
-1507328
-2424831
-3407869
-3080190
-2752510
-3211262
-2424832
-2490368
-917501
-4325373
16842755
18415616
-11862015
-3604480
-3932159
-3932157
-2621440
-2359293
-1900542
-2162687
-2097152
-1572863
-589822
327680
1769474
2162688
2359298
2228224
1769473
-262142
-2228223
-2424830
-2949119
-3407871
-3342336
-3473405
-3145727
-2686976
-2424832
-2162688
-2097152
-2228222
-2490368
-2293758
-1835008
-2293759
-2031616
-1769471
-1966080
-1900541
-1835006
-2031615
-1310717
-1114109
-1376256
-1966077
-2097149
-1441789
-1179648
131074
262145
-1572862
-2097152
-1835008
-2818048
-2949118
-2621439
-2818046
-2490367
-2621437
-2228223
-1441789
-3342333
21823489
8847362
-14417917
-2883581
-3866623
-3735550
-3211263
-3145727
-3014653
-3407869
-2686974
-1966079
-1966077
-1900543
-655358
196609
393216
-196608
-1376253
-4194302
-6225919
-6881277
-6356989
-6291455
-5832701
-4718589
-5373949
-6422525
-6356990
-6160383
-5898237
-5373952
-4980734
-4718589
-4259839
-4849661
-4784126
-4521984
-4325374
-4259838
-3670016
-4653056
-4521983
-3997694
-2752510
-2097149
-983039
-2031616
-3080192
-3997694
-4390909
-4063230
-3604480
-3276797
-3670013
-3866623
-3604478
-2621438
-2621440
25100288
7536642
-14745599
-3014654
-3145726
-2818045
-2293757
-1769471
-1835005
-2097151
-2097151
-851966
-65536
131072
1114113
2228226
3276800
2490371
262146
-1835008
-2490368
-2752511
-2686974
-2555901
-1966077
-983038
-786432
-983040
-131072
983043
1245187
720899
196609
262145
65538
262145
655360
65537
131074
1245186
1966080
2949120
3342339
1769474
1114113
917504
458755
655360
524288
786433
327682
262145
262144
655361
-720896
26214403
14221314
-11599869
-6160383
-327678
-1507325
-786431
-65534
262146
262144
1048576
917506
589827
851970
1310722
1835010
3080194
2818050
917505
-786429
-2555901
-3080191
-3080192
-3407872
-3211264
-3342336
-2949117
-1900544
-1900541
-1638398
-1114112
-983040
-851966
-196606
-393215
-1507326
-1638397
-1114109
-720893
-720894
-1048573
-1245183
-1179648
-1376253
-1114112
-393213
458754
1769473
1507329
983043
720896
-131069
-262143
-327679
131074
65537
196611
720899
2293762
-1245181
21954563
18350081
-10027006
-983039
-1507328
-1245182
-393216
-524287
-327680
786435
917507
1114113
1638403
851971
1376258
2490369
2031616
1966083
1769473
-65535
-2228222
-2818048
-2424830
-2031613
-2228224
-2818048
-3145727
-2686975
-2883584
-2752512
-2490367
-2424831
-2621440
-3145727
-3342333
-2883583
-2490368
-2162685
-1572862
-1441790
-1441791
-1441791
-1703935
-1703933
-1507326
-1245182
-1245182
-917503
-1114111
-1441789
-1310720
-786431
-327680
917506
-65533
-983039
-1966078
-2818048
-3080189
-3080189
-3538941
-3670016
-3145727
-2097151
-851965
-3997696
19005442
16777219
-983040
-7929854
-3014653
-4390910
-3735550
-3538944
-3735549
-3473405
-3211262
-2883584
-2752512
-2097150
131075
1572865
-851968
-1638397
-2686974
-2818045
-3014656
-2883583
-2228223
-1638399
-1638400
-983037
-327677
-917504
-1048575
-786432
-327680
196608
65539
196609
327682
-65535
-262141
65538
2
-196607
-1179648
-851966
-131072
2
-262143
-131071
-720893
-655360
-524288
-1245181
-1507326
-1114110
-1638397
-655359
393218
1310722
2359296
1310720
524290
0
-196608
262147
-327677
-327679
131074
196608
18808832
18415616
-11534335
-2949120
-3538944
-3538944
-2883581
-2686973
-1835006
-1900542
-2162686
-1703934
-1310718
-1114110
196611
524291
1245186
2031617
1703936
-589824
-2228222
-2686975
-2949119
-3670014
-3997695
-4521983
-3997694
-3276800
-2686973
-2031616
-1703936
-1769472
393219
2162689
1900547
1376257
524288
-131069
-393216
-655357
-1179647
-1638398
-1769471
-1703935
-1310720
-1966080
-1507328
-1572861
-1310720
-655358
-1638400
-2097150
-2228223
-1572862
-1572861
-1638399
-1179647
-1245181
-1245182
-720896
-1441789
-983039
25559041
3276803
-15138815
-4521983
-5373950
-4259838
-3604480
-3866624
-2752512
-2555903
-1900542
-589821
131074
720897
2752512
2686978
2621442
2490369
1835008
-131072
-1310718
-2686974
-2883584
-2752511
-4325374
-4128767
-3866622
-4325374
-4784127
-4063229
-3276797
-3211263
-3342334
-3342333
-3342335
-3866621
-4063229
-3604477
-3801086
-3538944
-3604479
-2752511
-1966080
-1966079
-327679
-458750
-1507325
-1179647
-589821
-1245181
-851966
-983037
-1114111
-393214
-1835005
6553603
28770306
-2097149
-7405568
-786431
-2621438
-2031615
-2031616
-1966078
-1703936
-917504
-1245184
-196606
1179648
1179649
917504
327683
-851965
-2293760
-3473405
-3866623
-4259839
-4587517
-3735549
-3473407
-3407869
-3211263
-2752510
-2490365
-1769471
-1507327
-1441789
-2031614
-2031616
-1638399
-1179648
-917502
-1572861
-1703933
-851968
-983037
-851965
-458751
-786432
-393214
262146
917504
2097154
1638403
983041
1966083
2490368
1179649
786434
851970
1245184
131075
-917502
-2031614
22544386
5570562
-11927552
-2031614
-3866623
-3407869
-2949119
-2490367
-1966077
-1638397
-1572861
-1048574
-524288
1
851970
1900546
2490371
2621441
5570561
3866625
1179648
458754
-131069
-327679
-589823
-851967
-1048575
-1310717
-1114110
-1441790
-851967
-983037
-327680
-1179645
-1507325
-1507328
-2293759
-2621437
-2424829
-2359293
-2818047
-1769472
-1048573
-1703934
-1507328
-1769471
-1900542
-1769471
-1769470
-1245183
-1179647
-851965
-720894
-917501
327680
-917502
-2293757
-3211262
-3538941
-3866622
-4063229
-3670015
-3735551
-2883584
-2031616
-4587520
6881282
24510464
-7274496
-8650752
-2818047
-4128765
-4456448
-4194304
-3866622
-3997696
-3866623
-3407869
-2621438
-2097151
-1638399
-851966
327682
-720893
-1572864
-3080191
-4325373
-4653055
-5046271
-4849663
-4587517
-4259837
-3080189
-2162686
-1572864
-1638399
-1769472
-1703936
-1769471
-1507328
-1703933
-983038
-589823
-393216
-524285
-1638398
-1114109
-196608
262144
3
720899
1310721
2228224
1900547
786432
1
-1966078
-2228224
-1441791
-65534
-458750
-917503
-786432
-851968
-786429
-2097152
24182786
11665408
-12320766
-2490366
-2949118
-1835008
-983037
-1179648
-2490366
-3997696
-3538944
-3473406
-2686973
-2293759
-1179646
-65533
262144
-589824
-2228221
-4390912
-5242878
-5046271
-4587517
-4390909
-4259839
-3342336
-3407872
-3538942
-3407872
-3538943
-3342334
-2883581
-3538941
-3801088
-3538941
-2555902
-2228224
-1900541
-327677
1114113
1376257
1179651
1310723
851969
851970
1966081
2359297
2228225
786432
327682
-262142
-65535
-196606
-655357
-1441792
-917501
-1114110
-3211261
-3801088
19005440
15532034
-13041664
-3473408
-3538943
-3211261
-3342334
-3080190
-2490365
-1769471
-1441792
-1835005
-1507328
-327678
1507329
2490369
2555905
3145729
1966082
-720896
-1310720
-458749
-786430
-917502
-1114111
-1900541
-2555902
-2490365
-2555902
-1769471
-2031614
-1966077
-2097150
-1769469
-1835005
-1638399
-1638398
-1507328
-655358
-983039
-1572861
-1245183
-1310717
-983037
-917502
-917501
-1703934
-2031615
-1179645
-1048573
-1376255
-851968
-327680
-458752
196608
1245185
1245184
2031617
1835008
851971
786432
-458751
-786431
-458751
-655357
-65535
327681
327681
-589824
4915202
27262977
1310721
-5505024
131074
-1769470
-2228224
-2424829
-2490367
-2031616
-2162686
-2228221
-1376254
-1048574
655361
1769474
2293760
1900547
1638400
720899
-1048575
-2752510
-3801088
-4456446
-4325374
-4718590
-4521982
-3407872
-2752511
-3014654
-2949120
-2752510
-2555904
-3014654
-3145727
-3276797
-3407872
-3145728
-2752510
-3473407
-3932160
-3407872
-3801088
-4128766
-3866623
-3407871
-3342335
-3145726
-2555902
-2293759
-2162688
-2752512
-2818046
-2752511
-2752510
-2883581
-2883582
-1769472
-1114110
262147
458754
-1703933
-3080191
-3276797
-2359295
-2097151
-1441790
-983039
-131072
-1048575
6029312
30801923
2097154
-8388605
-983038
-1572861
-1441791
-1376254
-983040
262144
851970
917504
851971
1310721
1507330
2031616
1835011
1703936
458755
-1245183
-2621437
-4259837
-4915200
-5111807
-4194302
-4128766
-3932158
-3276799
-3145725
-2752510
-2621440
-3080189
-3211262
-3342333
-3145725
-3407869
-3538942
-2883582
-3145725
-3342336
-2686976
-2883582
-3014656
-1769471
-1376255
-196606
196611
-851965
-1835007
-2228224
-2490365
-3014655
-3080189
-3080191
-2555902
-1835006
-1900544
-2752510
25034754
10551296
-7340029
-6029310
-1376253
-2162685
-851968
-917501
-393214
65537
-327677
720897
1703939
1507330
1638400
2883587
3932160
3604480
2686978
1179650
-1114109
-2752510
-3014656
-3407870
-2883584
-2883581
-2490366
-1376255
393219
65538
-65533
-589822
-1114112
-1114110
-1114110
-1376254
-1507326
-1507327
-1572863
-1703933
-1441792
-851967
-983040
-589821
-327678
-65535
65539
1835011
720899
-196607
-196606
-458749
-393213
-1179648
-1900543
-2031614
-2686975
-1638399
13631488
21757955
-9306110
-2293760
589827
-1507326
-720894
-196607
131074
262144
1376256
2228226
1441792
1703938
2359297
2752512
3473408
524290
-1769469
-2621439
-3276799
-4587518
-3801085
-3276800
-3407871
-3080191
-3276800
-3211261
-2818048
-2686976
-2621439
-1966078
-2424830
-3080192
-2752511
-2752509
-2949120
-3080190
-3080192
-2818045
-2359296
-1835007
-1507328
-1638397
-1835007
-1441790
-1048574
-1441792
-1769469
-1572863
-1835008
-1966079
-2097149
-1310717
-327680
1245186
1114115
131072
-524288
-1900541
-1966078
-1900543
-1703936
-1572863
-1638398
-1769472
-1769472
-851965
25100289
7208960
-10289150
-1310718
-4325373
-3604478
-3604478
-3080189
-2490367
-2752511
-2883582
-1966077
-851965
-458752
524289
2031616
2555905
1966081
1638400
3145728
3342338
2228227
720899
720898
720899
393218
196611
589826
458755
393216
1
-196605
-131070
-589823
-1310718
-1835006
-2424831
-2097151
-2097152
-2162687
-2490365
-3080189
-2949120
-3407872
-3473406
-3604477
-3670013
-4063229
-4259839
-3407869
-1835008
-1703934
-131072
-65533
-1507328
-1835007
-2818048
-2752512
-2621440
-3211261
-3276800
-2818048
-3014653
-1441790
-5177342
17039361
18022400
-13041664
-5177341
-3014655
-2752511
-2424830
-1441792
-1638398
-2097151
-1572864
-1114112
-196605
1
262147
589825
983043
1048577
327681
-1441792
-2359296
-2949118
-2883584
-2818045
-2555901
-2621440
-2293760
-1441790
-1114109
-1769469
-1310719
-917501
-1441789
-1441792
-1703936
-2293757
-1900543
-2162686
-2031616
-1572862
-1769471
-1835007
-1376253
-1310719
-1376253
-851965
-1376254
-2162687
-2949117
-3932160
-3735551
-3080190
-2424832
-2621438
-2686973
-1638398
-2949120
-1310720
24444928
2686976
-11993086
-1769472
-3801085
-3473406
-2949118
-2621440
-1703934
-393214
2
655362
1179649
1310722
1835008
2752512
3407872
2031618
65537
-1310717
-2359295
-3080189
-3342334
-3080190
-2621439
-3080190
-1966080
-1245184
-1769472
-2162688
-1835005
-1048576
-1179647
-1179646
-1441791
-1376253
-1310720
-1507326
-1179646
-1507325
-1441791
-1441790
-1769469
-1703933
-1638399
-1769469
-2162688
-1900542
-1638398
-589822
-458750
-786430
-720894
-1507326
-327677
262144
983042
458752
65538
262146
-327677
262146
2
-1048574
-1703933
-1835008
-1048576
-2621440
-458752
24707072
2097155
-9830399
-3604479
-2883582
-2621440
-1703935
-1048573
-720895
-65535
458752
524289
917504
1638400
2031617
2228225
2162689
2359299
1900545
-131072
-1703934
-1966080
-1638398
-2228223
-2031615
-2424829
-2293758
-2818045
-2818048
-2490368
-2818047
-3211262
-2555903
-2555903
-2490365
-1900543
-3342336
-2555901
-2097150
-1769471
-1638397
-1900544
-1507325
-1572862
-1441791
-1703936
-2293759
-2490365
-2555901
-2162685
-1835006
-2490368
-3211263
-3080192
-2359296
-2424829
-2097149
-1769472
-2162686
-1966078
-1376255
-786430
589826
-917504
-720894
-524288
-1572861
-2490365
-2228223
-1703936
-1900543
-1572862
-917501
-2031615
1900547
26345475
1638402
-8585213
-1966077
-1835005
-2162687
-1638398
-1376254
-786432
-327678
524290
983040
851969
1245187
1966083
3014659
4194305
2949123
1179649
-786432
-2293760
-2949118
-2555901
-3276797
-3932157
-3801087
-2752512
-2424831
-2097151
-2359296
-2424829
-2490366
-2490365
-2424829
-3080189
-3538941
-2621440
-2555901
-2359294
-2228222
-1376253
-1310717
-1310720
-524286
-1441791
-1310717
-917503
-655360
-1048573
-524287
393216
196608
-327678
786435
983040
720897
786435
-262141
-327680
-851967
-1376253
-1572864
-2359296
-2621440
-2686976
-3276797
-3866622
1245186
26214400
-524286
-12189696
-3014655
-4456446
-3145728
-2555904
-2818048
-2949119
-2686974
-2162687
-2293758
-2097149
-1310720
-589823
196608
851971
720898
-851965
-2424831
-3080189
-4128767
-5111805
-4718589
-4390910
-4259838
-4915198
-5308414
-5308416
-6225917
-5832701
-5832702
-6160381
-6619134
-5898240
-5177344
-4784126
-4128768
-3276798
-3080189
-2555902
-2293757
-2621440
-2293758
-1900541
-983039
-1048573
-589824
-917501
-1572864
-2228224
-2424832
-2424830
-2293759
-1507328
-917502
131075
-589824
27918338
8192002
-12255230
-786431
-1376253
-65535
262144
786435
1507330
1507330
1507329
1507330
2424833
2949120
2555905
3211264
3932161
3538947
2686976
786435
-524285
-1179646
-786431
-917501
-1507326
-1245182
-1114111
-655359
-327677
-524288
-327679
-393213
-851967
-720894
-786430
-524286
-458751
2
327683
1048579
786433
65536
-65536
-458749
-589821
-1114109
-1114112
-720894
-393215
131072
-3080191
10420226
25952257
-6881277
-5701631
-983040
-1441791
-983040
-131070
196611
851970
1572866
1245185
1310723
1310720
2162689
3407872
4063233
4063232
2686976
-65536
-1638397
-2686975
-3276797
-3342336
-3538941
-3735550
-3342334
-2097152
-2228221
-2621437
-2555902
-2097150
-1966078
-2031614
-1966078
-1835008
-2621440
-2293759
-1310720
-1310718
-917501
-720893
786432
-262141
-1703936
-1376255
-2162687
-2883583
-2621439
-2818047
-2949117
-3145728
-2949120
-5505021
10092546
22347776
-10223615
-6881279
-2949119
-5046271
-4849661
-4259839
-4259840
-3604478
-2752509
-2621440
-2555901
-1900544
-1572861
327683
1572866
1769473
1376256
-524288
-2162687
-3801086
-4194301
-5111806
-5308416
-4849664
-4063231
-3932158
-3670014
-3801085
-3473405
-3211262
-3276798
-2818048
-2883582
-4063232
-4915198
-4194303
-3342333
-2752509
-2490368
-2293757
-2162685
-1966080
-1507328
-983039
-1179645
-196607
458753
196610
-196607
-589824
-131072
524291
458755
524290
-196606
-786430
-1179647
-786430
-851967
-1835008
-2359293
-1966079
-3145727
4784129
26017793
-1507325
-6619136
-2621440
-2621438
-2228223
-2555902
-2818047
-2293760
-1507327
-2162685
-1900544
-1245181
-327678
720896
589824
-458749
-1900544
-2883583
-3538943
-5439488
-5636093
-5832703
-5242877
-4784126
-3866624
-3407869
-2949119
-3080191
-3538944
-3014654
-2818046
-3014656
-3145727
-3211262
-3276800
-3014653
-3473406
-3014655
-2424829
-2424830
-2162687
-1900541
-1769472
-1966079
-2228224
-1835006
-1966079
-1507327
-1835008
-1769471
-851966
589826
-2162686
-1769469
-2031616
-2555903
-1638399
-983038
-524287
-458750
-720895
851969
-3014654
18350081
16580611
-10616829
-7929855
-2555904
-4521982
-3670015
-3735552
-3211262
-3276800
-2490365
-1703933
-1507327
-786429
786432
917505
1441795
1441794
-65536
-1835008
-3145728
-3538941
-3276800
-3670014
-3604478
-3538942
-2424832
-2490366
-2293758
-2686976
-2359296
-2097152
-2228221
-2097149
-1835007
-1769472
-1703935
-1769471
-2359293
-1638398
-2162687
-2490365
-3080189
-3670015
-3932160
-3866624
-3342334
-2621440
-2949120
-3276798
-3080191
-2424829
-1310719
-2162688
-2555902
-2424829
-2752509
-2490365
-2424832
-1572864
-786429
-524287
-1179648
-917502
25493505
5701635
-12320767
-2424829
-2031616
-1835007
-786432
-327680
-131071
262145
589825
851971
1638403
2031618
2949120
3538944
3276803
1376257
-1179648
-2228221
-2686973
-2490365
-2228221
-1966079
-1507328
-1048576
-917502
-720896
-720895
-655359
-720895
0
458754
1179651
1572866
983043
262147
327681
262145
393218
983041
262147
-720894
-458749
-524285
-262143
-65536
-1114112
-655360
-589821
0
458752
786432
-262141
-589823
196611
-262143
-393216
-458751
-786431
-720896
-196605
-2818045
10092545
24969219
-6225920
-4980736
-1638397
-2031613
-1572862
-1572864
-851965
-65534
-65534
851971
2293761
3211265
3211265
3735552
4653057
4587521
3932163
3211264
917506
-393215
-1638398
-2359295
-1638399
-1572863
-1507328
-1835005
-1179647
-2490366
-2097150
-1507327
-983039
-1310717
-1900542
-1900541
-2293760
-2752510
-2621440
-2621439
-1703934
-1835007
-2228223
-2293760
-2359293
-1376256
-1245181
-1572864
-1900541
-1179646
-851965
-851968
-458752
-1245181
-1638398
-983038
-524287
983043
196609
-458749
-65536
-917504
-1835008
-2162686
-1507326
-589823
-4653055
-2490366
23134209
6946817
-11337725
-1835008
-4194304
-3670015
-3014654
-2621438
-2621438
-2883584
-2490367
-1835007
-1572863
-1114111
-393216
458754
524290
1114114
393219
-1638398
-2621438
-4063232
-4325374
-4128765
-4259839
-4521981
-4128768
-4587517
-5308415
-4521982
-4194301
-4325373
-4063232
-3735550
-3866623
-4194301
-4063232
-3932158
-3342335
-2293760
-1376255
-1179648
-1441791
-983040
-589823
-589824
-262141
131073
131075
-196606
-524285
-196606
3
524289
1769475
2949123
2818049
1048578
1769474
983040
3
-327678
-65536
65539
-393213
262145
-2949120
16908288
18022403
-9568254
-2359295
-2424830
-1900544
-1966080
-1310719
-1310718
-1638399
-1703936
-1835007
-851968
-983037
-655358
131073
720898
983041
327682
-524285
-2490368
-3538943
-4194301
-4784127
-4456447
-4521982
-4194304
-3997693
-3473405
-3145728
-2621440
-2752510
-3801088
-3407872
-3801085
-2686974
-2555901
-2686975
-2293757
-2228222
-1572864
-1703934
-2818045
-2359296
-2686976
-3080190
-3014656
-2883581
-2490367
-2424830
-1966080
-1572861
-655357
-1048574
-1703935
-1179647
-2621440
-3080190
-3145727
-3014656
-1900544
-2228222
-1703934
24248321
5963779
-11730943
-5898238
-2883581
-2555901
-2555904
-393215
-720896
-589824
-524286
-589824
65539
327683
1638401
851971
-262144
-2097152
-3604477
-3080192
-2949118
-2490365
-2031613
-1572864
-1900544
-1572862
-1507325
-1703933
-1638398
-1638399
-1769472
-1900542
-1507327
-1245181
-917501
-655359
-1638399
-851966
131074
1638402
1638401
327683
524291
524291
-65533
-131072
-327680
-196608
25427969
8519680
-327677
262147
2
-458750
-131070
655363
1441795
1507329
-2818047
-3604478
-3997694
-3080189
-2097149
-1703934
-1966077
-1638398
-524286
-983040
-851968
-1507326
-983037
-1114109
-1310719
-983038
-851967
-2031615
-3014653
-1310718
-1638400
-2686973
-3080189
-2424829
-3014653
-3604480
-4063229
-3997694
-4128768
-4390909
-3866624
-6750206
16121858
11796482
-14221309
-5439488
-5177343
-3932157
-3342336
-3932158
-3997694
-3145726
-2490365
-1900542
-1048575
655360
1769475
2031619
1900546
1114112
-327677
-2031616
-2228221
-2228223
-1310718
-589822
-720895
-1310720
-1572863
-1310719
-786431
-720896
-917503
-786432
196609
65539
-196607
-196605
-262144
-655358
-131070
-131069
0
-589821
-262143
-327677
-917504
-851968
-1048573
-983039
-1376254
-983037
-327677
6029313
20185090
-11141120
-1769469
-2359296
-1966080
-1835005
-2162685
-1376256
-589821
524289
524288
1245186
3014657
3014657
3342337
3538944
1507329
524288
-65534
-983040
-1507327
-1638398
-2031614
-1835008
-1179647
-1310717
-2228221
-2293758
-2031615
-3014656
-2490365
-1638400
-1507325
-2293757
-2359293
-1900543
-1179648
-983037
-720893
-393216
-196608
196609
3
-65533
-1441791
-589821
-393213
-720896
-720894
-1048573
-1245181
-262143
-393214
-393213
-2490366
20709379
15335426
-11534334
-7995389
-655358
-1835006
-2293758
-2162686
-589821
-131070
327681
589825
786435
1245185
2162690
2818051
2490371
1572866
-262144
-2228223
-3211261
-4259838
-4259839
-4980736
-4784127
-4587519
-4915199
-4784125
-4259839
-4718591
-5046271
-5242878
-5767165
-5570557
-5373950
-5701629
-5636096
-5046272
-4128765
-3801086
-3604477
-3866623
-4456446
-5242879
-5308414
-4456448
-4653054
-4980735
-4259839
-3866624
-3735552
-3670013
-4980733
327681
23920643
-2097152
-12124160
-3407869
-4063229
-2490366
-1703934
-1376256
-1507326
-1048574
-786432
-720895
-262144
524289
720899
1703939
2097153
2162688
196610
-2031613
-2490368
-3211261
-3735549
-3670014
-2686973
-1900541
-1179647
-1245181
-655358
-655358
-720896
-524288
-1441790
-327677
-131070
-196605
-1179648
-655360
0
655361
1441792
327682
851969
851970
720896
-65534
-196608
-655359
-1048576
-393213
-524286
131072
-2228224
21430274
14090242
-11075583
-1572864
-2555903
-1966077
-1441792
-786431
-524288
-327679
65537
-65536
524290
1441792
1507330
2490371
3670018
3342337
2686978
1245186
-327678
-2097149
-2359296
-1441790
-1900543
-1900543
-589823
-196605
-1507325
-786429
-983037
-1507327
-1638399
-1900542
-2949117
-3211264
-3080189
-2883583
-3145728
-3014656
-2555901
-3276800
-2621439
-2162685
-1900541
-2031613
-2031616
-1441792
-1245184
-393213
-851966
-1572862
-1114112
-786432
-786430
-720893
-917501
-1310719
-1966079
-1769471
-1703933
-1507328
23461888
5505024
-10551295
-1441790
-3407869
-2949118
-2686973
-1835008
-1310717
-1179648
-524286
-786429
-1048575
65536
1310721
1900547
1638403
1179651
65538
-1572864
-2818045
-2949118
-3080190
-2621438
-2031614
-1441791
-1638398
-1769471
-1310718
-1441789
-1376255
-262144
-262142
-262142
393216
65537
-131070
-524286
-1245182
-2097150
-1900542
-1245182
-655360
-65536
-393214
-524285
-524287
-720896
-1048574
-851967
-196607
65537
-262141
327680
393217
65538
-1114112
-1769472
-1900541
-1900542
-1114110
-917504
-1769470
-1441790
-458751
-4063232
327681
2359298
-9568254
-3997694
-3276799
-2949118
-1966077
-1966080
-2359295
-2228224
-1441792
-917502
393218
917504
196609
-1245183
-4325375
-6422525
-5701632
-5505023
-6356991
-6094845
-4718589
-4390911
-4390909
-3670015
-3932160
-4128765
-3670016
-3866623
-3932159
-4063232
-4653056
-4521983
-4194303
-3735552
-2883582
-2686974
-2949120
-3342336
-3014654
-1900543
-1703935
-1769469
-1835008
-1245183
-983039
-262143
0
-1376255
-1114110
-1638400
-2162687
-2228224
-1703933
-1966080
-2031616
-2228221
-2228224
-5570560
10289154
21495809
-10944512
-7208958
-3014656
-3538943
-3407869
-3080189
-2228221
-1638399
-1048574
-524287
-393214
-786429
-589823
1310723
2097152
2228225
1769474
-196607
-2293757
-4325376
-4784125
-4456448
-4063232
-3932160
-2162688
-1441789
-1703935
-1310720
-720893
-720896
-1376256
-1507326
-1835008
-1572864
-1048574
-1245181
589824
3145728
3014657
2883584
3211266
3538946
3538944
3932160
3145731
2424832
2031619
983040
655363
458752
262146
131073
851968
1310720
-1966078
8847363
26542083
-4849663
-7208957
-2097152
-3473405
-3407870
-2818046
-3014654
-3211261
-3145725
-2555901
-1441792
-851968
196611
1507330
1900544
1900544
1572865
524289
-917504
-2359294
-3014653
-2949118
-2818046
-2359294
-2359294
-2686974
-2949119
-3145728
-2555902
-2293758
-2621437
-2555901
-2293760
-1966078
-1638400
-1507326
-786429
-393216
-655358
-458750
-720894
-1638400
-1900544
-1245183
-262143
262144
-393216
-589821
-851968
-1835007
-1703934
-2097151
-2359294
-2228224
-2293757
-2162687
-5570560
13107201
18546691
-10551296
-3276798
-2359296
-2293759
-2031613
-1966077
-1507328
-786429
-589821
-720895
-1507326
-1114109
-589822
589825
1376259
1114114
983041
-196608
-1114109
-1703936
-1900542
-1769472
-1835008
-2162686
-1900543
-2097149
-2097151
-1769469
-1245183
-1245184
-983039
-393216
-65533
-458750
-786430
-720895
-983039
-1310717
-917503
-458751
131073
-131071
-262143
131072
-589824
-131071
-458751
-1835008
-851965
-1572862
-2097151
-2097152
-2228224
-2097149
-2097149
-2228224
-2883584
-1572863
22937601
3801088
-9633789
-1048573
-3538942
-2752512
-3014655
-3211262
-2686973
-2555901
-2490366
-2097152
-983038
-720893
-327679
786432
1245185
1245185
131073
-2162686
-3604479
-3866624
-4325373
-4325375
-4128767
-3997693
-4063232
-3997695
-3342334
-3276798
-2686974
-2752512
-3080190
-3014656
-2752511
-2752512
-2883581
-3473407
-3997693
-3342333
-3473407
-2818045
-2293759
-2162685
-1179645
-589824
65537
720899
-393216
-524286
-720893
-917503
-327678
-786429
-983037
-786430
-720894
-4325375
-917502
22413312
-11730941
-2555902
-3473407
-2883581
-2686975
-2818048
-2949118
-2949119
-2097151
-1703933
-1572861
-1048576
-655358
-196605
1572867
1703936
589825
-589823
-2293757
-2883584
-2097152
-2097150
-2359296
-1638400
-1114111
-1572864
-2031616
-2424829
-2228224
-2621440
-3407870
-2949120
-2424830
-2424832
-2228224
-1769471
-2097150
-851967
-393216
-65535
-851968
-1835005
-2424831
-1966077
-1572862
-1179647
-786430
-458749
65538
-262143
-786432
-720895
24641536
7143424
-11730941
-1703933
-3014656
-1245184
-327680
-720893
-720895
-1048573
-720894
-524287
458754
1769475
1703938
1900546
2818048
2490370
720896
-589822
-1179645
-1703934
-2031616
-1966078
-1638398
-1507328
-1245184
-1638400
-1507328
-1114112
-393215
-1048576
-589823
-131071
-262143
-524285
-458750
131074
786433
1441794
2228226
2752514
2293763
1507330
1507329
1179650
524288
327680
393218
-458752
-131069
-131069
-983040
1703937
26017795
6291457
-8716285
262145
-589821
-1179645
-917502
-393216
-196606
720896
-65535
196610
589825
524290
1900546
2162691
2097155
1966082
1179651
196608
-1179645
-2228222
-2228224
-2359296
-2424830
-2555904
-3670016
-3342335
-3735549
-3735552
-3276798
-2949120
-1900543
-1900541
-1638400
-2228221
-2359295
-2097149
-1638400
-1703933
-2031614
-1966077
-1769471
-1507326
-393216
-262142
65538
-393213
-589821
-131071
-851967
-1572862
-1900544
-1835008
-1769472
-2293758
-1310720
-524288
-1769470
22806531
8257538
-10551295
-1507327
-3538941
-2293758
-2686974
-2818047
-2293758
-1900541
-1703934
-1572862
-1245183
-851967
65538
917505
917507
983040
-393213
-2359294
-3342334
-3670016
-3735550
-3932159
-4128765
-3342334
-2752512
-2555904
-3014655
-3342336
-3080190
-2818048
-3145728
-3276799
-2818046
-2228222
-2031613
-2359295
-2490365
-2293757
-2162687
-1835006
-917504
-720893
-1114112
-1310717
-458750
1
-393215
-1638398
-1376254
-851967
-458752
-65535
-458750
-786431
-458752
-131071
196608
-2621440
7077888
23134209
-5767166
-6356992
-1638400
-3211261
-2490367
-2359293
-1179646
-655360
3
196611
851970
917504
1114115
2228225
2293761
1900544
1900547
851969
-524287
-1114112
-1966079
-2162686
-2949118
-2621440
-2228222
-1966078
-1572861
-1900544
-2621437
-2424832
-1638400
-1441789
-1376254
-1638398
-1441792
-524285
-196605
1114112
1310720
720897
917504
851971
2031616
1769475
917504
196608
3
-589824
-589824
-851965
-1179647
-1376256
-917501
-786430
-2752511
21102595
13369344
-4128768
-8060928
-1769469
-2621438
-2228222
-983040
-851967
-1048576
-2752512
-2424829
-2031613
-1441789
-917501
-196608
720898
720898
131072
-1703933
-3538942
-4194302
-4915200
-4980736
-5111807
-4521984
-4390909
-4456446
-4194301
-3735550
-2883581
-2883582
-3080190
-2555902
-2293760
-2490365
-2949118
-2949119
-2490367
-2293759
-2555904
-2686973
-1703935
-786429
-655358
-1966080
-1769471
-2097151
-4325373
-7667712
-5832704
-4980736
-4980735
-3801086
-2424831
-5439485
15400963
13631491
-13107199
-5111806
-6094845
-5636093
-5046272
-3670015
-3604478
-3473405
-3080192
-2818048
-2490366
-2883583
-2293760
-1114112
65538
851969
196610
-1703934
-3342334
-3735550
-3932160
-3866624
-3932159
-2752512
-2490365
-2818045
-1900542
-1507325
-458751
-983038
-1441789
-2752509
-4718589
-4521982
-2752510
-2686973
-2752510
-1966079
-2293759
-1572862
-1245182
-589824
-589822
-1507326
-1310720
-1900542
-1441791
-2949119
-2031614
-2555904
-2359294
-4980735
-2818048
21364738
6684672
-11534335
-3538943
-6029311
-5242879
-4521984
-3473406
-2490368
-1769471
-1179648
-327680
393218
1572866
2293760
2752514
3080194
3145731
1966080
1310722
720897
262145
-655357
-1245182
-1441791
-1966080
-1900544
-1900542
-1966077
-1769470
-1114112
-1376255
-1638399
-2228221
-2228221
-2490368
-1572862
-1048573
-393216
-131071
-655360
-1245181
-1900542
-2097152
-1048576
-196607
1048576
589824
-327680
-1048573
-2490365
-2555902
-2883583
-3080191
-2818048
-3866623
-4456445
-3735549
-2031616
20971523
2031619
-11927551
-5832703
-2293760
-1966079
-2031614
-2162687
-2031615
-2883584
-3801087
-2228223
-589822
3
-262142
196610
2490371
3801088
2490370
3
-1376253
-1376254
-2293758
-2424829
-655360
1310721
393216
-262143
-65536
-655360
-1114109
-655357
-655360
-196608
-131070
-655360
-458750
-131070
524290
458754
196609
-1048573
-2228224
-2490367
-2686975
-3211263
-2162685
-1966079
-1769471
-1703934
-720896
-3997696
12779521
23986176
3342338
-12058622
-2031615
-2686976
-2031613
-1310717
-589824
-327680
-1835005
-1638399
-1638399
-1441792
1
196608
1048577
2162691
1245184
-196608
-786431
-1572864
-2293757
-3080189
-2359296
-1310717
-1114112
-1179648
-1769469
-2490365
-2097152
-3276800
-4915198
-5177342
-4063229
-1769470
-1114110
-1114110
-983038
-720896
-327680
262145
1114112
1179648
262147
262145
393217
851971
-262143
-1376254
-1835007
-1900544
-1048576
-4390910
15138819
15466497
-11272191
-2818045
-2228222
-2293760
-1638400
-1507328
-1179648
65536
196610
327681
851968
1310721
1572867
1769474
2359297
3473409
2228224
262147
-1179647
-1769470
-2752512
-2949119
-2818045
-2359295
-2031616
-2097150
-2949117
-3276798
-2621439
-2424831
-1572864
-1376253
-1769469
-1048575
-917504
-1966079
-3145727
-2883583
-2555904
-2359294
-1966077
-1441790
-720893
-524285
-327680
786432
-196608
65538
65539
-786430
-327679
-1507325
-1310718
-917501
-393213
1507330
65539
2097154
24379393
3342339
-7536640
-983038
-2752509
-2555904
-2097150
-2031613
-2293760
-1572861
-393216
-65534
-65536
196611
196610
-1900543
-2031615
-1179648
-2555904
-3997695
-4653053
-4980734
-4456446
-4456447
-4653054
-4784127
-3932159
-3407869
-3276798
-2621437
-2818048
-3014653
-1835005
-2555903
-3342336
-3538942
-3407872
-2818045
-2752512
-2424829
-1835008
-1572864
-1769469
-983037
2
327683
-589824
-1376254
-1310717
-1310718
-1572863
-720895
-720896
-1310718
-2162688
-2097149
-983040
-3932159
13959170
17760257
-10747901
-10223615
-2162688
-3538942
-3080191
-2818046
-2228223
-2031615
-1966080
-917501
-131072
327683
1441794
1703936
1900544
2293763
3080193
2097152
458755
-589821
-2031616
-2949117
-2621439
-1966079
-1900543
-1966079
-1769470
-1703934
-1835005
-1048573
-1769471
-1966078
-2162688
-1048576
0
-131072
-917502
-524285
-131070
393217
1179650
1114114
196608
393217
196608
786433
786432
589825
-131069
-131070
0
-458751
1048576
24576002
4915201
-9502720
-327678
-1441791
-1310720
-1114112
-983038
-1048574
-851966
-2162686
-3080189
-2293758
-2097152
-1114112
-851968
-458751
-327680
-1900541
-3211263
-3866621
-4259840
-3866621
-3145728
-2686976
-1769469
-1572863
-1507326
-1572861
-458752
-851968
-1572862
-1703934
-1572861
-1245181
-1245183
-1376253
-1179647
-917501
-393215
393217
-262144
-1179648
-1572862
-1048576
-1376255
-1376256
-1048574
-983037
-655360
-3473406
7602179
22806531
-6160381
-5898237
-655357
-1638400
-1310717
-589823
-589823
-1245181
-917504
-393213
-786429
-393216
-131070
589825
1245187
1310722
786434
-720893
-1376255
-2359293
-3538941
-3735550
-4063229
-3801087
-3342333
-3670016
-4128767
-3538944
-3211261
-4390911
-5177344
-4980735
-4587517
-4456446
-3670015
-3342334
-3866622
-3407872
-3014653
-2031614
-1572861
-2162686
-1572862
-1179646
1
-327678
-1900542
-1376254
-2097152
-2162685
-2031615
-2555902
-2490365
-1900542
-786430
-4325374
-3604479
19726339
8978432
-10158078
-655358
-2686973
-2424829
-1376255
-917502
-786430
-720894
-720895
-589824
-393216
327681
1179648
1900547
1900546
1638400
1048577
-65536
-1376255
-2686973
-3014655
-3276799
-3276800
-2686975
-2293760
-2293760
-2883582
-2949117
-2621439
-2228221
-1900544
-1441789
-1310717
-1441791
-1966078
-1769472
-1835007
-2228221
-2424830
-2228221
-2424830
-1703936
-1441791
-1572861
-1900542
-2359294
-2883584
-2424832
-1179647
-1638400
-1376256
-1114111
-1441792
-2555904
-1835007
-1245183
-5111807
11468802
21823489
2883585
-9043965
-1703934
-2359296
-2097152
-1179647
-1507328
-786432
-65536
65536
786432
851970
851970
1376258
1966081
2031616
720899
-720894
-1835007
-2097151
-1507326
-983038
-1048576
-786431
-786430
-589821
-393214
-196606
-458751
-720896
-524288
3
-262143
-983037
-393216
131075
65538
-458749
-786431
-1114111
-983037
-1245181
-851965
-1310719
-1245183
-2097151
-2818047
-2031613
-2293759
-3276800
-2818047
-3276798
-3604479
-3473406
-3604478
-1769472
-4194303
16318464
13238275
-12386303
-3538941
-2293760
-2949120
-2424830
-2228221
-2031614
-2031613
-1835008
-1507326
-1507328
-786429
-327677
-65533
131072
458753
262144
-589824
-2228222
-3080192
-3670013
-3997693
-3997693
-2752512
-2555903
-2424830
-2162686
-2359296
-2359294
-2228221
-1769472
-2228224
-1572864
-1048573
-1245182
-851966
-1310718
-1048576
-1310720
-1441789
-786432
-1638398
-1835008
-1507327
-1835007
-1310720
-1376253
-1245184
-851968
-524288
-786432
-1769471
-3014654
16384000
18808832
-10420224
-3538941
-1572863
-2228221
-1441791
-720896
-589821
-262143
-655357
-786431
-262142
458754
589826
1507329
1900545
2228226
1441794
196609
-1179646
-1572863
-1769469
-2293757
-2293757
-2097151
-2031614
-1376256
-1310717
-1835005
-1638398
-1245183
-1572863
-1966079
-2097149
-1638398
-1703933
-2031614
-1179647
-1638397
-393213
-720895
-1441789
-1245181
-1114112
-1507327
-851965
-327678
-458751
-655359
-786432
-2359295
2555904
23396352
-1835005
-7864319
-1048574
-2752509
-2228224
-1507328
-1245183
-1376253
-1048576
-851968
-131069
65539
851968
1441793
1900545
1638403
262145
-1441790
-2162687
-2293757
-2490368
-2555903
-3211264
-3276798
-2162687
-2359294
-2293757
-2490365
-2424832
-2097149
-2228224
-2818045
-3276800
-3145726
-3407872
-3604478
-3342335
-3211261
-2883583
-2097150
-589821
-262142
-1179645
-589824
-655359
-1245181
-1310717
-1245181
-1441792
-851966
-393216
393219
-2097150
11468803
21299202
-6815743
-8716287
-262143
-1966080
-1507326
-458751
-196608
393217
589826
327683
131074
-65534
-983038
-2555903
-2162685
-2686973
-2555904
-3735550
-4718592
-4915197
-5111808
-5046272
-4521982
-3538944
-2818048
-2686975
-2293760
-2424831
-2097150
-2424830
-1703933
-1179645
-1507328
-1638398
-1114109
-1376255
-1572862
-1441792
-1245184
-720893
-851968
-1376253
-655360
-262144
131072
-589821
-589822
-917502
-1703933
-1310717
-1310718
-2228222
-1769472
-1376254
-1572862
-1441790
-3342336
19791872
8126466
-10027006
-1572861
-2949119
-2490367
-2293760
-1179645
-786432
-983037
-1507327
-1966078
-1638397
-786429
524289
851969
1900544
2097154
2097152
1769475
-131070
-1441791
-2818046
-2686975
-1900542
-1769472
-1703936
-1114111
-1900544
-1638400
-1245181
-1245183
-786429
-524288
-1179645
-1376255
-851968
-589824
-327677
-327680
-720895
-983039
-1441789
-851966
-720895
-917503
-1572863
-1769472
-1638399
-983037
-655360
-1703935
-1703933
-1900542
-2293758
-2293757
-2228224
-2555901
-2490368
-2359296
-1507325
-4456448
14155778
15073281
-10878974
-3538944
-2097151
-3407871
-2883581
-2490365
-2162685
-2097150
-2293758
-1835006
-786430
-1048573
-1245184
-720895
-655358
-6422528
-5767168
-5701630
-6946814
-7667711
-7471104
-6160381
-3801086
-1900541
-1048575
-589821
-393215
-196606
-327677
-589823
-589823
131074
-65535
-393214
-524288
-655358
-720896
-720895
-720896
-1114110
-2097151
-2228222
-2162685
-1048573
-458750
0
-524285
-327678
-786429
-655359
-1310720
-1703934
-1703935
-1507325
-786430
-983039
-1179647
-1441792
22478849
6750209
-9830398
1638401
327681
65538
458752
851969
196610
65537
655362
1572865
1900545
2555905
2555907
3407874
4325379
3604480
2818051
655363
-1769470
-3342334
-4456447
-5898237
-5308414
-4653055
-2359294
1310722
2883584
2555904
2686979
2555907
1703936
1245186
589827
786433
983042
655362
786435
851970
786432
262144
786433
786432
-786429
-720895
-655359
-1441789
-1310720
-1310719
-851968
-917503
-983038
-1966078
2490370
23330818
15138817
-11993086
-4259839
-4390911
-4653053
-3866623
-3473407
-2949120
-2424832
-2097149
-1769469
-2686975
-2949117
-1966080
-1179647
-327680
2
-1310719
-1900541
-2555904
-3473407
-3801086
-3407872
-3735551
-3604479
-3211263
-3473406
-2752511
-2818046
-2883584
-3276798
-3145726
-3080189
-3211262
-2752512
-2424829
-2818045
-3145727
-2686975
-2490367
-1835005
-786432
-524287
-1572864
-1769469
-1835006
-2162686
-4128767
-5111807
-4784125
-4390909
-4194301
-3276797
-6553598
12386306
16056323
-11993086
-4456446
-3080189
-2949119
-3080191
-3145728
-1835005
-983039
-655359
-262143
131072
851970
1572864
2293763
2097154
2162688
393219
-524287
-851965
-1114109
-1572861
-1703934
-1507326
-1179647
-1638400
-1572863
-1703935
-2359296
-1507326
-1048573
-1048573
-983039
-851966
-589824
-393215
-131069
196610
-65536
589826
851970
655362
1048578
1114114
917504
786433
1245185
3
-851967
-1048574
-1245184
-786429
-1310718
-1310718
-1376254
-1114109
-327678
-655360
-262143
22544385
6291457
-8060925
-524288
-2818048
-2097151
-1769469
-1048576
-1310718
-1245184
-589823
3
720899
983043
1376257
2293761
2555907
1966083
1310722
-65533
-1572863
-2555902
-2883584
-4325373
-4194303
-2555903
-2555902
-3145725
-2818045
-3211261
-2949118
-2293760
-2359294
-2883584
-2883581
-2686973
-2424830
-2228221
-1835006
-1638397
-2031616
-1507326
-589823
-720895
-393216
-196606
65537
-65534
786433
655363
-1245181
-458749
-786430
-786431
-524287
-589822
-589823
-458752
262146
655361
-3407869
13303808
18415619
-9306110
-3538944
-2949117
-3407871
-3145728
-2424829
-1507328
-983038
-720894
-655357
-327679
-393213
3
1114112
2162690
2031616
1572866
458755
-1376256
-1769471
-1900544
-2162685
-2293760
-1966077
-1769469
-2686973
-2424831
-1376254
-1114109
-1507327
-2228221
-2097150
-2359293
-2686974
-2621437
-1966080
-2162688
-2621439
-1835005
-1638398
-393216
-393215
-1114111
-1376256
-1966080
-393216
2
65537
-262144
-786432
-393214
-65533
-3538941
12189698
20119555
-8978430
-4390909
-1835008
-1507327
-1179647
-1048575
-1114109
-1376256
-917502
-65533
-196608
2
131075
851969
2097155
2293760
1572867
917506
-131070
-1638397
-1966079
-2228224
-2686975
-2162685
-2228221
-2162685
-2293760
-2752511
-3407870
-3342333
-3276800
-3342336
-2949120
-3538944
-3735550
-2490366
-2686975
-2949118
-1310720
-589824
-1638400
-2293759
-2621439
-2883584
-3670015
-3276800
-3670013
-3801087
-3604478
-3014655
-2555901
-2949118
20316160
5701634
-8257536
-4980734
-2490365
-2490368
-1835006
-589821
-720894
-1376254
-983037
-524285
-327678
-196607
196608
1114114
1703939
1310723
-327677
-1310717
-2621437
-3145728
-2883581
-3473405
-2818047
-1835007
-1638398
-1376254
-1376253
-1310719
-1376254
-1245184
-1572863
-2228222
-1835006
-2031615
-2490366
-1900542
-1638398
-1638397
-917504
-983038
-393216
-196605
-1769471
-2031613
-2883581
-3604479
-2621439
-2555902
-3145727
-2621440
-1376255
-2162686
1179650
22085633
720899
-7405567
-458752
-1703935
-1835008
-1441790
-983038
-1048575
-393216
0
327682
917505
1703938
2490369
3342339
3080192
2293760
1376256
196611
-1376253
-1572864
-1769471
-2424831
-3014653
-1376255
-1114111
-1441789
-1310719
-1572862
-1376254
-1245182
-1638398
-1769469
-1376253
-2293759
-1835008
-2228221
-2818048
-2162688
-1376254
-262142
3
-917504
-1703933
-2031613
-2818048
-2883581
-2424830
-2883584
-2883581
-2555904
-1966077
-4849663
7864322
19660803
-9568254
-12648448
-3080190
-4587519
-4194301
-3538943
-2686976
-2293759
-2555901
-3211263
-2949120
-2293760
-2228224
-1376253
-1048574
-655359
-917503
-1769469
-2883582
-3670016
-3801085
-4063230
-4718592
-4325373
-4063231
-3801085
-3407870
-3145728
-2621440
-2228221
-3080191
-3342334
-3407871
-2686976
-2228221
-1572863
-262143
720897
3
-720896
-1310720
-2031614
-2031613
-2555903
-2228223
-1376255
-1179646
-851968
-1572862
1048576
13434883
17760258
-10354687
-4194301
-2228222
-3211263
-3473405
-3014653
-2424832
-1966078
-851965
-196607
262146
589826
1245187
2359296
2097153
2097153
1507328
65536
-589822
-1638397
-2883584
-3866623
-3932157
-3538944
-2621438
-2359293
-2490366
-2293759
-1572862
-2031613
-1900541
-1966078
-2686974
-2424831
-1900542
-2162686
-2293760
-2097152
-2097152
-3735550
-3473408
-1114111
-655357
786434
131072
-1572863
-786431
-1114110
-1441789
-1507326
-1376254
-2555904
-3538944
-2686975
-4980734
16580608
10944514
-11010045
-2424830
-3735552
-3342336
-2883584
-2883583
-2752509
-2752510
-3145725
-1310720
-393213
655360
393219
65537
589826
720899
-131071
-1376255
-2293758
-2555904
-2031616
-1114109
-1245182
-458751
-131069
-851967
-1245183
-1310717
-458752
-458750
-917502
-1114109
-1179645
-917504
-655357
-1310720
-1703933
-983040
-458750
-327677
-851966
-1900544
-2162688
-1441791
-196607
589824
983041
1900545
2162691
983043
1310721
589826
458752
327683
196609
262146
-327678
196610
393219
-1638400
20643842
9437184
-9699325
-786429
-1179645
-1376256
-131072
65538
131075
655360
65539
-524287
-131072
-65534
917507
1769474
1835009
1769472
1572866
524291
-589823
-2293758
-2752509
-2883583
-2949118
-2883581
-3014653
-3211261
-3145725
-2818047
-2490366
-2555901
-2031615
-2424830
-2621438
-2686974
-3080189
-2949118
-2686976
-3014653
-2162685
-1703936
-1376255
-393215
-1310719
-2162685
-2621439
-2752510
-2818047
-2686976
-2424831
-2752512
-2359295
-2293760
-4587518
6684672
20971522
-8257535
-8716287
-3801085
-4325373
-2949118
-2555904
-2228223
-1835008
-1900543
-1441789
-1441791
-1245184
-851968
-196607
786432
1310720
1507330
-196606
-1245181
-1703935
-2293758
-3145727
-3211263
-3014654
-2293759
-2162688
-2949119
-1835008
-2228224
-2424830
-2097149
-2424831
-2359295
-1900543
-2031615
-2031613
-1703933
-1245181
-458750
-196605
458754
-655360
-1179646
-2097152
-2031615
-1507327
-1376255
-1179645
-1179646
-917504
-786432
-327678
21889025
4390913
-10092541
-1310720
-2883583
-2293760
-2228221
-1966080
-1769472
-1310719
-851967
-393213
-393213
524290
1048578
1245187
1835010
1245184
196611
-1179646
-1900542
-2686975
-2818048
-2949118
-2686974
-2883584
-3014654
-2097150
-2031614
-2228221
-1835005
-2031614
-2424829
-2621437
-2293760
-2031615
-2752510
-2883583
-2686976
-2555903
-2424831
-2293760
-2752510
-1900543
-1048576
-524288
65536
-786430
-1048576
-1703935
-2228223
-2097149
-1572863
-1507327
-1376256
-917503
-1441789
2686979
15925251
18612227
-7208959
-196606
-262143
-393216
-1114112
-1572861
-1638400
-589824
-393213
-262142
131074
1179650
1966080
2752515
3604483
3735554
2490369
1048579
262146
-1638400
-1703934
-720894
-1245181
-1376255
-1507328
-1966077
-2031613
-1966079
-2293757
-1900541
-1114110
-1310719
-2162686
-1179647
-786432
-983037
-1376256
-1572863
-1441791
-1900542
-1572863
-196608
-65535
-262141
393218
-1048574
-2097150
-2359296
-2818045
-2686973
-2097149
-2949119
-3080189
-2686973
-1638400
-4653055
8585217
18481155
-9830399
-6291454
-2621440
-3473408
-2883584
-2555903
-2555901
-1835007
-1638398
-1638397
-1507326
-524286
-262143
262147
589827
589826
720898
327682
-1572864
-2949117
-3342336
-3342334
-4259838
-3932159
-3670013
-3670015
-3211262
-3276800
-3276799
-3473406
-3407871
-2949118
-2162686
-1310719
-1114110
-1245183
-1245182
-1048576
-851966
196609
589825
-262142
-1376256
-1114111
-720893
-1245184
-720893
-393214
-983038
-458750
-3670015
3407873
22872067
-3211264
-9502717
-2686974
-3801088
-3145726
-3145727
-2818047
-3145726
-2424829
-1245184
-1441789
-1048575
-458752
-458751
131072
786435
720898
-983037
-2752510
-3735552
-3735549
-3735550
-3080189
-3014656
-3211261
-2424832
-2424830
-2949120
-2818048
-2555903
-1966080
-2228223
-1769471
-1441791
-1966080
-1572861
-1572861
-1769469
-1638400
-524287
393219
917504
-65535
-655360
-851966
-1572862
-2293759
-3014656
-3276800
-3145728
-3014656
-2424830
-5373950
12255233
14483458
-11403263
-3801086
-3407869
-2818048
-2818046
-2818048
-2490368
-1703935
-1572862
-1310718
-458752
65537
1245185
2097155
3080193
3145730
2359297
1245186
720896
196610
-524286
-458749
0
1
131072
-458749
-196608
-196607
-458749
-1179645
-1376254
-1310719
-1507327
-1572861
-1376255
-1441792
-917504
-1179645
-1179648
-327678
1
131074
-131070
-262143
-65533
720896
1376256
589827
655361
-65535
-589824
-262144
-131072
-131070
65538
786432
-1703933
8060929
-4521984
-3932159
-1769471
-1114112
-786432
-393215
-1376253
-1376254
-1048576
-1572864
-1703936
-917501
-262142
327680
589825
262147
-1310720
-3080189
-3604479
-4128765
-4259837
-4063230
-4390909
-3342334
-3014654
-3538941
-3080192
-2818048
-3538944
-3473408
-4128765
-3801087
-3080190
-3276799
-4390910
-4587518
-4325373
-3932158
-3080192
-2883583
-1507327
-196607
-1638400
-2293760
-2293760
-2359295
-3080190
-2949119
-3014655
-3080189
-2162686
-1703934
-3080190
-262143
21626880
-262141
-11927552
-3473405
-4194304
-3932159
-2949118
-2949118
-2424829
-2162688
-1441791
-1245184
-589824
393216
458755
1048576
1048577
-917504
-2162687
-2555902
-2359294
-2097150
-1441792
-1114112
-1048576
-851966
-196606
131075
65538
-262141
-262141
-196608
3
983041
786432
524289
1179649
2293762
2555904
1900547
983041
1
-458749
-327680
-458751
-589824
-196606
65539
262144
-2818047
8192003
20840448
7471107
-11337727
-2228224
-3801085
-2818046
-2424831
-2424832
-2818045
-2424830
-1966078
-1572861
-1179645
-1048575
-720894
131073
196609
196611
-655357
-2424832
-458749
524291
3
-65535
-655357
-917504
-1245182
-786429
-786429
-1114110
-1441790
-1769472
-1572864
-1900541
-2359294
-2490368
-2686974
-2359295
-2424829
-2424831
-1769470
-1835006
-851968
3
720898
-327677
-131070
-720895
-1769471
-1114111
-1179645
-983039
-262144
-131069
524289
-2490366
17694721
14155779
-9175040
-851966
-1703933
-1441789
-1310717
-1245182
-1441790
-917504
-1179648
-1572861
-851967
-983038
-524286
196609
327683
589825
196611
-1310720
-2293760
-3407871
-4128766
-4849663
-4390911
-3932159
-4063230
-3801086
-3276800
-3145725
-2621438
-2293758
-2162688
-1703934
-2162685
-1900544
-1376254
-1114111
-786432
-1245183
-786429
-1048573
-1507326
-1376255
-1638397
-1441791
-1638399
-1966078
-1441792
-589822
1310722
-65536
-1048573
-917504
-786429
-1572861
-1310719
-786429
-524286
-65533
327681
-2031613
19464192
10878978
-10027008
-1572863
-2490368
-2686974
-2424829
-2555903
-2752511
-2621440
-2162686
-1179648
-851968
-393213
0
524289
1441793
1441794
-720895
-1507325
-1769469
-2293760
-2359296
-1703933
-1900544
-1966079
-1835005
-2162685
-2097150
-1966079
-2293758
-3080189
-3276798
-2949119
-3080192
-3276797
-3145728
-2686975
-2818046
-2424831
-1835008
-917502
-983037
-1769469
-1900543
-2818045
-2818048
-2424829
-2228224
-2228221
-2162688
-1376254
-786431
-4063231
14221315
15204352
-11862016
-10420221
-3538943
-5308416
-5373950
-4980733
-4456448
-4194302
-3473406
-2621438
-983040
-327680
196610
1245185
2228225
2228226
851970
-851965
-1572861
-1572862
-1245181
-983039
-917504
-851966
-983040
-1179647
-1179645
-327678
-458751
-917502
-1114112
-786432
-786432
-786429
-655358
-458750
-655357
-720896
-196605
65539
917506
1507331
589825
1114113
720899
589826
-65533
196611
65536
458752
720899
131075
1507330
22937600
4456450
-7929853
-65536
-2555902
-2424831
-1441791
-1310718
-1048576
-1310719
720898
3670016
2424832
3080195
3670016
4128770
4194307
3473410
2293763
851969
-458750
-1638399
-1835007
-1900542
-1900544
-1376256
-851965
-917502
-786430
-589821
1507328
1
-2293758
-2883581
-2883581
-2883583
-3014653
-3342335
-3342333
-2818045
-2621439
-2818045
-2686974
-2097152
-1769470
-851968
131075
-262144
-1441790
-1835006
-2097149
-2162685
-1572861
-917501
-786432
-458749
655363
-1572861
18350080
24969219
1048577
-5046272
983040
-131071
524290
851968
1048578
851969
589827
983043
917505
786435
917506
1703938
1966080
2162688
2228225
65539
-2293760
-3014653
-3604478
-4718592
-5505022
-5046270
-5177343
-5111807
-4063232
-3342335
-3604480
-3801085
-3604479
-3276799
-3145727
-2555904
-3276797
-3276800
-3080191
-3276800
-3604480
-3735549
-2818045
-1179645
4063232
5439490
5177344
3211264
2031616
1048577
327681
262146
458755
65536
-720894
-131071
131073
-2621437
5636097
21823489
-5439486
-7929855
-2686976
-3670015
-3473407
-3211262
-3211263
-2949120
-2228222
-2424831
-2490367
-1966077
-1900542
-1835007
-589821
1
-65534
-720896
-3211263
-4128768
-4587519
-5242879
-5046269
-4390911
-3997694
-4063232
-4128768
-4128766
-4194302
-3932157
-4128766
-4521984
-3932160
-4521982
-5832703
-6094848
-5242877
-5701629
-5373952
-5242877
-5505024
-5505021
-5439487
-4456445
-3276800
-2097152
-2555901
-3538944
-3276799
-3473405
-3538943
-3407871
-3735551
-3670013
-3014655
-2359293
-3145728
-1572862
20447233
1966082
-10616832
-2818046
-3997695
-3276798
-2949120
-2621437
-2752512
-2883584
-2818047
-2686976
-1835006
-1114109
-786430
131075
327683
720899
2
-1179648
-1703935
-2293759
-3276798
-2949118
-3145726
-3276797
-2686976
-2686975
-2359296
-1507327
-1376255
-1441791
-1310717
-1310717
-1048574
-983038
-1376253
-1179648
-1769470
-2686973
-3145728
-2555902
-2686976
-1703933
-720894
-524285
131075
458755
2883586
3670017
2949122
2031619
2424832
3276802
3276801
2359299
589827
524290
1179651
1114115
1310721
1376258
1245186
1048576
786435
-1245184
2031616
22282240
917506
-7798784
-3014656
-3014654
-2752510
-2359294
-1900542
-1507327
-2097149
-1310719
-851965
196611
1507331
2293763
3407873
3801088
3670019
2359296
1376257
-196606
-786430
-851967
-1114109
-786430
3
65539
-327679
-655357
-327677
-720896
-1114111
-1179646
-1572864
-1835007
-2162686
-2818048
-2359293
-1835007
-1769469
-1507326
-1048573
-1835008
-2424829
-1376253
-1835007
1441793
3997696
2686976
2621441
1835008
2752515
3080194
1441793
589824
-131071
-655357
-327677
-327677
-262143
-458750
720896
-983037
4849665
17170435
13762560
-9502719
-1572861
-1441791
-1572863
-1310720
-1245181
-720893
-720896
-655360
-262142
131073
524290
786433
1245184
1703937
1179650
655361
-458749
-2490365
-3080190
-3538941
-3407870
-3407872
-3473405
-3276800
-3538941
-3538941
-3538941
-3932159
-4259839
-4390912
-4653054
-4194304
-4325373
-3997695
-3473407
-3145728
-2555902
-2097151
-1114111
-786431
-1572864
-1638397
-1310719
-1638400
-1310719
-393215
-262143
-327679
196610
-131070
-720896
-524288
-1507327
-1441792
-655359
-720895
-1114109
-1245183
-1703935
9306115
22478849
-5046272
-3538944
-131071
-983040
-917503
-917504
-917504
-655358
-131070
-524286
-720894
-131069
589827
1310721
1310722
1441792
983042
-327678
-2031613
-2359296
-2293760
-1900544
-2031615
-2293759
-2490368
-2424832
-2686975
-2752509
-2555901
-2424832
-1835007
-1966077
-2031613
-2162688
-3407869
-3276799
-2752509
-3866624
-3735549
-3014653
-2818047
-2293759
-2752511
-2949119
-2686976
-2752510
-2162688
-2228222
-2621439
-2555901
-2359294
-1769471
-1245183
-2490366
-3145726
-2949117
-2818045
-2883582
-3080191
-2949120
-2818047
-3211263
-4128766
17563649
6029315
-12058622
-4063230
-5242880
-4325375
-4325373
-3473408
-3276797
-3080192
-2686976
-2097149
-2490368
-2228223
-1179645
-720896
-655359
-458752
2
-1507325
-2424830
-3014655
-3473407
-3145725
-2752510
-3538941
-3014654
-2490368
-2228221
-1703935
-1966078
-2097152
-2228224
-3080191
-3211262
-3014653
-2359293
-2293758
-2818048
-2424831
-2555901
-2293757
-1703934
-1703933
-1507325
-1638398
-786429
-327680
-786431
-1114109
-655357
196609
327680
524288
589824
-262141
-131072
-720894
-655358
-720894
-851965
-851967
-720894
-2555901
458753
21430274
589826
-9437181
-2097152
-3342334
-4980733
-7012351
-6946816
-6422528
-5636094
-5046269
-4390909
-3604480
-3014655
-1376254
131072
393219
851968
-65534
-1048575
-1310718
-2424829
-3342335
-3473407
-2818046
-2228221
-2228221
-2097151
-2293759
-1703934
-1638397
-1245183
-851967
-720895
-720893
-1310720
-1376256
-1310718
-1703933
-786429
-1572861
-1245183
-1114110
-1048573
-458751
1179651
1310723
-65533
-524286
-327680
-196606
-65535
720899
393219
393217
720899
-2621439
10092544
20185091
-8519680
-5242879
-1835008
-2359296
-1245182
-983037
-720893
-196607
-327677
-589822
-655357
-786432
-917501
0
524289
327683
-524287
-2162688
-3080190
-4325376
-4849663
-4456447
-3407872
-2293757
-1048574
589826
851970
327682
327680
524290
851968
720896
851968
851968
917504
917504
1441792
589827
655362
393219
-524285
-458750
-393215
3
-524285
-1310717
-2031616
-2031613
-2424829
-1900543
-1769470
-1703935
-4521981
4849667
19726339
-6160383
-11206656
-2818045
-4128766
-3735550
-3342334
-2359293
-2949120
-2883584
-2949118
-1769472
-1572861
-1048574
-131069
65539
458753
-131072
-1376253
-2949119
-2752511
-2293758
-2424832
-3145727
-2818048
-1638400
-1703934
-1638397
-1114111
-786429
-393216
-983038
-1310720
-1310717
-1572861
-1310720
-1441791
-1245183
-917501
-327680
-458750
-786431
-917501
-1114112
-393214
-131069
524291
-327679
-1310717
-983037
-1835005
-1966079
-2031614
-1769469
-1769469
-1835007
-1048573
-2293757
-720894
20512770
1114115
-10223614
-2555902
-3604480
-3932159
-3342335
-3080190
-2949117
-2490366
-2359296
-1966080
-786432
-393215
65538
1048578
524288
131075
-65536
-1572864
-3407872
-4325373
-4063231
-3735552
-3604478
-3342334
-3604478
-2752509
-2621438
-2621437
-3080189
-3014653
-2883583
-2686975
-1572863
-1900542
-2293757
-1769470
-2031615
-1900542
196608
589826
524288
1441792
2228225
1966081
720896
131072
-720893
-983039
-1638399
-983039
-458751
-655359
-786429
-589824
393216
21299202
2752513
-9502718
-1638400
-2293757
-2031616
-1900541
-1835005
-1245182
-786432
-917503
-983039
-589822
65539
524290
983040
1245186
786434
-196606
-1769471
-2752510
-2686975
-3342336
-3801088
-3473408
-3276800
-2293760
-2097150
-2424831
-2228222
-2228224
-2097152
-1966080
-1572862
-1441790
-1245184
-1310718
-1507325
-1310720
-1310720
-1769471
-1769472
-1900544
-1966078
-1572862
-2228223
-1835005
-1245182
-1245183
-1310718
-917501
-458750
327681
-524285
-1179645
-2162686
-2424832
-1900541
-1769471
-1769469
-1376256
-1048576
-1245183
-2162686
327682
20709376
851971
-8454144
-1441790
-3276800
-2818045
-2818048
-2621438
-2293757
-2162687
-1769470
-1572862
-1835005
-458751
3276800
4325377
4521984
4259841
2818051
1835009
327680
-720893
-1310720
-2162686
-2359296
-2359293
-2359294
-2228223
-1966079
-2097151
-2162688
-2162686
-2293760
-2359294
-2490365
-2949118
-2162686
-2293759
-2097149
-2228223
-2162685
-1835006
-1703934
-1703934
-2359296
-2228222
-2097152
-2686973
-3276800
-3080191
-3080191
-3342333
-2818048
-2883583
-2490368
-2097149
-2162686
-3342336
-2949118
-3276798
-3473405
-3080192
-3211262
-3211264
-3342336
-2883581
-3211261
-65534
11730945
14024704
-9895933
-3473406
-3342336
-2818046
-2359294
-1441789
-589822
-1048576
-851968
-1114112
-458752
-393213
-65536
589827
720896
1048578
1179651
-65536
-1572862
-1769472
-1900542
-2031616
-2097150
-2359295
-1966078
-1245182
-983038
-1179645
-1114111
-1048575
-1638398
-1703933
-1769471
-2031614
-1835005
-1835008
-1441790
-589824
-917504
-1114111
-1376253
-1441791
-1769471
-1703936
-1572864
-1310718
-655360
-262143
-589821
0
196608
1441794
786433
-196605
1
-524285
-589821
-983037
-851965
-458749
-196606
196610
-786429
-851965
21037057
5701633
-9371648
-393215
-1638399
-983040
-458750
131074
458754
1
-327679
524290
1179650
1441793
1572867
2359296
2818051
2293762
983040
-589824
-1114112
-1376253
-2228222
-2490367
-2883584
-2490368
-2359294
-2424829
-2490365
-3211264
-3342334
-2883581
-2752512
-2949120
-2949118
-2818045
-2555904
-2293759
-2228221
-1769470
-1179647
-1966077
-2162687
-2097152
-2555902
-2555901
-2162687
-2162688
-2031613
-1835006
-1703935
-1048574
-65536
-458751
-1310718
-851966
-851965
-655360
-393214
196608
196611
1245187
-1507328
7471106
22806529
-3211262
-4653054
-458750
-983039
-458752
65539
589824
131072
-262144
-65534
393217
851969
983040
1245185
2228226
2686977
2490370
1048576
-65535
-1769472
-2555902
-2949120
-3276800
-3276797
-3407869
-3473408
-2490367
-3145726
-3407869
-3145726
-3407870
-3604478
-3014654
-3801088
-5242877
-5111806
-5373949
-3670014
-2555901
-1900542
-1310717
-1572862
-1245182
-983038
-983040
-983037
-786431
-589821
-327678
-851966
-524286
1
720896
-1114112
-917502
-589824
-1048573
-983038
-262143
-327679
-786430
65536
-2949118
11796483
18481153
-7864318
-3276797
-2490365
-2949120
-2555901
-2293760
-1441792
-1572861
-1245184
-851968
-1048576
-393214
131073
1507330
1966080
1835009
1835009
1179650
65536
-1441790
-2031616
-2097150
-1966080
-2621437
-2490365
-2228223
-1703933
-1441789
-1638399
-1572862
-917502
-720893
-917502
-1114111
-1769470
-2031613
-1638398
-1179647
-1245184
-786431
-589822
-851965
-1507326
-851967
-983040
-1310720
-917503
-786430
-917504
-589823
262146
655362
-65536
-655359
-1114110
-1048575
-1769470
-1966079
-1638399
-1900542
-1769472
-1114109
-2359293
131074
20119555
-393213
-9699327
-3407872
-3801088
-3014654
-2490368
-2293757
-1835008
-2293759
-1441790
-589824
-458749
-589822
-327679
327680
393219
1048576
917506
-589823
-1900543
-2752511
-2949117
-2949117
-3211263
-3276800
-2555903
-2424829
-2621440
-2490367
-2162688
-2424829
-2490366
-2490365
-2228222
-1835006
-2097150
-2359295
-1638399
-1572861
-1507328
-917501
-1048574
-1310717
-983039
-589824
-720893
-851966
-1310717
-983040
-655360
393217
1310721
720897
-524286
-458752
-524288
-458750
-720893
-720894
-131072
393218
-1441789
2555904
14942211
-10420221
-3407872
-2555902
-2359295
-2228224
-1245181
-851966
-1114110
-786432
-131069
655361
1572865
3014656
3342338
3866624
3801089
3407875
2424832
524288
-851968
-1769472
-2293760
-1966080
-1900543
-1441789
-720895
-851967
-655359
-720895
-983039
-1310717
-1769471
-1966079
-1835007
-1376253
-589823
-720894
-917502
-720895
-786430
-1048574
-2883583
-3145725
-3014654
-3276800
-3670015
-3211264
-2031614
-1638400
-393213
-458750
-1572864
-1900541
-2883582
-2883581
-2555904
-2752510
-2555904
-2490365
-5636093
13828099
20447235
-2097152
-6750207
-983037
-3080192
-3538944
-3145727
-2097150
-917503
-458752
-196606
327681
1048579
786434
1114115
1179648
851969
720898
-983039
-2097149
-3145727
-3997693
-4325373
-4194301
-4063230
-3801086
-3538941
-3276800
-3211261
-3211261
-3604480
-3538941
-2818046
-3801088
-4128767
-3473407
-3211263
-3145728
-2686976
-2818047
-2752509
-2555902
-2621439
-2293760
-2293759
-2293760
-2162686
-2359294
-2818045
-2752511
-2031616
-1245183
-2359293
-2818045
-2555904
-2424832
-1900543
-720895
-196605
-196608
131074
-262144
-1769470
19791874
9371650
-7602175
262144
-1572863
-1114109
-1114112
-524286
196610
917504
1048578
1048576
1441794
2490369
2752513
3211266
3604480
3670018
2949120
1703939
655360
-262143
-458750
-524286
-1245184
-1703933
-2228221
-2359296
-2162687
-1572862
-655358
-1048576
-1376254
-1507326
-1900541
-1638397
-1310717
-1245183
-1245181
-1310720
-1638398
-2097150
-2424832
-2424830
-2424832
-2228222
-2293759
-2424832
-2031616
-1966078
-1441790
-1114112
-2031616
-1966078
-3276798
-2818047
-2424829
-2228221
-1572864
-1114111
-1048575
-3735552
15466497
11010048
-11075581
-2883584
-3342333
-3735549
-3342335
-2949117
-2686975
-1966079
-1507328
-1114111
-1441790
-327677
393219
917505
1572867
2031618
1245184
-917502
-2818048
-3997694
-3670013
-3211263
-3932158
-4784125
-4259838
-3276800
-2752509
-2883584
-1703933
-262144
-851967
-589823
-1179648
-1441789
-1376254
-1507326
-786431
-65536
262145
-655357
-65535
786432
1310723
393219
131072
65537
-524287
-917501
-1114109
-1507325
-1441789
-1441791
-589821
-2686976
9109504
21299201
-5505021
-4128765
-524287
-1114112
-131072
-655360
-786430
-720894
-786430
-524285
131072
524288
983042
1376256
1703936
2097155
2490371
1572864
-65533
-1179648
-1966080
-2293760
-3014655
-2424831
-1966078
-2359293
-2686973
-2424829
-1900543
-1441792
-1310717
-1179648
-1179645
-1441792
-1441791
-917501
-1114111
-1376255
-1441790
-1179648
-196607
458753
1114114
327682
3
0
-720894
-1507325
-983040
-720894
-2031616
-1638399
-983038
-4259837
8060930
18219010
-8060928
-4980733
-3735549
-3735550
-3538942
-2555903
-2293757
-2031613
-1703936
-1048574
-1114112
-1441792
-1179646
-196605
655360
1048578
524290
-917504
-1900542
-2752510
-3670013
-3735550
-3735551
-3735549
-3276799
-2621438
-2686974
-2424830
-2293760
-1769470
-1245184
-1376255
-1376254
-1376253
-1900544
-2162688
-2097149
-1966079
-1572863
-1769470
-1572864
327682
393219
-327680
-786429
-458752
-589821
-524285
-393213
-983037
-1507325
-2490368
-2555901
-2490368
-3014653
-3342335
-3407869
-3080190
-2949118
-4849661
1179650
19398656
-4128765
-9371645
-3604480
-4653053
-3932158
-3276798
-3407869
-3211263
-2621439
-2424829
-1769472
-1769470
-1114112
-458750
-196605
196608
917505
-131072
-1769469
-2752510
-3735549
-3932159
-4259839
-3932160
-3014655
-2752510
-2490366
-2621440
-2949118
-2686975
-2883584
-2818045
-2555903
-2818046
-2621438
-2490367
-2228223
-1507325
-1310717
-1376254
-1245183
-131070
65538
-786432
-786430
-786431
-655360
-524285
-983039
-720893
65539
0
-458750
-1835005
786433
21102594
393216
-10092541
-3997696
-2031614
-2162686
-1572862
-983039
-851965
-1179646
-196605
393219
917507
1179650
1310720
1769472
2162688
2097152
2162691
655362
-589822
-1507327
-2097150
-1966077
-2097152
-589824
131072
-1048574
-1179645
-458750
-393213
-458750
-1507326
-1703934
-1310718
-1376256
-1179645
-1376256
-1048575
-1048573
-1310717
-1048576
-524286
-524288
524288
327683
1245186
393216
-262143
-589822
-1507328
-917502
-1507326
-1900542
-2555902
-2686973
-3080191
-2686975
-5046271
12517379
13041664
-11272189
-3866624
-4325375
-2752510
-2228222
-2949118
-2359296
-2162688
-1966080
-2228222
-1769470
-851966
-458752
3
786434
1048576
131075
-917501
-1966077
-2424829
-2228224
-1703936
-1507325
-1703933
-1507325
-1048574
-917504
-786429
-655358
-1114109
-1310720
-1048573
-786432
-1245181
-1900544
-1769472
-1900542
-2293759
-2228222
-2555903
-2162687
-2031613
-2097152
-2228222
-2097152
-1769471
-1572864
-1835008
-1441790
-1179646
-1572861
-1966079
-1638398
-1179648
-458749
-1179648
-1507326
-1507325
-1114112
-983040
-917503
-1310718
-1376256
-1048574
-1114112
-262143
10813440
-7471104
-2162686
-2162685
-2293758
-983039
-1114109
-1638397
-1179648
-851965
-917501
-524287
327680
1048578
1703937
1703938
1835008
458754
-786430
-1638398
-2686976
-2490366
-2359293
-2359293
-1835007
-1835006
-1507328
-1441792
-1900542
-1966077
-1507325
-1179647
-917504
-655358
-393214
-262144
-393214
-458752
-655359
-458750
-131072
-524285
-655359
-458750
327682
589826
-65536
-524285
-524288
-786430
-720894
-458750
65538
-1245182
-1703935
-1900541
-1966080
-2162688
-2228221
-2490368
-3080191
-3473407
-2949117
-4980735
14745601
14024706
-9764864
-2162687
-2883584
-2752511
-2686975
-2359293
-1769472
-1638399
-1769471
-2031616
-983037
-458749
65536
720899
1179649
655363
-589823
-2031615
-2555904
-2818048
-3145725
-3473405
-3538941
-2686975
-2162685
-2097149
-2424829
-2031613
-2359293
-2228224
-2097152
-2162687
-2293757
-2162685
-2752511
-2818046
-1900544
-2424832
-1572864
-1703934
-1703933
-1703933
-1507326
-2097149
-2293757
-1835005
-2359295
-917502
196610
-196607
-1310720
-1572863
-1638399
-1769470
-1966078
-2162688
-1179646
-2621439
22151169
-2883583
-8323070
-2031613
-2883582
-3211262
-3211261
-4390910
-3604478
-2883583
-1900541
-1310720
-720895
655360
2097155
1441793
2293763
1703938
524291
196611
-524286
-983039
-1310720
-1048574
-1441792
-1114111
-589823
-786430
-1179645
-1179645
-851967
-655360
-786429
-720896
-65536
-65535
-65535
-131072
589826
327680
327681
-196605
262146
1048576
1835008
393218
-786429
-327678
-1048574
-1179648
-786429
-1507326
-1703935
-1376256
-2555904
1638403
21037059
-1638399
-9109502
-2359296
-3014653
-2359295
-2818048
-2883584
-2228224
-1966079
-1900543
-1703933
-1900541
-1507328
-786431
327683
655362
983042
524288
-458751
-2293759
-3014656
-2883584
-2949117
-2752509
-2555901
-2752509
-2293760
-1376256
-1376254
-1835008
-1703935
-2162685
-2162686
-1835005
-1900544
-1703935
-1179646
-851965
-1048575
-786431
-458751
-196606
720898
-131069
-327677
-589823
-786432
-786429
-786432
-524288
-851965
-524285
131075
-3407872
12976130
13631491
-10747902
-3670014
-3342335
-3670016
-3604479
-2883581
-2818047
-3080192
-2228223
-1769470
-1376255
-1114109
-983038
524289
1310723
1179651
917504
-524286
-2424832
-3342334
-3211261
-3080190
-2818046
-2424831
-1966078
-2883581
-3211264
-2555902
-2162686
-1703934
-1114109
-720896
-917501
-655359
-589821
-851968
-1245184
-1441789
-1310717
-1310717
-524288
0
589826
393218
-1048575
-1310717
-1572861
-2490367
-2097151
-1507327
-1638400
-1572863
-1507326
-1179646
-3473408
7274499
18350080
-6881277
-3932160
-1769472
-2883584
-2621438
-2359294
-2162687
-2424830
-2686975
-1638398
-1245184
-786429
0
655360
786433
1572867
65539
-1507328
-1703935
-1900543
-1769472
-1441791
-1179647
-1900541
-1376255
-1441792
-1769469
-2293759
-2097149
-1572862
-917504
-131069
458753
262145
-524286
-655359
-720895
-65535
131073
720899
1245187
1572864
1179651
327683
-524288
-786431
-524288
-720893
-655360
1
196609
-2097152
3276800
14811137
11272192
-10420223
-3014656
-3670014
-3342334
-4980736
-3538944
-1769469
-1900544
-1179647
-983037
-1048574
-1245181
-1114110
-589822
-131072
-131069
-1376253
-2883581
-4194302
-4784126
-4587518
-4521981
-4259838
-3801086
-3211263
-3145725
-3276800
-3080189
-2949119
-2228223
-2097149
-2228223
-1638397
-1703933
-1769469
-1507327
-1703936
-2031615
-1900542
-1179648
-1114110
-2228224
-2228222
-2359295
-2686974
-2228222
-2490365
-2555901
-2097151
-1900544