851967
917502
1114112
1114112
1114112
983038
983039
983038
1048576
1114110
1179646
1179648
1048574
786432
917504
1245183
1245182
983038
983037
983038
1179647
1114110
1048574
1114112
917502
1376255
1114111
655357
917501
2424829
589821
327679
1900544
1507328
1703935
1245182
1376253
1441792
1245181
1441790
1376255
1507325
1572864
1507325
1507326
1310719
1179647
851966
524287
720896
327679
393215
393216
393213
458751
655360
655359
720894
655359
720895
851967
851965
720895
655360
655357
327677
196606
589822
655360
589821
524287
655357
524286
655359
458751
196605
1966078
917503
-196610
720893
1638399
1245183
1310719
1114110
1048575
851968
1245184
1179647
1114109
1245184
1310720
1310720
1376253
1376255
1179648
1310719
1245184
1245184
1179647
1048574
1376254
1048575
1114111
1179645
1048574
1310717
1245183
1179648
1245181
1245181
1048575
1114111
1245184
1179647
1245182
1310718
1310717
983037
1179647
1179646
786429
1703935
1703936
-327681
1114111
1376256
1179647
1048575
983038
917501
1245184
1376255
1245181
1179646
1376255
983037
1310717
1245184
983037
1245182
1376253
1179646
1048575
917503
1114109
983040
851965
851965
1048575
983037
917502
917502
851965
983038
1245181
1114109
1179646
983037
1114110
1114109
1179645
1114110
1114112
1179645
1179645
917504
655359
1703933
1769471
-393219
1114109
1507325
1310719
1376253
1245184
983038
983038
983038
917501
655359
589822
524287
65535
-131072
-589825
-655360
-786434
-1114115
-65537
-458754
-1114112
-917504
-983042
-786435
-983042
-458752
-917507
-1572865
-1048579
-655362
-983043
-196611
-196610
-655362
-1703939
262144
1376255
2228221
2490367
2162688
2555904
2818045
2818045
3014656
4980733
4390911
1835007
3211262
3801085
3604479
3604480
3670015
3342334
3276797
3080192
2621437
2621440
2555904
2359295
2228221
2031616
2031614
2031616
1966077
1966077
1572863
1638400
1572862
1638400
1376256
1310719
1441791
1310718
1245183
1310718
1114110
1048575
851967
917501
983040
786431
983038
983037
917504
983040
786431
917504
1310720
589824
720896
2228224
131070
-458754
1376256
983038
786429
851967
720895
851965
720895
851968
786429
983040
917501
1179645
1048573
196605
1179647
786431
655358
786429
917501
720894
1441789
720896
983040
720895
655360
655360
917503
983039
851967
786430
917502
720895
655357
851966
786429
917503
917503
786431
917503
524286
1114111
1835005
-131075
786432
1310720
720893
1310720
1048575
983040
917502
851966
917503
589824
917501
851966
458751
-131073
458749
-65537
-655363
-2
-327682
-1835011
-1441792
-851968
-327683
-2
1507325
1900543
2097152
1835008
1376255
851968
851965
720896
917501
1245184
1245183
1376255
1310719
1179647
1245184
1310720
1769472
2031615
2228224
2031614
851968
3342334
3211262
524285
983038
2031614
917501
458752
1310717
983038
1376253
1114111
720896
786431
1441790
1441792
1245184
1572864
1507328
1179645
1114110
1179648
1179645
1114110
983037
655357
524288
851966
589822
786431
655359
851967
458752
786429
917504
655357
589824
786430
655358
786429
917501
786429
786430
851966
851965
720895
524288
1703934
1769471
-262144
655357
1376253
1048574
655359
786432
851966
983039
851966
720893
983040
917504
589822
983040
917501
720894
393216
655359
1048573
1048576
851967
851968
983040
1048573
983038
1245184
1179647
1310718
1179646
983040
851967
917504
786430
655358
786431
851965
1048575
917504
720895
1179645
1114109
1048576
524287
1703936
1769470
-196610
1245181
1703934
983040
1179645
1310720
1245181
1245182
1507327
1310717
1245181
1179647
720895
917501
1245181
1114110
1048576
917503
1179647
917502
786432
917501
1114111
1048575
917501
1048574
1114111
1245184
1310718
1114110
1114111
1048576
786431
1048573
983038
917501
917502
983040
1114112
1179647
917502
851968
983039
851965
655358
983037
2097150
-262144
589821
1572862
1048574
1114109
1179646
1179647
1310719
1310719
1441789
1114110
1179647
1245184
983039
983039
786431
917504
917504
851967
786429
851965
655359
786432
1048576
851967
917501
1048576
1179647
917504
983039
1048576
917504
983037
1179646
917503
786431
917503
786432
983040
1179645
1245181
1310717
1179647
1179648
1048573
786432
589823
1769472
917502
-393218
1310719
1376254
983037
1245181
851965
917502
1310718
1114112
1114109
1114109
1114111
1114110
1114111
1048574
983040
983037
1245184
1179648
917504
917502
917503
1179647
1048573
851966
1114111
1179645
851968
786429
983040
1179645
1048574
983040
1114109
1114111
1048576
1245182
1179646
1114110
1376254
1179647
1179647
1441792
1310717
458751
1245182
1900542
-458753
1376256
1245183
983039
1179648
983039
1048573
1114110
786431
1310717
1179646
851966
1179648
983040
1048576
851967
720893
720894
851966
983038
917504
786432
1048574
917501
1048575
983037
983040
1048575
917501
786431
655358
720896
1048573
1048574
786431
1245182
1310718
1048575
1179645
1114110
1245184
786429
655358
1376256
2031614
-65538
655358
1638398
1376255
1048573
1245184
1114112
1114111
983040
1048576
1114112
1048575
983037
1114112
1376256
1114109
851966
786431
720896
786430
655359
917501
917502
720896
786429
983040
786432
983037
1310718
720895
1048576
851967
720896
720893
524286
720896
917503
786432
851966
851966
917504
983039
851965
393214
1638400
1376255
-458753
0
1507326
1507327
1114111
1179648
1245182
1376253
1048575
851965
1310717
1245181
1179648
1245181
1048575
1114112
917502
983037
786429
786430
1048574
917504
786432
1048574
983039
1048576
1179647
851967
983040
1114111
851967
1048575
851967
589824
720893
851965
786430
1048575
1179647
851968
1048573
983039
983038
458749
917502
2162685
-65536
1441790
1114110
1048575
983040
1048573
917502
983040
983037
1114109
786431
983038
1114111
1114112
983038
917503
1114110
983038
786431
851966
983038
1048575
1048574
917504
1114110
1048576
1048574
1048575
983038
851965
786431
786431
917503
786431
851965
786431
720893
720896
589823
786430
786432
393214
524285
1966079
65534
1835005
1310718
1179648
983039
1114109
1179647
1114112
1376254
1179648
983039
786430
720894
1114109
983038
786431
917503
786431
786431
1114109
917502
1179646
917504
786429
1114110
720893
720894
720894
786432
983037
1114111
1114109
1245184
1376253
1376253
524288
-65536
131071
1441789
1048573
851966
983037
786429
851967
1179645
1114110
917504
983038
917504
983038
983038
917504
917504
786431
983037
851965
1048576
1048576
917501
983037
786429
917504
917502
851968
1245183
917501
851967
786431
983039
786429
720895
720895
655360
786431
589822
1114110
917502
655360
1114111
983039
720893
655359
1900542
327678
-131072
1441791
983038
786429
1179648
1310720
1114111
983039
917502
1114109
1179648
1048574
917502
917504
917504
1114111
1048573
589824
851968
851965
720895
720893
851966
1114109
983038
1048574
1179645
851968
720893
983038
851968
786432
1048575
1179647
983038
655357
1114112
1310719
1114110
1048575
917504
1245184
1048573
720893
2162687
1048576
131071
983039
1769470
1179646
1245181
1245182
1441790
1376256
1310719
1245184
1310720
1310719
1310719
1441791
1310717
1179648
1114109
1245181
1310718
1114110
1114112
1114110
1114109
1310720
983040
1114110
1376254
1245184
1048573
983040
1114110
1245183
1245181
983040
1114109
1310718
917501
1048574
1310717
917504
720895
917504
851965
917504
393214
1048576
1376255
786431
1310717
917501
720896
1114110
851967
786431
851967
917504
983040
1310718
851965
1245182
1310717
851968
851966
983038
851966
1114109
851967
917501
917502
1114111
851966
983040
1048573
1114110
1048573
917503
655360
1048573
851965
720894
655358
917504
983038
851965
851968
1310717
1048576
1179646
720895
851966
524285
1376255
1638397
-327683
786429
1310720
1179646
1114112
1048575
1245182
1376254
1114110
1245182
1245183
1114111
1179646
1376254
983038
1114111
1310717
1048574
786430
720893
1114110
786430
917502
786429
1114109
786430
720894
851967
720893
917501
851968
1048574
851965
786429
786432
917503
1114109
851967
851967
917501
720896
786430
786431
262144
1507327
1376256
-458752
917503
1638398
1048574
983040
851967
917501
917502
1048574
851967
786431
851965
917503
851965
1048576
917502
917503
720896
786431
983038
1048574
1048573
655358
851967
1245184
1114110
1179646
1114109
1179648
1114112
1376256
1048573
720893
1048575
851966
983039
1048573
1245181
851965
917501
655360
983037
2097149
-196610
393215
1441792
1310717
1114110
983039
1245182
1179646
1245184
1114110
1114112
1179646
1310720
1245181
1376255
1310718
1048575
917502
851965
851965
917504
1048574
1048574
1114111
1179646
917502
1245184
1376253
1114111
1245184
1245183
983039
1114112
1114111
786431
1048574
1114110
1245183
983039
1376254
1048575
1179645
720894
589824
2162687
196607
-458754
983040
1572864
1245182
1835008
2293758
2752511
2949120
2818046
2424831
2686975
2424830
2097152
2097149
1835006
851967
589823
262144
393214
458752
262143
196608
65535
262141
196608
655360
655360
458751
524286
589821
786429
393215
327679
720895
589822
524286
524286
458750
720894
720893
655358
327677
1638397
131071
-262147
1245182
1048574
917504
786431
851967
917504
720894
655360
786430
851966
851965
851967
1048573
983037
917504
786431
786430
720894
589821
655359
786430
720895
720894
720893
1179647
720894
720894
851966
1114112
1114111
1048574
655360
589823
851968
786432
851968
1179648
1245182
1114112
851968
917503
1048576
983037
917501
2097149
-2
65536
1572861
851967
786432
786431
851968
1114110
1048575
917501
917502
917502
1114109
1179645
851967
851966
983037
1048573
1048573
917501
983040
1179646
851968
1048573
1376253
983040
1048574
1048575
983040
1245181
1179646
1048576
917504
1114109
1245181
786432
1048574
983038
1114112
917504
1048575
851966
589823
1310717
2293759
0
786432
1835006
1572864
1441790
1245181
1048573
1179646
1376253
1310717
1310717
1245184
1114109
1114111
1245184
1376253
1114112
1048573
917504
983039
1048574
1048575
983039
786431
851967
851966
917503
1114111
1048575
917504
1179648
1179647
1114109
1179646
983038
917503
1048576
1179646
1048574
1441790
1179648
1048576
1376255
1179648
851966
1114110
2359293
1572861
-327682
1572861
1441791
1376253
1441790
1179645
1310719
1179646
917504
1376256
983038
1048576
1310720
983037
1179646
720894
1048574
917504
851967
1114111
1114112
1048574
917503
983039
1048573
983039
917502
655360
720895
786432
786431
917504
851966
917501
917501
1048575
1048575
851968
917501
1048575
917504
983040
1048574
851968
851965
1769469
-131072
131070
1114111
1179647
1245184
1376254
1245183
1179646
1048576
1114110
1114112
1179647
720896
1048574
786430
720893
1048576
786429
851968
851965
786430
786430
851968
851966
720896
851968
1048574
1245184
917503
917503
720893
917504
917503
917504
917503
851965
917502
983037
786429
917502
851968
917503
1048574
720893
851967
262142
1310717
1572863
-786433
720894
1572864
1245183
851968
720895
786431
786432
917501
1048576
983039
851965
851968
720894
851968
983037
851967
720894
589824
589822
917501
851968
851968
917504
917504
851967
851968
917504
983039
917504
720896
917501
917501
983037
786430
983039
983037
655360
1048573
851966
917503
1114111
851968
786432
524285
786432
1769470
-262145
393216
1441792
1245181
1048574
1114111
1048575
1179648
1310718
1179647
1048574
1310720
1245181
983039
917504
786430
720895
851965
1114109
983038
983039
786431
917502
1114110
983040
720894
1048575
1179648
1114111
917502
786430
1179646
1048576
786431
917501
655360
917501
1048574
1179646
917504
917504
1048573
917502
589824
720895
2031616
-65537
262141
1572861
1048576
917504
851966
1048573
1179648
1245184
1114109
983040
1441790
1114110
1114112
1245181
1245181
851966
917504
1245181
1114109
851965
917504
917503
1179645
1179647
851966
1376254
851968
851968
1048575
983037
1114112
1048574
1114111
1245183
1048576
1179645
1310719
1114111
983038
1114109
1245183
655357
524285
1900542
1638398
131070
1179647
1507325
1245181
1441790
1179645
1441792
1441792
1179647
1114109
1114110
1441789
1179645
1245183
1376255
983039
1048575
1048575
983037
917503
983040
589821
720894
1245182
983037
851967
917501
851966
1048576
786431
983038
983040
1048573
1048573
1048576
917503
786431
786429
917501
983038
851968
786430
851965
917502
720894
458751
1900543
1769470
-393218
720895
1638400
1441789
1114110
786432
983037
917504
1179646
1245181
1048575
1114109
1441790
1114111
917502
1245182
1048573
851968
655358
1048573
786432
786432
983037
851965
1048576
1179645
851965
851966
1179646
1048573
983040
1245184
1114110
1114110
1245181
1114111
1048575
1245181
983040
1310720
1114110
1245182
983038
1310717
2424830
196608
786429
2031613
1572864
1114109
1048575
1179646
1048576
917504
1179648
1179646
917504
1310720
1114109
983039
983039
1048576
917503
983040
917503
983040
1048574
851968
1048576
1179648
786431
786430
1048576
851965
720894
1310719
917503
786430
1048576
1114109
917504
1179645
1179648
1179648
983038
589823
2162686
655358
-65539
1703933
1245183
1114110
1048576
1048575
1179646
851967
1048575
1245181
983040
1179646
1048574
1114111
1245183
917502
983037
720896
851965
983037
655360
786430
983039
720893
720896
917502
917503
917501
917501
983038
917503
983037
851966
983037
983037
851968
1179648
917503
786430
983039
1114111
1048573
983037
1114111
786431
458749
2228221
720893
65535
1769472
1310720
1310717
1048575
1376254
1310717
1245181
1310717
1114111
1310720
1441789
983039
983037
1114112
786430
786432
786430
851967
983037
917502
851967
917503
720894
851966
786429
983038
983038
917502
983040
1048573
1048574
1048573
917504
786429
917501
786430
1048574
1048573
1048573
720894
983040
1048575
655359
393213
917501
1835006
-393217
131071
1769469
1048574
983039
1048576
1048573
983039
1048573
983039
983037
851966
917501
1048576
1179646
917504
589821
720893
720896
786431
851966
720896
786431
786432
720893
917501
1179647
1048574
917502
1114112
983040
917504
917501
786431
655360
786429
589821
786432
1114110
917502
917503
786432
1114112
917504
786432
2097152
1245183
196608
131071
1179645
1179648
1245182
1048574
1114110
983037
786429
917502
917504
1048575
1048574
1048575
1179645
1245184
851968
851967
1048576
786432
983037
1179646
1048576
1048573
851968
1179648
1048573
851965
1179645
1179646
1114111
1179645
1179646
851968
917501
786432
655360
1966080
1179647
-262145
1507325
1376254
1310717
1376255
1310718
1179647
1114111
1310717
1114109
1114112
1114109
1179646
1310717
983040
1245181
1048576
851968
983037
917502
983040
1114111
1048576
1179647
851967
917504
1179646
1179647
1245183
1048576
983038
1048576
720894
1441789
1048575
1376254
1310720
1310720
1376253
1310718
786429
720895
1900543
524288
262144
1966078
1638399
1376253
1179645
1048574
1114111
1114110
1048574
1179648
1376255
1179645
983037
1310718
1310717
1114112
1114111
917504
786429
786429
851967
917501
1114112
851967
851967
1114110
1179645
1048576
917501
1048575
983039
983040
1048576
1310719
983038
655360
917501
589823
786430
1048573
720895
851968
917503
1048574
524287
1769472
1114111
-262147
1114109
1507326
1310719
851967
851965
1048575
1114110
983037
851965
917502
983038
1048573
917503
851966
786429
917504
917501
851968
917504
917503
786430
851968
1376253
786430
983038
851966
786431
720895
524287
917503
786429
655360
851966
983039
851966
983038
917501
983038
1179646
1048574
1441789
917504
655359
2031616
-393219
589824
1441791
1048573
1179645
917503
851966
917504
1179648
983040
851966
786430
786429
786430
720893
720893
786430
655359
655358
851965
655359
917504
786432
1048573
851966
720896
1179646
1114111
1179648
851965
1179648
983037
786431
851965
1048576
851968
917502
1048574
1048575
851967
917504
1179648
1310719
917501
786430
1966080
131070
0
1835005
1572862
1179648
1179645
1245181
983037
1245182
917501
983039
1245181
1179648
917503
786432
1048573
983039
1179646
983037
1114110
1245181
983040
1048576
1114111
1048575
1310717
1376254
1245184
917502
1114111
1114111
1048574
1114110
655358
1179648
1310720
1114110
1179645
1114112
1048574
1179648
1048573
983038
1441790
1048576
1638398
1245184
-327681
1441792
1572862
1245182
1245182
1245184
983038
1245182
1179645
1114111
1179645
1310719
1048573
1179646
983038
1048574
1114110
851968
1048573
1048576
1179645
1310717
983039
1179645
851967
720895
1114111
917503
1114110
786430
851967
917504
1048576
1179647
1179646
851968
851968
1441789
1179646
1310719
589823
1572863
1769471
-393216
720896
1441789
1245181
1048575
1048575
1048575
1048574
1179648
1048575
1245181
1179647
1179646
1048573
983040
983040
917503
786431
720893
851965
851968
720896
917504
983037
983037
786429
655358
851965
786430
983040
917503
851965
1114109
917501
851965
720896
851965
851966
851966
983039
983038
786430
1048573
851966
524286
2162687
131071
-393219
1376254
1245181
1114109
1179646
851968
851967
786432
720895
786431
1114110
851968
851966
917503
983038
786431
851968
589824
720895
458750
524288
720896
851967
983040
917504
720894
851966
851968
917504
1048573
1114109
1114109
1114110
983038
786429
851966
786432
917502
1048573
1114109
983038
1048575
1114109
1048575
720893
655360
2031613
1048573
131071
1703934
1376253
1310719
1048575
1376255
1441790
983040
917504
1048574
1114109
1048575
1179648
1310719
1179648
1245182
1179647
917501
786431
1179648
1114112
1048575
1114112
851968
1179648
1376255
1048573
786431
1310718
1245182
1114109
851966
983038
917501
917501
1179648
786429
851967
1179645
1245184
917504
1245181
983037
1310719
1310720
720896
983040
1900543
-65536
131072
1114109
1048576
1179645
1114112
983040
983037
1245182
1114111
851966
1310719
1048575
1179648
917504
786432
786430
917502
786431
786432
589821
720893
720896
851967
1114112
1114109
1114110
917503
851966
983040
1114112
1048575
1048576
917503
983038
786432
786429
851966
786429
917502
851966
851968
983040
1048576
1048576
917501
983037
1835005
1703936
-393219
1310718
1769469
1376254
1245184
1114109
1179645
1048576
1114110
917501
786431
786432
983040
1114111
983039
1048573
1114109
1376256
1638398
1835007
2031613
2228221
2228224
2162688
2359295
2228224
2424832
2359295
2228222
2293760
2228221
2097151
1703935
1638397
1769472
1507328
1703934
1376253
1507326
1441790
1507328
1310720
786430
720893
2031614
458750
-524291
327680
1310717
917502
983037
917501
720893
720896
786431
851966
393215
458750
655358
327679
786432
524288
524285
458749
524288
655359
327680
524285
524287
393215
458750
786430
655360
720894
786429
720893
917502
720895
655359
786429
720894
655357
589824
655359
786431
720896
786429
655360
655357
1114110
524285
1572861
851965
-917504
983039
1245183
851966
917502
983037
720894
655358
655360
720893
589821
720893
786430
1114110
917504
786430
917501
917501
786431
786431
720894
458751
655360
524287
786432
589824
655358
786430
851966
917503
1114110
917502
851967
786432
655360
655360
851967
851967
983040
983040
917501
851968
720894
1048574
720894
524285
1769470
196607
-393216
1376256
983038
1048574
983039
917501
983037
983039
851966
720895
851968
655358
786432
917504
983040
1114110
1048575
786429
851965
786429
655357
851966
851966
851966
655358
851968
851965
720893
917501
983037
983038
1048573
983039
917501
720895
655359
1048574
1048574
1179645
1048575
1048575
1179646
1114110
917504
983038
720895
1966077
655358
-327682
1310718
1572864
1179647
1179645
1114110
917504
1114112
1310717
786431
983040
1048575
1179648
1048573
720894
655358
851967
786432
851966
917502
720894
720896
917501
983038
786430
983039
917503
851966
917504
917503
917501
786429
589824
720896
1179646
1114109
1048573
1114111
917504
1245183
589821
524285
1638400
1441789
-524288
1114112
1638399
1245182
1048575
983040
1310719
1310717
1245184
1114112
1114110
1245182
1441790
1376253
1179646
1179648
1114109
1048576
1048573
1048573
1048575
1310719
1245183
917501
1114110
917502
917502
983039
983038
917502
1179645
1048576
983037
917502
1048576
1179648
1376255
1441792
1507325
1245183
1245183
1245183
1048575
1114112
917503
2293759
655357
-327681
1114110
1507327
1507327
1441790
1179646
1114112
1245183
1179648
1114112
983039
851968
1376253
1245182
1376255
1441790
1179645
1245182
1048573
851967
1245181
786431
983037
983040
851965
851966
917504
917502
983038
1114109
786431
1114109
917504
720895
983037
983039
1048573
1179646
1114110
1048574
1048573
851968
1048573
851967
458749
1376254
1245183
-393219
983040
1310720
1245182
1245181
917503
917504
1114110
1114109
1048575
1179646
1048576
917502
1114109
851966
720894
983038
917502
917503
917504
720895
983040
983038
786429
786432
851968
786430
720895
786429
851967
786432
851967
786429
458751
524285
917501
1048576
1048576
786432
851967
917502
851967
1179645
851968
1441789
2097152
-393219
393214
1441789
983039
983039
851967
786429
655360
1114109
1179647
786432
851965
1048575
983038
983039
917504
1048576
720894
786431
786430
851968
851965
917504
1048574
1114111
851968
917504
786432
983040
851968
917504
1114111
983040
983039
983038
917504
983037
1114111
917501
1179646
1179646
1114112
1048574
2293757
131069
196606
1769472
1179646
1179647
786432
917502
1179646
917504
655359
1048574
983038
917503
786432
851968
786429
786432
720895
917501
917503
720896
786432
524285
1245182
983040
1245184
917501
983040
851965
983037
1048576
851965
917501
983039
786432
720895
786431
983038
524285
786432
1769472
-327681
131071
1245184
1114109
917504
851967
1179645
1048574
1245184
1310719
1376256
1441789
1310718
1310719
1245184
1376256
1310720
1048576
1048573
1114111
1245182
1179646
1048574
1114112
1048573
851966
1179646
983038
917503
917502
983038
786429
720893
983040
1048573
1048575
1310719
1114112
851966
1900542
1966079
-3
983037
1835006
1245183
1507325
1441790
1114111
1179646
1048574
1310719
1441789
1441790
1245184
1048575
1048573
983038
1048575
1048576
1179645
786432
983038
786430
720895
720893
720895
1048576
589824
917504
1048575
851966
655360
655360
851966
720895
786431
917501
720894
458751
1507326
-262145
1507326
1179646
917504
851966
786429
589824
720896
851968
1114112
917503
917503
851968
851968
1048576
1114112
1048574
1179645
1114112
1114111
1048575
1114112
1114111
917504
917502
1048576
851966
1048575
720895
720893
917501
851967
851967
983038
786432
917502
1310717
1048576
917502
655357
458751
2031615
655360
-524289
1835005
1048573
983040
1114109
917502
917501
1179646
983038
1048574
917504
1179647
1048576
983040
1114109
983037
786431
720896
655360
1048574
917504
917501
917501
851966
983037
851966
917503
1048576
720893
1179645
720895
851965
1114110
1048575
1048574
720895
851965
589823
1572862
2031615
-262144
786432
1769469
1048574
917503
917502
1310717
1245183
1114110
1179645
1245181
1245182
1179648
1376254
1310720
1245181
1048576
851966
851967
917503
983038
1179648
1048574
917504
1114110
1179648
1179648
1245181
917504
917501
851966
589823
983038
1179646
1048573
983040
851968
851967
1048576
1179645
458750
458752
2031614
983037
-393216
1507326
1245181
1310717
1376253
1245183
1048574
1179646
1310718
1245182
1179648
1835008
1638399
1769471
1507327
1769469
1376253
1441792
1441791
1507326
1441789
1179645
1769469
1179646
1114111
1179645
1114109
1310717
1507326
1114111
917502
917504
917504
1376254
1310718
1114111
1114109
1114110
1048575
1441790
983039
1900542
1441791
-196608
524286
1703933
1245182
1179647
1179648
1048573
1245182
1310719
1179645
1114109
983039
1179648
1376253
1179646
851966
983037
1048573
786432
851967
1048574
786432
851966
1048575
655359
917501
1048573
851967
786429
786431
851966
655358
786432
655360
851965
655360
917502
655357
720894
1048573
917502
917503
917504
1048575
786429
983039
393214
1376254
1179647
-720899
983040
1572862
1114109
1114112
1179647
1048575
917503
720896
983037
1048575
1114111
1179645
1048575
1048575
1114111
786432
983040
786430
589824
655358
786430
786430
720896
983038
720895
720894
786431
720895
786429
851968
786429
720896
983038
983037
851967
655360
983039
786432
786431
1114112
786429
983038
1966079
-2
393213
1638397
1245182
983039
1179647
1310717
1245182
1179647
1179646
1245181
851967
1048576
1114110
917502
1376255
1179647
524288
983038
1245184
1114110
851967
1114112
786432
1114112
1179645
917504
1114110
983040
1048574
1245183
1179645
1048574
1507325
1048575
983040
1245183
1048575
851967
720894
655359
917502
786432
327677
1900544
851968
-524291
1376253
1572862
1179645
1179645
1376253
1179645
1179646
1310717
1441789
1376254
1179645
1245184
1048573
1114112
1048576
851966
917501
720894
983039
1114112
917504
917503
786431
851968
983039
1048573
983039
786429
1048576
1245182
851968
851967
1114109
851967
983038
1179648
1376255
1179648
983039
1114109
983040
524288
1048576
1835005
917501
-262144
1638397
1310719
1376253
1310718
1310719
1179646
1179645
1048574
1114111
1179646
1179648
1245183
1245181
1179645
1114110
786432
720895
851968
1114111
917501
786432
786430
851965
851966
917502
917504
720894
983038
917502
655357
786430
786431
655360
786432
786432
1048575
1179645
720895
851967
1048575
1048575
983037
786431
2228224
720893
-327680
589824
1572861
1245182
1048573
1310717
917504
851966
786429
1245181
1179648
1048573
1048573
1114110
983039
786431
851965
851965
851967
851966
917502
786430
851967
655358
655357
655360
1114109
983037
786430
917503
1179645
983039
1245184
851965
786429
983037
917501
1048576
1114109
983037
983040
983040
1048573
1048574
458750
1441792
1900543
-327680
524288
1507326
1310720
1310718
917502
917502
1048576
1245182
983040
983037
1310717
983039
983037
1048574
983038
983040
786431
851966
786429
1048575
851968
720894
851966
786432
851966
917503
983038
983040
1048573
983040
1179648
1179645
1245183
1114111
917502
917504
1245181
1179648
1114110
917501
851968
393215
655360
2162685
393213
-131074
1507325
1245181
720895
720895
851966
851965
851968
851966
1048574
720896
851965
851967
851965
1048575
917501
786430
983039
917504
917502
786429
655358
983040
917503
786431
1114112
917504
983037
983040
917503
1114111
1114110
983038
1179646
1245182
1179645
1048576
1310717
1376253
1179648
1179645
1048573
1114110
1179648
917501
524288
1966079
589821
65535
1638398
1638397
1245183
983038
917504
1048575
1179647
1179647
983038
917503
1507325
1245182
1376256
1114111
983038
983039
720895
983040
917502
851968
1114112
1179648
1114112
1245184
1245183
917504
1179646
1441791
1114110
1245181
1245181
1179647
1114110
983040
1179647
1114110
983039
1114112
1245181
1179648
1245183
1114112
1310720
1310717
1441790
1048573
851966
2359293
327677
131069
1638400
1376254
1245183
1245184
1048574
917503
983037
1048574
1310717
1114110
983040
983040
1114110
1245182
1179647
917501
851966
1179648
1179647
851965
786430
1179647
786432
851965
851965
1048575
1048573
983037
917503
983040
786431
720895
917504
851965
917504
917501
720896
983039
786429
917504
1114112
983039
1048573
786432
720896
786429
917503
458749
917502
2097150
-131075
-1
1441789
1048575
1114109
1114111
1114111
720895
983040
1179648
786431
917503
983039
983039
851967
1048575
917501
720893
655359
786431
983037
786431
917504
917501
917502
851965
917502
851968
851965
851968
1048576
1048575
851968
851968
983038
1179646
786431
786430
786431
720894
1179645
786432
917502
1114111
983037
786431
393215
1048575
-65536
786431
1245184
1441791
1048575
1310719
1310719
1179648
1376254
983039
1376254
1245182
1376254
1114111
1245184
1114111
1048573
851966
1114110
1245182
851966
983039
1048574
1310717
1114109
851968
851968
1376253
1048573
1376253
1048576
983040
917501
851968
1376256
1245183
1114111
917502
1310717
1376256
589821
1376255
1900544
-196609
1048573
1507328
1179645
1310718
1114110
1245184
1310717
1441792
1048575
1245182
1310719
1310718
1114110
1114112
917503
983040
1310720
1310719
1114111
1048576
1048576
1245184
1114110
1179647
1310718
917501
983040
1376253
1114110
983040
1048573
786430
1048573
1114111
786431
917501
589822
1048573
917501
917502
983039
1048576
720893
720894
589824
1245182
1769472
589823
1572864
1245183
983039
983040
1048573
917504
1048575
786432
1179647
983037
983038
1179645
1114110
983038
983038
720893
589821
589822
655357
786430
786432
917501
786430
786430
917503
1048575
917501
851965
1048575
1048574
983040
1048576
983040
1114109
786430
1179645
720895
983039
851965
1048574
1048575
851968
1048574
851966
655360
2228222
458751
-131073
1376255
1245181
917501
1114112
1179647
1048573
851967
983040
983038
983037
917502
917502
983038
1048574
851967
720893
851966
655360
655360
720894
786430
983037
1179648
655358
917502
1048576
917502
1048574
1310719
1048576
1179645
1245181
917502
983040
1048573
983040
983038
983039
1179645
1376254
1245183
1179646
1441791
1245184
589823
1638397
1703936
-524289
1048574
1376256
1245183
1179645
1114111
1048574
1048573
1114112
1245183
1245181
1245183
786429
1245183
983040
1048576
1048576
720896
983040
851965
786429
983040
786430
851967
917502
786431
720895
786431
1048574
1114110
917502
983038
1114109
917501
786431
983038
1114112
851967
1048576
1245181
917501
917503
1179645
1048574
655360
1048576
2097149
-131074
589822
1835008
1245183
1179645
1048575
1310719
1179648
1179646
1245183
1376253
1245182
1114111
1114111
1310718
983038
917504
1179646
1179645
983037
917503
851965
1048573
983039
589821
983038
917504
1114112
655359
786429
720896
786432
786430
917503
1048573
786432
655360
1048575
786432
983040
786430
851966
983040
720893
917501
917502
524287
1048576
1769469
-393217
458751
1376254
1245183
917501
917503
917503
851967
983038
917503
786432
720893
917503
1245181
983040
983038
983037
786432
851968
983040
786430
786430
851966
589824
983038
1048576
720894
983038
851968
851968
983039
1048574
851968
917502
983037
1114110
1048576
1114110
1245184
1048576
983037
917503
1179645
1048576
720895
1703933
2228222
393214
-65536
1572861
1310718
1048576
1114112
917503
983040
1310718
1048574
1245181
1376253
1048575
1310719
1114112
1179648
983037
1114111
1048575
1048576
1179648
1179646
1245184
1179645
1114111
1245183
983038
851967
1114109
983040
1048576
1245184
983040
1114111
1245181
1048574
917504
983040
1179646
1310717
1310717
1179647
1179648
1245182
1179646
524288
1507326
2162688
524286
196606
1769471
1245182
1048575
1310720
1114111
1048576
1114111
851966
851967
1048573
983040
983040
1179646
917503
917502
983038
851966
655360
851966
1114112
917503
1114111
1114109
1048575
917504
720896
786431
983040
655360
786431
786432
851967
983037
983039
917504
720896
786431
851965
917504
1179645
1048573
917504
1245182
917504
524285
786432
2097152
851968
-393219
1703933
1507328
1048575
1179645
983040
983040
1114111
983039
917503
1048576
1048575
851968
1114109
1245184
983037
983039
983039
1048574
1245181
917502
917503
1048575
851966
851965
917503
1114110
917502
983040
983039
786429
851967
1048573
1048574
917504
720893
983038
917503
851965
1048575
851967
1114111
917501
1179645
655360
1310717
2293757
-196609
1900543
1310717
917501
1245184
917503
1114112
917502
1048573
1245181
1507325
1310719
1179647
1179645
1114111
1310717
851967
720894
983038
917501
720895
1048573
1048573
917502
983037
1048573
917502
983037
917503
1048573
851968
851965
917502
720895
851968
917501
983037
786432
786430
851967
1048573
786431
655360
2031616
-131073
720895
1507327
1179646
1048575
983040
1114109
1179646
1179647
1376256
983039
1114111
1245184
1245183
917503
983038
1245181
1179648
917501
917504
1179645
1048573
917504
1114109
917503
851968
1179646
1048574
1048574
1114109
1048575
1179645
1310717
1114112
851968
851968
1179647
1048574
1245181
1441789
1245182
1179647
1114112
983039
851965
1179648
1835005
-262144
524285
1310719
1179648
983040
1048574
1114110
1048574
1310718
1245182
1114110
851966
1179646
1245183
1114111
1179645
917502
917503
917501
720894
1048573
917502
983037
1310717
1114110
917504
851967
917502
983038
1114112
983038
1179645
1179647
983038
917504
917504
1310718
1114111
1048573
983039
786431
983038
1048576
1376255
851966
1638400
1507326
-458754
1245181
1441789
1048575
1048573
1245181
917501
851968
983038
917502
655358
1048574
1245183
1376253
917502
917502
1114109
655357
786429
1048573
851968
851967
917504
524287
720896
917503
786431
983039
1114111
983039
917501
1048574
1114112
786432
720895
851966
917501
1310718
1179646
851966
851966
786432
1245181
851968
1179645
2555903
0
-262146
1507325
1179645
851968
917501
917504
983038
1179646
1114110
983037
1048576
1048573
917503
1245181
1114109
1179645
1048575
917504
655357
589823
786429
851966
1114109
917502
786432
1245184
786429
917502
786430
983037
589824
655359
1114110
851966
851968
983037
983040
720893
589824
786429
720894
1048575
851968
458750
917504
1966080
-65538
262144
1572864
786432
983039
1048573
851965
720894
786429
720895
655359
851966
1048574
917501
1048574
1048576
917503
1048574
720893
786432
786429
851967
655360
655357
917501
983037
1048573
917504
917504
851966
851968
917502
917502
1048574
851967
917501
983040
1245184
1114109
655359
786430
983040
917501
524286
1703933
1376254
-262144
196608
1507328
1179647
917503
983039
1048573
851968
1114109
1048576
1114109
1114110
1376254
1507326
1310720
1048576
1114110
851968
983037
1245181
983039
1048575
1114112
983039
1114109
1114110
1114109
1245184
1245184
1179646
1507326
2752510
3211262
3145725
3014653
2752511
2621437
2359296
2293759
2293759
2162686
1703935
1835007
1638397
1572862
1179648
524286
1900541
1048576
-327682
1572861
1048573
851966
720893
458750
655358
786432
458751
524287
786432
786429
589823
655358
851966
524286
327679
393215
524288
524286
720894
262143
589821
524285
589824
655359
458752
655359
983039
851965
524288
458752
655359
655358
655357
1048573
1114109
983039
1048574
720896
851967
917502
524285
1769471
1376254
-655363
983040
1441790
1114109
1114111
983037
917502
917502
917502
1114110
1245182
1310717
1376254
1441791
1179646
1179645
1048575
1179646
1114109
917504
851967
1048575
1114110
1048573
1048576
1179647
1048574
1114109
1376254
1179646
1179645
983038
917503
655359
786430
1310719
1114112
1048576
983038
851967
524286
1769472
-524288
1310719
1441791
1114110
1376254
1441792
851965
917502
1376256
1114109
1310717
1310719
1441791
983040
1310718
1245181
1245182
1310719
1048573
917503
1048573
1114110
1245181
1179645
1245181
1114111
1114110
1179646
1114110
917504
786431
917501
917502
983038
1114112
1179648
1179646
1048575
917501
720896
2031615
589821
-65538
1769469
1310719
983039
1245184
655359
983037
983037
1048574
1048576
1179648
1179646
851968
917503
1179646
1048575
1179647
1048575
786429
917502
1048575
1114110
983040
1114109
851966
1179647
1245184
1048576
917504
917504
983039
720893
1310720
720896
655360
983039
1048576
1179646
917501
1179647
655357
458751
1703934
1441790
-458753
917501
1441789
1114111
917502
917501
786432
983038
786431
983039
851967
786432
851968
917504
1114109
1114110
983039
1048573
1048573
851965
917502
1048573
1048575
917504
983037
1114109
983038
917502
1048573
917503
1376253
983040
786432
786430
786429
1048576
1114109
1245184
851965
1048576
786430
524288
1966079
327679
-720898
393216
1441792
983040
917502
851966
786431
983040
917502
851966
983038
1310717
1245184
1310720
1179645
917503
786430
917503
1179645
917502
1048574
786432
720894
1310720
1179646
983038
1048573
1114111
851968
720895
1114111
1310718
1245181
1048575
1048574
1441791
1310718
1310718
851966
1900542
1835007
-131072
1245183
1638398
1114110
1179646
1310718
1114109
1310718
1179645
1114111
1114112
1310717
1179647
1048574
1376254
1179648
1114110
1048574
851967
851968
917502
851966
720896
1114110
786432
1179648
917503
917503
983039
917502
720895
1179648
786430
720895
1048574
1179646
1310720
1179645
1114112
983038
1245182
983039
720894
1835005
1245184
-393216
1507327
1441790
1310718
1114110
1048573
1114111
1114110
1114112
983039
1114112
1441791
1310720
983040
1179646
720896
655360
655360
720896
983037
1114111
1310717
851966
1179648
851967
1179647
1114109
1114110
1179648
1114110
1179645
983038
1245183
1114110
917502
983040
983039
1048573
983039
983038
917504
1114111
851966
917502
786431
655358
2031615
589823
65533
1572864
1310718
1048575
917502
917502
851966
917502
917503
983040
1114112
1179646
1048573
1048573
1245181
1048573
1114109
786431
720896
851965
655359
655359
917502
786432
589822
786431
851965
786432
917503
851967
851966
1048575
983039
1048576
1114109
917504
983040
983038
1048576
917501
720893
720894
917503
851967
262143
2031614
1179647
-917504
1179645
1572861
1245184
917504
983037
1048574
851967
983039
917503
1179647
1310719
1114112
1048573
1114112
983040
851965
851968
786430
851967
1048573
983038
983040
786432
720896
917504
1048575
917504
720895
1048576
1048573
917503
1114111
1114111
1048574
786432
851967
786432
917503
1114109
917501
1048575
1048574
1114110
1245182
458751
1114110
2228224
-196610
720894
1376254
1048574
1114109
1179645
1376253
1114110
1048576
1048575
1048576
1114110
1507326
1376253
1245184
983037
1245183
1179647
1245184
983040
1179647
1245183
1245182
1310719
1179647
1114110
917501
1048573
1114109
1114112
1179645
1310717
1048573
1245184
851968
917502
917501
983039
1048573
1114112
1179645
983039
1179648
1114111
1376253
1245181
786432
589821
2031616
1441790
-196610
1507327
1638397
1507325
1048574
983038
983040
983037
1048574
1179645
1310720
1441792
1179646
1376256
1376256
1048576
786431
1114109
983037
983039
1179645
917502
1114110
1114110
851967
786432
983039
983040
1114109
720895
983037
1048575
1048574
1245184
786430
983038
786431
917502
1048575
917502
983037
983040
917503
917503
983038
851966
720895
983037
458751
1245181
1638400
-393216
720893
1507326
917501
917502
983039
1048576
1114110
983038
1114111
1179647
917502
786429
720893
983037
917501
786430
983038
589822
1114109
851966
917501
917504
983039
1245181
1376253
851968
1114111
1114111
786429
1048575
655357
720893
983037
983039
1441789
1769469
1638397
1376255
1114109
2555904
1048576
524285
1900542
1441790
1638398
1572862
1769470
1966079
2490365
2097150
2228224
2228222
1769472
2228221
2621437
2359293
2686976
2949119
2883584
3080189
3538942
3538943
3211263
3080191
2752511
2555902
2555902
2228223
2162686
2031616
1966080
2162686
1835008
1638397
1310720
1179648
1310718
1114112
1048574
786429
851966
720895
524288
1376255
-65537
1179647
458752
720893
524287
393214
131069
131070
458751
458752
458749
393213
655359
524287
196608
524285
131070
131070
131071
262144
524286
458751
458752
524287
458752
589823
393213
262141
589824
851968
786431
262143
327677
393213
327679
393216
393215
458751
655358
458750
262142
524288
1441789
851965
-851970
983040
1245183
720896
655360
589822
458749
786431
458749
720893
655358
589822
720893
786429
655357
393216
851967
393216
393216
262143
458752
458752
524285
786430
786430
720896
786429
983037
655357
720893
524288
720895
786431
1114112
917502
917503
589822
655358
524287
589824
2162686
65535
-327682
1572862
1310719
917501
1114110
851968
917502
983039
917504
1048573
917502
1114112
983037
1376256
851965
786429
1179646
983040
917503
655358
720895
786430
655360
458751
589821
786430
589824
720896
786432
327678
655360
1048573
983038
720895
917504
983038
720895
1048573
1114110
851966
1179648
1179645
720893
2162686
1310718
-196610
1835005
1638400
1310720
1507328
1310718
1245184
917501
1048575
1310719
1310720
1310717
1376253
1179646
1376254
983037
1048574
851965
851966
917501
917501
1048574
1114112
1179648
917504
1114110
1179645
1048573
1048575
917501
851966
917503
1376254
1048576
1179646
983037
1114111
1376255
1835007
2097150
-65536
131071
1703936
1638398
1572864
1376254
1245182
1507328
1376254
1638397
1245181
1245184
1179647
1245182
1245183
1310720
1507328
1310720
1441789
1245182
917504
1179648
1245182
1114110
851967
1048574
1114109
589824
851966
1179645
917503
655359
1179645
851968
1048575
851966
851965
1048574
1114110
720894
1114109
851965
1179648
786431
589824
2097152
983037
-65539
1376256
1572861
1376253
1245181
917503
1245181
1114112
1245184
851968
917502
1048573
917501
851967
983038
851966
786432
983040
524286
524286
786431
851966
655359
917504
786430
458751
720894
720894
655358
655359
851967
720896
786432
786430
589824
524287
589824
655358
786429
786429
720894
1114109
786432
917504
983038
786429
983039
655357
1638398
2031613
-262146
786432
1572862
1507325
1310717
917504
786429
917501
983037
1048573
1048575
655359
917501
917504
655359
655357
720896
589823
917501
786429
720894
655360
851966
1048574
851968
917502
1179646
1245184
1114109
983038
1048574
1048576
1179647
786432
786431
1179648
1114111
1179645
1048574
1114110
1245184
851965
983037
1114111
917503
786432
1966080
262142
-65537
1376256
1310718
1310720
1114109
1179647
1572862
1376255
1245183
1114109
1179648
1310720
1310718
1376254
1179648
1245181
983039
983040
1048575
1048575
1114112
1310717
983040
983038
1310717
1310718
1114109
917502
983037
917502
720893
917501
983037
1048575
786430
589822
458752
720894
655359
655357
720893
917502
851966
917504
786429
851968
655357
720896
2293759
524288
262144
1835008
1507326
1310717
1048574
1179645
1179648
1114110
917504
917503
983039
983038
1114111
786430
983038
1048574
851968
851968
1048574
720893
851967
983037
786429
524285
458752
786432
655360
655359
786431
1048575
851966
983040
851966
851967
655360
917501
851965
851967
786432
720894
720896
917501
1048575
1114109
1114109
1048573
1114110
786429
720894
2031614
327679
-327681
1048576
1638400
1245184
1114109
1114112
1048575
1441792
1245184
1048575
1114111
1114112
1048573
851968
983039
851965
917504
983038
983037
851967
851965
983037
917504
524288
983039
1048573
589822
655360
851965
655358
786429
786429
851966
786432
917503
983040
851966
786432
786431
786432
983037
917503
1114112
851966
917503
720896
393216
2031613
851967
-327683
262143
1703936
1114109
1179646
1245183
1114110
1048574
1310719
1179646
983040
1572864
1703933
1507326
1769472
1376256
1114112
1179646
1048576
983038
1179647
917501
1048575
851968
1048575
1114111
1048575
1048573
1179647
917504
1048573
1245184
983040
1114110
1048573
983038
983038
1048574
1179648
1048575
917503
1179645
983040
1114111
1376256
655359
917504
2097151
131070
327680
1179645
1441789
1376254
1310717
983040
1048576
1245181
1310720
1441789
1245181
1441792
1179648
1114111
1245181
1048575
983037
851965
720893
786431
851967
786431
655360
917501
983040
1179647
1114112
983037
917501
1048575
1048574
1441790
917503
1114112
1179647
917501
851967
983039
1114110
1310717
1245184
1376256
1507325
1245181
1179648
1245182
1179647
786430
1441792
1966080
-1
131070
1835006
1441792
1310719
1245183
1245181
1179648
1245183
1245184
917502
1048575
1310719
1245183
1048574
1245184
1114111
1048576
1048576
983037
786430
917501
1179645
1179645
983040
1310718
1507327
1114112
1179647
1179647
1048576
1441791
786430
917503
983038
983037
1048575
983038
917503
720894
917503
917501
983037
1114111
1048574
1179648
1310717
1114112
851965
1310718
2228221
1048574
-589824
1507325
1441790
983040
851967
1114109
1114112
983039
851966
851967
917503
1114112
1114112
1376253
983037
786430
589822
524286
720894
655357
393214
655359
786429
786431
851966
1114110
589824
655359
851966
983039
983037
851968
1048574
917503
983037
786431
786430
1114109
1245183
917501
1245184
1114111
1114111
1245184
1048573
983039
720896
851968
2293758
327680
-262146
1376256
1048574
786431
851967
720895
786429
983040
1048573
851966
917501
917503
983038
1179648
1048574
983040
786430
655358
524286
720896
851966
589824
524288
589821
524288
720893
720895
589824
720893
720894
655358
720896
1114109
786429
917501
983037
655358
786431
983039
917501
655359
655360
720894
720895
458751
1835007
983037
-196609
262143
1572863
1048574
1048574
786432
851968
917503
851967
1245182
1376253
1179646
1310717
1245182
1376254
1114109
1310720
1310717
1114111
1179647
1245183
1245182
1245183
1310719
983038
983038
1245182
1376254
1179647
1048574
1179647
1507326
1310717
1245181
1114111
983038
983039
720895
786429
1245183
1245181
983040
1048573
1179645
1245182
1179647
983040
2097151
458749
196606
1048574
1245183
1179648
1245181
1048575
1179647
983040
983039
917503
1376254
1310718
1310718
1245183
1245183
1245184
983037
983038
1048574
851966
655360
1245181
917504
1179646
786432
786432
917501
851965
1245183
851968
1048573
1245181
1048576
1048575
917504
851967
1114111
1245184
1245183
983038
917504
1114110
1048573
983038
720896
196607
1769471
1376254
-655360
983038
1507326
983040
1114112
1245182
1048575
851966
983040
1114109
851966
1048576
983038
589824
655358
983037
720896
1114112
983037
851968
851967
851968
851968
786429
786430
983037
786432
786432
983039
851967
851968
655360
720894
655360
851965
851967
786430
1179648
1179646
983039
1179647
1048576
983040
1114111
589823
1376254
2162686
-262144
196608
1507328
1114111
1048573
917502
851967
851966
917501
917501
1114109
1179646
983039
1179645
1179647
983039
851968
917501
983040
983039
720893
851966
917501
1048573
1048574
1048574
851967
917504
1048575
917504
1114109
1114110
1048575
1179645
589822
917502
983039
983039
1048576
786431
1179648
1310717
1048574
983040
720894
1900543
1310717
-327681
1638400
1441790
1310720
1441791
1048576
983040
1310719
1179647
983039
1310717
1507327
1245182
917503
1048573
1179645
983040
1048575
851966
917503
1114110
1048576
983040
983038
1114110
983040
786429
720893
851966
917504
1114112
1114111
1179645
1048574
1179645
1245184
1179648
1114109
1376255
983038
786431
458749
1966077
2031614
-3
589824
1441790
1048574
1245181
1310717
1245183
1245184
1114109
1048575
1179646
1376253
1245183
1048573
1179647
917502
917501
851967
786429
983038
1048573
1048573
917503
1048576
1179646
1048573
851968
1114111
1048576
1114112
1114112
1114112
983038
786430
1048573
786432
786430
1179646
1114111
1114109
917503
1114109
720894
1900541
1310719
-458752
1245183
1638399
1179646
1310720
1179645
917503
1179648
983039
1048576
1114110
983037
1376255
1179646
917504
851966
720895
786431
917501
917501
786430
851966
720893
720894
917501
720894
524287
655359
917504
1114109
917501
720893
1114109
983037
917503
983037
851968
1048576
786432
851966
1179647
1048573
851968
851968
786431
720895
655360
1966080
196605
196607
1507327
1245181
983037
851968
1048573
983039
851967
1310718
1048576
786432
1179646
983038
983038
983039
1048574
917502
983038
917504
720894
917504
917502
917501
983040
917504
720896
851966
851965
720894
786430
720895
851968
983040
983038
1048573
983038
1179647
1048573
1048574
720895
786432
917501
917503
983037
2031614
1310718
-458753
1179648
1441791
1179645
1114109
1114110
720895
1310718
983037
983040
917503
983037
1048573
1048575
1048576
917501
851968
786430
589823
786431
851968
720893
720895
917501
1048573
917503
1114111
917503
1048576
1179646
1310720
1376253
1179645
1048576
917503
1048576
1114109
851966
1114109
983039
917503
1048573
917503
1376254
786429
917503
2293758
327678
589821
1703936
1179647
983037
917503
1179647
1048575
1376255
1114111
983038
1048574
1507328
1245184
1048573
786430
983037
1048573
786430
786430
786430
983039
917503
1048573
1179647
1245181
1114109
1114109
1114109
983040
1048576
917502
720895
983037
983037
851967
720896
851966
983039
1114112
1179647
983037
1114109
655359
1966080
131069
-65537
1703934
1441789
1048575
983038
1310718
1376254
1179647
1310718
1179647
1245183
1310718
983038
1179647
983040
720895
917502
786430
589824
720896
983037
720896
589822
786431
720895
720894
917503
983038
786430
983039
851967
983038
1048576
720893
786429
983040
1048574
917504
1048574
1048575
917501
720895
851967
720893
393213
1310718
1638398
-720898
720896
1441789
917503
720895
917504
851967
786429
1048575
786431
851968
917502
983039
589824
917504
786429
720894
786431
983040
851965
983039
851967
917502
1114112
1245182
983039
1245182
1179648
1179646
1245183
1048573
917504
1245182
1048573
851968
917503
786432
851968
1245181
786431
917502
917503
655358
1966080
851965
-131074
851967
1441792
1179648
1179645
1048573
1114112
983037
1114109
983040
1114111
1179648
1114109
1114111
1245181
1114111
1114112
983040
1048574
851965
720894
851965
720895
917501
917503
983040
983037
917502
720894
1114109
851965
851966
851968
983040
1048575
1179646
1245181
1114111
983039
1310718
1114111
1114109
720894
1507327
1376256
-458753
851965
1638397
1245184
1245183
1441790
1179647
1114112
1179646
1245183
1376254
1114111
1114112
1376255
1179646
1048575
1114111
1114110
1114112
1048576
1048573
983040
917501
1048573
851965
1114109
917503
917503
1048573
917502
1048573
983039
851966
1048576
917502
1048575
917503
983039
851967
1179647
1310720
983040
1048576
1114109
1114109
524285
1179646
1703934
-589827
524288
1441790
1245184
1114112
851967
1114109
1179648
1048573
1310717
1048576
1310717
1048576
1048574
1441789
1048574
1048574
917504
720895
851965
983039
851965
917503
1310720
917501
983039
983038
720893
917503
917502
1048573
1048575
917501
1048574
786432
851968
851968
786432
851965
917504
1114112
1114109
983039
720896
720895
524286
1769470
851968
-458754
1441790
1507325
983037
1114110
917504
851966
983039
1114112
1310717
1048573
786429
1179645
1245181
983039
1245181
917504
917501
1048576
1048576
1114109
1179647
983040
1048575
1245182
851966
917502
1114110
983038
1048575
851968
983037
917503
786431
1048574
1048573
851965
720896
786430
720895
655360
983039
786430
589824
524288
1900543
720894
-655360
1703933
1114111
917503
1179648
851966
720896
1114109
1179645
1245183
983038
983039
1441790
1310717
983039
1245184
1179647
1048574
1048573
1245183
1048573
1048575
1179645
917503
983038
1048575
1179648
1179647
1114110
983040
1048574
1179645
1245181
983038
917502
1048573
983039
1245182
851967
1048573
1179646
1114110
458751
2031616
2490366
-131074
655357
1703935
1310718
1179648
1310719
1245183
1310719
1245184
1179648
1376255
1310717
1179645
1114109
1245183
1507327
1310719
1572864
1376254
1114111
1114111
1114112
917502
1179646
1245183
1179648
1114112
1441789
1114112
1114110
1572861
1507325
1310720
786431
1310717
1376255
851966
983037
851968
983040
1114112
1048574
1048573
1245182
1310718
1048575
524288
1048573
1966079
1376255
-327681
1638397
1310720
1114109
917504
851967
983039
917502
1179646
1179645
983038
983040
1048575
1048575
1179645
1114111
851968
655360
983038
983040
917503
851965
786431
1245182
983040
589824
1114112
720896
917504
1114109
917503
983038
1048574
1048575
983038
589823
655357
1048575
655360
786429
1310718
983040
1114112
720894
1114109
983040
1966077
-65536
-196609
1048575
983038
1310720
1048573
917502
1310719
983040
983038
917501
917503
1245181
1245182
983037
1114109
1245181
1114109
786431
851967
851965
720895
983039
1179648
1114112
917503
983040
1572862
1048573
1114112
1114110
983037
917503
1245183
917504
983039
983039
1310720
1048575
1048575
1114109
786431
1048574
1179648
983039
720896
2490368
589823
-327683
1769469
1507328
1179645
983037
1114109
1048574
1179646
1179646
1245181
1114109
917504
1245184
1441790
1179646
1114110
917502
851965
655358
917503
917502
917503
1114110
983038
786432
983037
1048576
851967
1048576
1179646
1245181
917501
851968
983039
851966
786430
917503
1048574
917501
786429
983040
917502
1179645
1048573
851966
1048575
1048575
1179646
851966
1638397
1900544
-3
1638398
1507325
1114110
786430
1048573
917503
1114110
1114111
1376255
1310719
1310718
983037
1114112
851968
655359
786432
851966
851967
589823
983040
983038
851966
851966
917503
720896
1048573
720894
786432
917503
1114112
1048574
983037
1114111
851967
851965
589822
917503
983037
983038
917504
851965
917504
851966
851968
983039
786432
327680
2031613
1048574
-589824
1114109
1310718
1179645
1179645
1310717
1245181
1048576
983037
1179648
1310719
1114111
1310719
1179647
1114110
983039
1114109
983038
786432
589823
589824
1114112
786431
851967
1048576
983040
786432
655359
1245181
1179648
1310720
1179646
1376254
1507326
1376254
1310719
1310719
1441790
1441790
1703935
1376255
1310718
1703936
1376255
1245182
1310719
1769472
-393219
917503
1048574
851968
851967
786429
851967
786429
917504
458750
589824
589824
786432
786429
589822
917501
851965
655360
786429
720895
720893
786429
720894
851968
983039
589823
589822
720894
655357
917503
983038
1114111
1048575
655360
917501
1114112
1245181
1114109
983038
917503
983040
983039
2162686
65536
131072
1703936
1179647
1114109
720894
851967
851966
851968
983040
1048574
1114112
1179645
1048575
1245184
1179646
1245181
720895
917501
1376256
1114111
1310720
1245182
1048575
983040
983038
917502
786431
851966
1114111
851966
1048575
917502
1114109
917501
1048573
917502
983039
1245184
851967
1048574
1048576
524285
1507325
1638398
1048574
1572861
983038
1245181
1048576
917502
917503
851968
655360
1048574
851966
983038
1179645
720893
786430
524288
917501
1114110
983038
917503
1048573
917504
1179648
983039
1048573
917501
1114112
1245184
1179648
786429
851965
1179648
851965
786430
983040
917503
851967
851966
1048573
1179647
1310717
1048574
524288
1245184
-327681
1507326
1441790
1114111
983038
1048576
786432
786432
1114110
1048576
917502
983039
851965
851965
1179646
1179645
983039
917503
917502
786429
851965
917501
786432
851968
983040
851965
1114109
1310718
1179646
1310718
1310718
1310717
983039
917504
1179647
1114111
983037
917501
1245182
1310717
917504
983039
851966
1114111
983040
1114112
786432
589823
2162686
327679
0
1703933
1245184
1179646
917504
1114111
1114109
917502
983039
983039
720894
851968
1114112
983039
917504
1179648
589824
589822
983038
786430
983040
983039
851965
1114111
917504
1179645
1179647
1245181
1179645
1179645
1245184
1179647
1179647
983039
1245183
1310720
1245182
1114112
1048575
1441791
1245182
851966
983037
2424832
786430
-327680
1048576
2031616
1376254
1507325
1441792
1376255
1572861
1441791
1245182
1441789
1572861
1376253
1179647
1048575
524288
1048573
851966
720894
1048574
1245182
917502
851965
851966
851967
786429
917504
1114111
983037
1114112
1179645
786430
786432
917502
720893
851968
983037
1048574
851967
786431
917504
851968
720896
917502
2228223
-1
-65537
1245182
786429
786430
1114110
851968
917502
1114110
786432
1048574
1114110
1114111
983039
1245184
1114109
1048574
1114109
917503
1114109
983039
983040
786432
720895
917503
983037
786429
983037
917503
786431
983040
917504
589823
720895
917503
1048574
1114109
1114112
786432
786429
983039
655360
1114110
1769469
327678
1507325
1441792
1310720
720896
786431
786429
851967
655358
917503
589821
1179648
1310718
1179647
1048576
1048573
1048574
786429
917504
1245182
983037
983038
917501
983039
851966
720896
786432
917503
917501
1048573
1179647
1114109
917504
786429
655359
589822
851965
983037
720895
851968
851967
1114109
1114111
524288
524285
1966079
524288
-851969
1048575
1114109
917503
1114109
1114112
983040
851968
983039
1048573
786431
917501
1114112
983039
917503
917504
917504
589822
917501
1048574
917503
786429
917504
1114111
720893
655358
1179645
983040
983040
1114111
1179646
1114110
1048573
917502
720893
720896
851966
1114111
917501
851966
917502
851967
983039
917502
851967
2162688
589823
-458753
1245184
1310717
1114109
917502
917501
917501
1048573
1048574
851967
1114111
1179645
1310718
983038
1048575
1114111
917502
851968
917504
983038
917501
1179646
1048574
851966
983037
1114109
851968
1114109
1179647
1114111
983039
983040
1114110
917501
1179646
1310717
1703934
1376255
1310717
1376253
1441789
1179646
720896
1572864
1966078
-65537
983038
1310720
1114110
1114111
851966
1114109
1245181
1048573
983037
1114110
1114112
1376254
1114109
1310717
1376253
1114112
1245184
1179648
983038
786432
786432
1245182
1179645
1310717
1179645
983037
1245181
1114109
1048576
1114110
1179645
1179645
1114109
917504
983040
1048574
1048576
983037
983040
1048575
1048575
1048574
458750
1310717
2097150
983037
-524289
1441789
1507327
1179646
1245182
1310718
786432
1179647
1310717
1310717
1114111
1179648
1310718
917501
1245184
851968
983039
983039
917504
1114111
1245182
851968
917504
1048574
917504
1179648
851966
1179646
851965
720895
720894
720894
786431
589824
720894
655359
1114109
1310720
1048576
1376254
1114111
851966
1441791
1048575
786429
2621439
2097151
-262147
1572861
1114111
1048575
1114109
1179645
1441790
1048575
851968
1179645
1572862
1441791
1179648
1114110
1048576
851967
1048575
917503
655357
1114109
851965
917504
983039
851968
917501
786432
851966
1048575
1310718
851967
851967
917503
786429
786430
786430
786430
786432
1179645
1114110
393215
720894
1114110
786429
786430
2097149
0
131069
1441790
1179648
983040
786432
720896
720894
917502
720895
917504
851965
720893
720893
983040
851968
851965
720896
1048576
917501
1048573
1114110
917504
1048574
1245183
1114111
1245183
1114112
1245181
1179645
1048573
1310720
1245183
1048576
917504
983037
1048573
1048575
1376256
1507328
1310717
1179648
1048574
1048574
917504
786430
2097150
327680
-1
1703936
1179648
1376253
1310720
1245184
1376255
1376254
1114112
1376256
1245182
1376255
1245182
1703933
1179647
1114112
1048573
851965
851967
983037
1179645
983040
851966
851967
983039
1048574
983039
851965
1048573
1114111
1179647
983038
851966
851968
983038
917503
917504
917504
851967
1048575
1048576
851966
524288
1769470
655358
-655362
1310720
1310720
1114111
1048573
786432
720895
1179645
1179648
1114112
1114112
1048575
1048574
917503
917501
786432
786429
655357
655357
655357
720896
917502
983040
851967
720896
917502
851966
655359
655359
655359
786430
720895
851965
786429
655360
720893
720895
589822
720895
655357
851968
983037
655358
720895
458749
1048574
1835006
851967
-524289
1310718
1310719
1048576
1179645
917501
917503
917503
1048573
1179648
1179647
983037
983038
1114109
1114111
1048576
720896
589822
655358
851967
983038
1179646
1114110
917501
1114112
983039
1114111
786431
983037
851968
983040
917503
720896
917502
917504
1114110
983039
851965
851966
917502
1179645
1376253
851967
1048575
2293758
-2
393216
1376256
1638398
1376254
1310718
1114111
1179648
917503
851968
1245184
1048576
1048575
1310719
1179645
1048573
917503
851968
983037
983040
1245181
983040
786431
983040
720893
720893
1048573
1048574
983037
983039
983037
1048574
917502
917501
983040
786432
851966
1114109
1048574
983039
1048574
851966
851966
1114109
786430
1572863
1835005
-589825
786431
1114110
983037
1048575
983038
851965
917501
1048573
1179648
1245184
1245183
1245183
1441790
1245183
1310720
1310720
1245184
851968
1245183
1179648
1048575
851968
786430
917502
983037
1048573
655360
917501
983038
917503
983038
917502
917502
917501
786430
720895
786431
786432
786431
786431
786432
1048576
1179647
1048576
1245181
917502
1310718
2097149
-2
655359
1638398
1179646
1441791
983038
786431
1048576
983037
851967
983038
1048574
1310718
1310720
1376254
1376254
1245181
1114110
1245181
1048573
917504
1048576
983040
1114111
1114111
1048575
1048575
786431
720894
851966
851965
917503
917503
720894
720894
917502
851966
851968
851968
720895
720894
851967
720896
786430
851965
720895
720894
1114111
917504
327679
1572864
1507325
-655362
851966
1245181
655359
589824
524287
851965
524285
1048576
1114112
786430
1179646
1179648
1114111
851966
851965
851967
851967
786432
983039
720896
720893
720896
1114111
983037
851967
1114110
1179645
1310717
1376253
1179648
1179645
1507327
1114112
1114111
1310717
720895
983039
1310717
1114110
1245183
1245182
917504
1179645
1245181
983040
983037
655360
2424832
1245182
-131074
1572862
1310718
1179646
1179645
1376255
1507325
1310717
917501
1114110
1179647
983039
1179647
1245182
1114110
1048575
917503
917503
851966
917503
917502
917501
917503
917504
720894
851968
851966
720895
983039
983040
851968
917504
917503
1048573
1048573
1245181
1179645
1114112
1638398
1507327
1245184
1507328
1572861
1441792
786432
1048574
2490365
589821
-2
1638400
1441790
1441789
983038
1245184
1114112
1179645
1310719
1179646
1114112
1048576
1114109
1376255
1376253
1048573
1048574
1048576
1245183
1048573
917503
917503
917502
1114112
983038
1048575
983037
1114110
1048574
1179648
1179647
1114112
1245183
1245184
851966
1179647
983037
851967
1179647
1114110
983038
851967
1114110
851967
393216
2162686
655357
-458754
1441791
1507325
1114111
1048575
1048573
1179647
1114110
1179645
1310720
1179648
1114109
1048573
1114110
1114110
851965
786429
655360
655360
655359
786430
983040
1048574
1179645
851966
1048574
1179646
917501
917501
917502
851965
720895
851968
786431
720894
1048574
917504
851965
851966
720893
917503
983037
851965
1114110
1048576
786430
786429
655357
786429
2097151
393215
-393216
1507327
1114110
1114109
983040
1048573
917502
720896
917502
983040
1114111
655360
851967
983039
1114110
1114111
720896
786430
917503
983039
983038
786431
983038
917503
655357
1048573
1048573
917503
1048576
983038
983040
983040
786431
851965
983038
786432
786430
786431
786432
917503
786430
786432
1048576
1048575
983040
524286
2293757
589823
-393219
1507326
1310720
1245183
851968
917504
1376256
1245182
1310719
983038
851967
1048575
1114112
1179646
1048576
983037
720893
786432
655360
589821
720894
851966
983040
917503
983037
983040
1048576
983038
851965
720894
720896
851967
917501
720893
720894
655360
917501
851968
917504
655360
1048574
983039
524287
458749
1441790
1638399
917501
1441789
983040
1048576
917503
786429
983039
720896
917502
1179646
1310717
1179648
1310719
1310717
1114110
1114109
851965
851968
917503
917502
917502
917504
917502
983039
1114109
983038
983037
1114110
983037
1048575
1245183
983040
1114109
1310718
1245183
1114110
1310718
1376254
1179648
1245183
1376255
1179648
1376253
851965
1114112
2359293
1310718
-327682
1572863
1507326
1507325
1245184
1179646
1245182
1048574
1245182
1245183
1376255
1179648
1245181
1572862
1441791
1179646
1310717
1179646
1048576
983039
1179647
1048574
917504
983038
917503
983037
983037
983037
1114109
1114110
983039
983039
917503
983039
1179646
1114112
720894
786431
1048576
983039
1048576
983040
786429
917501
786431
327680
1966077
983039
-655363
458751
1900543
1179646
983038
917504
917503
1114112
1114110
1114111
1048573
851967
1310717
1245183
786431
1245184
1179646
983038
851968
655359
1048574
720893
1048576
983037
983038
1114111
1048574
1179647
1179646
983040
1048574
1048573
983038
983040
1048573
786429
917502
851968
851965
786432
1048576
1048575
720895
786431
786431
1048573
786431
2162685
327679
-524289
983039
1376254
851968
983039
786432
524285
983037
917501
1179646
1179646
917503
851966
851968
983038
786430
851965
327680
917501
720893
786429
1245182
1245184
983040
983037
917501
1245183
1048573
983040
1310717
1114112
917501
1310719
1245181
1114110
983040
1048574
983040
851967
1114109
1114111
1114109
1441790
983037
458751
2359294
1048574
-655360
393214
1769469
1048576
1245183
1114111
1245182
1179646
917503
1048576
1245184
1310718
917502
917504
1048574
917503
1179648
1114111
983037
983037
786431
1114112
1179647
1114110
1179645
1179648
1114110
1179645
1245183
1376253
1245181
1310720
1245182
1114111
1310719
1048575
917504
1114110
1507326
1376256
1114110
1310717
1179647
1376255
983037
720893
2097152
720895
-131074
1900541
1572861
1310717
1376256
1638398
1507325
1048574
1179645
1245181
1310720
1179645
1245184
1441790
1376255
1245183
1245183
1245183
1114109
1048573
655357
917501
1048573
1179646
983037
1114109
786430
1245181
1179646
851965
1114109
1179645
917504
983040
851966
786432
1048576
786429
786430
983039
720896
786432
1048575
1048574
1179645
983037
655358
1966078
458752
-65539
1638399
1572861
1179648
1114112
851965
917504
1114110
1048576
1114111
917501
917503
1048574
1114111
1310717
983040
917504
983037
917502
1048576
655360
524288
851968
1048576
786431
1179645
1114110
983039
983040
851968
917504
917502
917503
851967
720895
786430
786432
851968
1048573
917504
1048576
1179646
1114112
1048575
786432
851965
655358
1179647
-524290
1245182
1179648
720895
720895
851967
1179648
983040
1376256
1441790
1245181
1179647
851968
1114109
1376255
1048575
786430
786431
786430
720894
589824
851966
917503
983037
851966
983037
851968
1114111
983038
917502
851967
720894
917504
720896
983038
1179645
1048574
1048576
1245182
1245183
851967
851967
720896
1048574
1114112
524286
720894
2097150
131070
-262144
1310719
1048576
1245182
1114111
1048576
851968
1048574
1114111
917503
1179645
1114112
1245183
1376255
983037
917502
786429
655357
917501
1114111
1048573
851967
917501
1114110
1245184
983038
786429
655359
851967
1245183
1507327
983038
1048576
983040
851966
851967
851965
983038
851966
851965
720896
917502
917504
524286
1310717
2293760
-131075
327679
1769469
1048576
851967
917502
1114109
1179645
983040
983039
1179646
1441789
1114109
1048576
1048575
1048576
1376255
917503
983037
1114110
983039
983039
1114110
983040
1310720
1245183
1245184
1376256
1114111
1114111
1310719
1245181
1179645
1114111
1048576
851967
1179648
1114112
983038
1376255
1179645
1048574
1310717
917502
1310718
720895
327679
1835007
1376255
-393219
1376253
1638398
1114109
1245182
1441792
1179646
1179647
1310718
983037
917501
1441789
1310720
1310718
917503
1048576
1048573
983039
917503
1048574
1114109
1048573
720894
851966
1179646
917504
851968
983037
983038
917501
1179645
917502
851967
917501
1048573
851965
983037
983038
917502
1179645
1179647
1048574
589821
1376253
2031616
524286
-327680
1638397
1179648
983039
917503
1245183
983040
917504
983039
1179646
1441791
1179648
1245183
1441792
917504
1245183
851966
655359
786429
917503
983039
851965
786431
917502
720894
786429
983037
983039
917501
851968
720896
851967
720894
524288
458750
589824
720895
851966
1114109
1376253
1048575
917502
720893
851966
458750
1245184
1900544
393213
-393217
1179648
1245184
1048573
983039
851966
983039
1048574
917502
851966
917503
1048573
917502
983039
1114112
851967
851966
786432
720895
851965
786431
720896
786430
851965
917501
786429
917504
524285
917501
786432
720895
655359
524287
655358
720893
720895
655357
851966
1048574
1114111
1114109
917504
917504
524288
2031613
720895
-655362
524286
1376254
917501
1048573
917504
786431
1245182
1114110
786432
1179646
1114110
1048574
1114111
1048576
1376255
1245183
917501
851966
786430
786430
1245181
983037
1048576
1376254
1245181
983037
1114110
1310719
1048573
851966
1114109
1048576
983038
786431
917504
1114111
1048574
983040
1310719
1245182
589822
1900543
1441790
-393216
1179646
1376254
1114112
1179647
1179648
1245181
983037
1048573
1179647
1310719
1245182
1310718
1245182
1114112
1245182
1114110
917502