1441790
1179646
851966
917501
786430
917501
1114110
1572861
1310720
1048573
1441792
1310718
1441791
1966078
1835008
1638399
1703936
1769469
1769469
1769470
1441789
1179646
1179647
1048576
983039
1048574
1376254
1310719
1114109
1179648
983039
1114112
1245181
917501
1114110
1245183
1048574
1114111
983040
1114110
1310718
1179645
1048573
1245182
327679
1048573
4653055
1703936
65536
524285
786430
786432
983038
1441790
1441792
1245181
720896
720893
589823
655360
851968
917501
851968
1376256
1245182
1572864
1966077
1966077
1703934
1441791
1507327
1638399
1769472
1572861
851965
917503
1245183
1245184
1310718
983039
1245184
1376255
1638397
1376255
1114111
1572862
1507326
1376256
1441789
1179648
1310717
1179646
1114110
720896
851967
393214
786429
4259839
917502
-1
655357
327678
-65536
589823
589821
589821
917501
917503
393215
1114111
1114110
589822
655358
1048575
655360
983039
1310720
1310718
1703934
1507325
1703934
1376253
1179645
1441792
1376255
1507326
1966077
1703935
1245184
917502
1245182
1114110
917502
983037
917503
786430
720896
786430
1048576
1245183
786432
917502
983038
851965
917503
851967
851968
655360
262141
3670014
3932158
393215
327680
655359
524286
1048576
1179648
1114109
851967
720893
851968
983040
851968
524285
589821
917502
786431
1245183
1179647
1114109
851966
983037
786432
589823
1114109
1179646
1376255
1310718
1245181
851966
1179646
851966
917504
786430
983039
983040
1048575
1048576
1114110
983040
1179648
917502
983040
1048576
851966
1310719
851967
1114109
983038
1048576
1179646
851966
720894
-131072
3604480
2359293
-262146
131072
131072
786430
1048574
786431
589823
655360
655357
458750
786429
589823
524285
917503
786429
1114110
851966
589823
589822
458751
786431
917503
655358
983038
851968
983037
786432
851967
1376253
1179648
1245183
1245181
1048576
1245181
1114111
1376254
1507326
983040
655360
1245182
1245183
851965
1114109
1048576
851965
917502
1310720
1179645
851966
393216
983040
786432
-458755
3735549
2293759
393215
262141
458749
65534
524287
917501
851968
262142
65533
-1
458752
655359
851968
786429
655357
458752
458752
851965
1179645
786430
262141
131072
196608
327677
262143
524286
655357
327680
458749
327678
589824
589823
589824
720894
1114109
1048573
1572861
1310718
1245183
1638399
1835005
1507326
917501
1114109
1245182
1310718
1310718
1310717
1179648
1179646
983038
917501
1441792
-196611
2555902
3670014
393216
393216
655359
786430
1245181
1179646
1245181
1245183
983040
983037
1179647
1245182
1310717
1048575
1048576
786430
851965
1310717
1310717
1245184
1310720
1114110
983037
1048573
1179646
1245181
1572863
1441790
1507327
983037
1179645
1376255
1310717
1310719
1048573
983040
1179647
1179647
1310720
1310717
1179646
1638399
1572864
1769470
1703934
1507325
1638397
1572863
1376256
1572861
393214
1507326
5046270
2293760
720894
1048573
1245183
1441790
1310717
1572863
1376254
1048576
1048573
720895
1048576
1245183
1114109
1114109
1376255
1507326
1048576
983040
1245183
917503
655359
1376253
1703936
1245183
1310720
1441789
1114110
786432
786431
1179645
1114110
1114112
1179647
1114112
1376255
1310718
1114111
983038
1048573
1245183
1245181
1507328
1507327
1310717
1310718
1114112
983040
851965
720896
524285
-65538
393214
4259840
3735550
131070
131071
327680
720893
1048574
1114110
851965
458751
524288
786432
655360
655357
720895
851968
917504
1310719
1376255
983037
1048573
983039
1114109
1376253
851967
655358
655360
917501
851966
1114109
1048574
1179647
1441789
1179645
851968
1245181
1245184
851967
851967
1048575
1048573
983039
851966
1114109
1048574
1114109
1048576
851965
655360
917501
851966
720894
589823
1114110
-327681
1441791
4128766
393213
-1
262141
65533
589823
655357
524287
524288
327678
196608
393216
196607
262141
327677
131072
393215
589822
458749
524287
327678
196608
327679
458750
262144
262144
917501
1179647
1114111
1179646
851965
655360
917504
917503
720893
589821
524286
786430
851965
589824
262142
589823
589822
917501
1048573
983038
851966
720894
589823
851965
589821
589822
524287
-262147
-65537
3538943
983037
-393217
-131074
262144
327678
393213
786432
1114112
786432
196608
393216
786429
720895
655360
786430
983040
1441791
1507327
1310720
1376255
1245182
1048573
1048575
983038
1048574
720896
655358
720893
327678
917502
1048573
917502
1048575
1048576
1114109
917503
983037
1048576
1114110
1114111
1245184
1245182
1572864
1376254
1245183
1507326
1507325
1179645
1114110
1179648
786431
-65538
2228224
4456447
1376253
720893
524288
917503
1179647
1310720
1835007
1376253
1441789
1114110
983040
983037
851968
1048575
983038
1114111
1376255
1376256
1638398
1769469
1638397
1900541
2031614
1900543
1769472
2031616
2293758
1638400
1572864
1638400
2162688
2097149
1703936
1769471
1638398
1572862
1441792
1507327
1638398
1376254
1310718
1835007
1835007
1376253
1507325
1638397
1114112
1376254
1441789
131072
3407872
3407869
393214
851965
851966
851966
589822
786430
524287
393213
196608
327678
524288
524286
327680
655358
589823
983038
786430
589821
655358
1048576
917502
917504
1245181
1245183
1507328
1572863
1114111
851965
1179646
1245181
1245182
1048575
1179648
1310719
1376256
1179645
1245182
1441789
1507325
1179648
1507328
1310719
1048575
1114110
1245184
1310720
1114112
917504
262144
-327683
3735551
2424829
196607
851968
720893
851968
917501
917502
851965
917502
327679
65534
524286
327679
786429
786429
983040
851968
851966
851968
851967
983040
983037
720895
655357
655360
1048576
983039
786429
1179647
655360
786431
786432
655358
1048575
1179645
786432
786432
917502
655357
524285
851965
786432
786430
983040
983037
786429
393216
786430
983039
-327682
-1
655360
-196608
524285
3997695
851968
-589824
-131073
131071
458750
327680
524288
524286
393213
196606
131069
131072
524285
458749
458751
589823
851965
786431
983037
1114112
1048573
983040
1179646
1179645
1048573
1638400
1507328
983039
1114111
1245184
1114110
1048575
917503
1048576
1114111
1310719
1114111
1114110
1376253
1245183
1245181
1507326
1376254
1638400
1376256
1638400
1572861
1376255
1048575
1245184
917504
786430
786432
1245181
196605
2490365
4521984
983040
655360
720894
983039
983038
1048573
1441791
1310719
851968
1048576
589823
262143
393216
524287
458752
589823
786431
1245183
1048573
983040
983038
917504
983039
1245183
1376256
1179646
1376256
1245182
1048574
1048574
1114110
1114111
917502
655358
786430
786431
655357
851965
1179646
1310718
983037
1048575
1310717
1376254
1245181
1310718
1572862
1114112
1114109
983037
655358
786430
786430
1114110
1376256
-262146
2555903
4194304
1835006
262141
458752
524287
655357
524287
851966
917502
786430
524287
851966
917501
917504
720893
786429
851966
786431
851967
786429
1048575
1245182
983038
1179647
1245181
1048575
1245182
1376254
1048574
786431
917502
983040
983037
1179647
1048574
983039
1179647
917504
851967
983039
1572864
1245181
1114112
1179647
1048576
1179646
1114110
1048575
1310717
1114111
851965
655360
786429
917503
720896
589824
983040
-589825
2293757
3080191
-1
-65537
-131074
-65537
524286
458751
589823
65533
-3
-196610
0
393213
196606
196608
524285
524288
458752
393214
851965
851968
720895
524285
524285
786431
589821
786431
655357
458749
524288
851967
851966
655358
851966
983039
917502
983039
1114110
1114109
1048575
1310719
1441791
1179648
1048574
1310718
1179648
1441792
1507325
1441792
1114111
1179645
655358
917503
917502
917503
196607
917503
4194301
1376253
589824
655357
786432
786430
786430
917503
1114109
1114112
1048575
1048574
983038
1048574
917502
1179645
1114110
1048576
1376253
1310719
1572862
1441792
1441792
1900544
1703934
1507327
1638398
1507327
1376254
917503
786432
1048573
1179647
1245183
1245184
1376256
1376255
1441791
1441789
1507328
1310718
1048574
1048573
1572863
1703933
1507325
1507325
1179646
1310719
1245181
1048574
1769470
917504
131071
3932158
2686974
458749
655360
786430
720896
720893
917504
917503
786431
851965
589824
589821
917504
786429
720894
1048575
1179648
983037
1048574
1114112
983040
1179646
1507325
1572864
1507325
1179647
1114110
1114110
1048575
1835005
1310718
1310717
1179648
1048576
917502
983038
1507327
1310717
1441790
1507325
1245181
1179648
1114112
1245184
786432
983040
983040
786432
262144
3801086
2293758
655360
851968
720895
720893
1114112
1376256
1310717
1114110
720893
589823
196605
458752
786431
655360
589823
851966
524286
458749
589822
786432
983038
851966
1310717
1376255
1441792
1441791
1179647
1507325
1376256
1048573
917501
917501
1310720
1048574
851965
655360
786431
983038
917501
851968
1179645
1179647
1245181
983037
983038
1048576
720896
1179648
1245183
1114112
-262146
1835007
3342336
-3
458750
524288
589824
851968
1179648
1310719
917504
589822
196606
65534
-65536
196607
393216
524288
327680
851967
917503
655357
1179645
1310717
983039
917502
1179646
1048574
1179645
983040
1048576
983038
917504
917504
589824
589824
655358
720895
589824
917501
1114109
1114110
1048574
1310717
983039
1179645
1638400
1114109
1048574
1114109
1048574
1310719
1310718
1310720
917502
262141
4259840
2097151
65535
851966
786430
786429
1048573
1114111
1048573
524288
589823
655358
655360
851967
524287
786429
655357
851965
851967
917504
1245181
1048575
655357
720894
655360
786432
851967
720895
720895
655357
458751
524286
458749
262143
851966
786430
720896
589822
917503
1048576
983037
1114110
1245183
1114109
1114111
1507326
1376254
1310719
1310717
131071
917504
3997694
1245183
327680
655359
1048573
1310717
1638400
1441791
1376255
1048575
1179647
1179645
1048575
1376256
1245182
1376253
1245184
1310719
1376256
1507328
1245181
1245183
1376256
1507325
1376255
1245184
1507325
1507325
1310719
1376254
1376254
1310720
917504
983037
589823
-1245185
6488064
327679
-262146
-1179650
-262147
-3
327678
1048575
786430
393213
458749
-196608
-2
-720897
-720899
-720898
-720897
-327680
655359
983039
1441792
1572861
1572861
1376256
1572863
1441790
1310717
1638397
1507328
1638399
1507328
1507326
1441790
1376254
1245184
1245184
1179648
1245183
1310718
1310720
1572863
1245183
1114110
1114110
1245181
786429
458750
720893
786430
851967
786429
1245184
720896
851965
851967
655357
917502
655358
589824
1048573
524285
720896
458750
-786434
2621439
2555901
-2
-131072
-327680
-1
-196608
-131073
-327683
-327683
262142
327679
589823
327678
-1
458750
458750
393213
262144
524286
655357
786431
524285
851968
655360
393213
524288
655360
524285
393216
720893
851966
786432
720896
1114111
1310718
1441790
1310719
1310718
1245183
1048574
1179648
851968
983038
1114110
720896
196608
3866622
2359295
-65537
196606
393214
458751
983037
1048576
1376253
1245182
1376253
1114112
917504
851967
1114109
1245184
1310719
1245183
1507326
1769471
1638399
1507327
1310720
1966079
1835006
1703933
1376254
1441792
65534
2162685
9371647
4063230
524286
65535
-393218
851965
524285
851968
720893
458752
589822
458751
262142
393216
196607
-327681
-458753
131071
1179647
1572864
1966078
2031616
2097150
2031615
1835006
1835005
1966077
2293760
2031615
2162685
2490368
2031615
2424830
2228221
1835006
1703935
1638400
1835008
2228224
2097151
1703935
1638399
1769470
1572864
1376254
1310720
983039
917503
851967
983040
1048576
1179645
917503
851967
917504
393213
524286
786430
851968
983037
917501
1179645
983040
983040
1441792
-2
1638399
4390911
1048573
393215
720896
786429
983040
1048573
1048574
786430
327677
458752
589821
720894
720896
851967
851966
720893
851965
720895
720895
851965
655359
720895
917503
1310717
1310718
1441789
1179647
655358
458751
589821
393216
327680
524286
458750
786430
655359
851968
983040
917503
851965
655357
720896
1114110
1048576
1376256
1048573
131072
3538944
2162686
-131072
262143
327679
262144
524286
655360
327680
524286
655360
917501
1310718
786429
458751
720895
1114110
917501
917503
851966
1507328
1179647
1048575
851965
983039
1245182
1179648
851968
1179648
1245184
851965
851966
1310719
851968
851965
1114111
1048575
851967
786432
786429
65536
851966
3866621
917502
-65538
458751
983038
1048574
851966
393216
196605
-196609
524288
458749
393215
1114110
1310718
1179645
1114109
1376254
1245181
1048574
917501
851967
1310718
1245182
1114111
1310720
1638400
1376254
1048576
1245183
1376254
1376253
1179646
851966
1179646
720896
851965
917502
1376253
1441791
1507327
1114112
1048574
851966
786429
1179648
851965
131070
3670014
1835006
196607
65536
65534
786430
786430
1245181
524287
655359
1048574
720895
524288
655358
983040
983038
851968
917502
983039
655358
720893
983038
720894
655357
786429
851967
1114109
1048576
851968
917503
393216
851967
1048574
917501
1048576
1245182
851968
851965
983040
1048576
1179646
1114111
1245184
1310720
1048575
720896
65533
524287
851965
851968
1245184
1376256
655360
458751
3997693
2228221
393214
720895
524286
786432
1179647
1179646
1114109
589822
458750
393213
786429
720894
1048574
1048576
983039
1048575
851966
1179646
1245182
983040
1048573
1048575
1638397
1572862
1638398
1769469
1179647
1376253
1376253
1376254
1179647
1310719
1507326
1441791
1179646
1638400
1507326
1310717
1048575
655357
589823
720894
1179647
983038
655360
589824
917504
1179645
1376253
1245181
917502
983038
720896
720895
1179647
131069
1114112
4063229
2949117
262142
458752
655359
655357
655360
917502
720895
655357
655360
786430
1048573
458752
327679
786432
917501
720895
1114112
1245184
1114112
1048575
983038
1245181
1441791
1507325
1441789
1179648
1048574
851968
655357
589821
851967
983040
851966
327680
524287
983038
786429
655359
327679
851968
720896
393213
131071
262143
262144
-3
262142
393214
393214
262142
393215
-720898
2883581
1507328
-589825
-196610
-131072
262144
851965
851965
786430
720893
655358
655360
1048573
786432
851967
851967
851965
1114111
1310718
1114110
786430
786430
655360
589824
589824
917502
720893
655358
786429
786429
720895
1114109
983040
1048576
1310719
1441790
1114109
983039
1245181
1376256
1507326
1507325
1441791
1572863
1703933
983037
851966
983039
589822
720893
458750
917501
655360
458751
1245182
851967
458751
-131073
3604477
2359293
65536
458751
458749
720893
1048576
1441792
1310720
1507326
1376254
983040
851968
983038
983038
1114112
1179646
1048575
1245184
1376256
1245183
1507327
1310720
1114109
786430
589822
1441789
917502
851967
458751
655357
983040
720896
851965
1179647
1114110
1048575
1638397
1703935
1441791
1441792
983037
1114112
1441791
1376256
1179645
1179646
851968
1179648
1441791
1638398
196606
1507327
4521983
2949118
196606
524287
1114110
983039
1179647
1245183
1376255
1114111
851967
983037
983040
1179646
983039
1376254
1376255
1507326
1245182
1966078
1769471
1900542
1441791
1703936
2031615
1966079
1769471
1441791
1507327
1114112
851968
983038
1179645
1441789
1507328
1179645
196606
2293757
9961469
4915198
65533
589822
-393219
917502
524288
0
589821
851965
589822
655357
327680
-1
-131072
-524288
-524291
-262144
524286
1048573
1769471
1638397
1703933
1703933
1966077
1507325
1966078
1900544
1638398
1769469
1638397
1179648
917501
983038
1245183
1245183
1179648
1310717
1441789
917504
1703933
1376254
1638399
1179648
1114112
1179647
1048575
851966
1179648
1048573
917501
1441792
1245182
983040
1048576
917503
720893
720893
786430
917504
917502
1048574
720895
589822
262144
851967
458751
524285
786431
-262147
1966077
4194301
2555901
65534
655359
655357
851967
851965
655360
589822
524286
655357
524286
262144
262141
262143
524287
589821
524287
655359
786432
655357
983037
1179648
983038
655358
458750
524288
1048575
917502
655359
917504
1114110
720896
786432
786430
720893
917501
851968
983040
1376253
917502
1310718
1310717
1638400
1245182
655359
786430
1179647
1048575
917503
589824
458749
786432
589822
983037
1310720
65533
983037
4259837
983037
131070
655358
655359
786429
1048574
1441789
1114112
458750
524288
262143
393213
589821
589822
983037
917504
655359
1376253
1310717
851965
1376254
1376253
917504
589824
786429
983037
1245182
917501
917501
917503
786431
1048574
1376254
983039
917501
1048575
1507325
1835006
1507326
1376255
1376255
1179648
1441790
1048574
917502
1310720
1179647
1441792
1638399
1572861
1310719
1441790
1310717
1245181
720895
-131073
3735552
2490368
-131072
458749
589823
1048575
1048575
917503
917502
983037
327679
393216
589822
196608
655358
851968
917503
720893
458749
851966
983037
655358
655360
655360
524288
720893
589821
720896
720893
327679
393213
589822
589822
983039
1048576
786430
851966
1245183
1048573
524285
786432
262141
393214
720894
786430
786430
851966
983039
1376255
1310720
655359
393214
720894
851966
720896
786432
-327683
1507325
4194302
2752510
65536
131071
262141
458752
458751
851966
917502
917503
851966
917501
786432
786430
589823
327679
720895
655360
720895
917503
1048576
917503
393215
589821
851966
983039
917501
720895
655359
524285
327679
720893
983040
1441789
983039
655360
1179648
1245181
1245182
1179645
1048573
1441791
1376253
1376254
1966079
1638400
1048575
983040
1310718
917501
1179645
1245183
786431
524287
3932157
2293758
-262146
262144
851965
589821
786432
1048575
1048575
1114112
983039
917502
983039
655358
720895
983038
1245184
983039
1310718
1507326
1245184
1245181
1245181
1310718
1245181
1179647
1572863
1245184
1376253
1310717
1376256
1245183
1114111
1441789
1179645
1048575
1245183
1507326
1638399
1376255
1441789
1441790
1638399
1179648
1179648
1507328
1376254
1572862
1507327
786432
1441791
5046272
2228221
589823
1310720
1441790
1376255
1835005
1441790
1245181
655360
917501
786430
983038
983040
720893
917501
983039
1179647
1310719
1114109
1114110
1310718
1114112
1245183
1245183
1376255
1638399
1245184
983039
786431
720896
786432
655360
720896
786430
655358
720895
327680
524285
458752
655357
1048574
720894
851968
1114111
1179647
1310720
1310717
1048575
1114112
851966
1048576
-131072
720893
3866623
1376253
524285
851965
655360
720894
1245181
983037
851967
589824
393216
786431
655360
458751
196607
327677
262144
393213
1048575
1048573
1114111
983039
983039
983037
720893
983039
1048575
1245182
1310717
917504
720894
458749
-655363
7471102
7405566
-393218
131071
-851970
262144
131070
327679
524287
589824
262142
-393219
-655363
-1179650
-917507
262141
589821
1507327
1310720
1507327
983037
1376255
1310717
1048573
1114110
1179645
1114110
983038
1114110
983038
983038
1114109
720895
786429
458750
458752
524286
720893
983038
589824
1048573
1114109
1048574
720894
786430
786430
786430
1048573
983038
1376253
1114111
1376254
1245181
983040
983040
786430
917504
1179648
1048573
917504
1310717
1507326
1376254
1310718
1245184
1048575
851966
851968
851965
851967
1179646
1507327
1638399
589824
1310717
4456446
-65537
262142
393214
786429
786432
589822
131072
-65537
-327680
-131074
-131075
65536
131071
720893
851965
720895
851968
786430
1114111
1310717
1048573
1179647
1441792
1900541
1572863
1114112
1310719
1179645
917504
1245183
1114110
1179647
1441789
1245183
1835007
1376255
1179647
1376256
1310717
1638398
1769469
1572862
1507327
1245182
1179648
1376254
1310717
917502
589821
851967
1179646
851967
786429
1179645
-327681
2031615
3735550
524286
393216
589822
655358
917503
983039
786430
458751
327677
458751
327677
458751
720894
589822
851967
524287
458751
327678
786430
655358
720896
1114111
851965
589824
1179648
1179645
1179648
1376255
983039
1310718
1441790
1310720
1310717
1245183
1572864
1572861
1441790
1114110
1245183
1179647
1114111
1376254
1441789
1179646
524288
851968
196608
524287
65535
393214
917501
65534
131070
3866623
1441792
-131075
65536
393216
458750
458752
458750
589824
327679
327680
393213
655357
393215
-65538
-65537
589821
983037
786430
524287
720896
1114112
786432
1179645
917504
983038
1114111
1179646
1179645
1048574
1114109
786431
720895
983039
1048573
1114112
1376254
1441792
917503
786432
917503
1245184
1048573
1114110
1441791
1572864
1376254
917504
917502
917503
-524288
983038
3604477
917503
262142
327680
524288
983040
1179648
1310720
917501
720895
983037
1114110
851965
786431
851967
524288
1245182
1114110
983038
1507328
1572864
1441791
1638397
1441792
1507325
1310717
1245181
1179648
1114109
1114109
1114111
983040
1114112
786430
851967
983038
786432
1114110
1507327
1310717
1245183
1245182
1376254
1507328
1245182
1376254
1245184
983038
1179645
983040
327679
-393219
3538942
3276799
-131073
458750
655360
393214
851968
1114111
1245181
983040
720895
786429
851965
1048576
917501
983040
786429
1245181
1507327
1245184
1245182
1572863
1638398
1310720
1507328
1507325
1179647
1376253
917502
-131074
1966080
8454143
4128766
-393217
65533
-2
393213
327679
262143
458751
589824
458749
458749
393215
262143
-524290
-131074
65533
589823
1179648
1966077
1703935
1638399
2228222
2162685
2162685
2293760
1900543
2162688
1769470
2097150
1638397
1310718
1441792
1114112
1114110
1376253
1310717
1114110
983039
786432
786431
655360
655357
589824
589822
655357
393215
655358
786431
786431
851968
917502
1048576
1245183
983037
1245183
917504
1114110
1048575
786430
786431
786432
983039
786431
851966
720895
917502
851967
1048573
1245184
917503
3080192
3604479
524288
327679
589821
786431
917504
851967
720896
917502
589824
655357
589823
589824
458749
0
786430
851968
1179646
1507327
1835008
1114111
1114112
1245182
1179645
1376254
1376253
1114110
1376256
1376255
983038
786429
786431
1179646
1179647
1114111
983038
1245183
1507328
1441791
1245184
1179647
1179646
1048573
524286
720895
1048575
1048573
1048574
1114112
983040
786431
917502
524287
393214
3735549
1703933
-262147
196607
196606
262142
917503
917504
851968
786432
458749
720893
720896
1048575
589822
786430
786432
524288
1114109
1245183
851966
458749
917503
1179647
1179646
983037
917503
1507326
1179645
1179648
1376255
1114112
1245183
1114111
851965
1048575
1507327
1179645
1441792
1310719
983038
983037
851967
1179645
1048575
1048573
1376256
1310718
983039
720895
458752
589823
851967
655358
655359
589822
-3
3735550
2359294
196608
524287
786429
1114111
1114109
983037
1048576
851965
524287
524285
851965
851965
327680
524287
983039
1245183
1245183
1310719
917504
983040
917504
589821
720894
983040
851967
917504
1114112
1048575
1179648
1114112
1179645
1376255
1310720
1245182
983039
786432
983037
720893
851966
983039
1048574
1245182
1310717
1310718
917504
1507327
1114109
851967
917503
589823
1179647
1638399
1245181
1376256
1376256
-65537
1245184
720894
65536
589821
393214
917503
983037
196608
131071
786432
327679
327679
393216
1048573
786430
983040
1179646
589822
983037
1376253
983040
655360
983040
1114110
1179646
1179647
1114109
983037
1048575
851967
917502
917501
1114111
1179646
1179645
983038
983039
851966
720894
655358
1572863
1376255
1245181
1376254
1441790
1441789
1179647
1179646
1245181
1179648
983038
1179647
917501
851968
917503
-589824
2031615
3407869
-65537
131069
589821
589824
589821
786429
655357
720894
524287
393214
262141
-2
262143
131070
65533
65533
-131072
65533
393214
458751
983040
983037
589824
720894
917502
327680
458749
720895
327679
589821
655360
851968
983039
1114110
1114109
917501
720894
786430
917503
983039
720896
524287
720895
786430
917503
983037
786429
1048574
983038
1114109
851967
720896
720893
720894
1376253
1507327
131069
2031614
3866621
2293760
458751
589821
720895
851968
851966
1114110
1441791
1245183
1245184
1376254
1245181
1114110
1179648
983040
983038
1245182
1179647
1572863
1703933
1769471
1638400
1638399
1572862
1769472
1638397
1114112
1179648
917503
655358
917503
1114110
1179648
1114112
1376254
1310717
1310717
1310717
1310720
1376253
1376256
1376254
1245182
983038
1703934
2031613
1769469
1376255
1048575
983039
1048575
983040
1048573
1441789
262144
1114110
4587520
1769470
393215
458751
458749
393215
786431
917502
983038
851966
262141
458752
720896
786429
851968
786432
458749
917501
917502
786430
1048576
1245182
1114110
1179645
917502
589824
1441790
1638397
1376254
1179645
983039
1179646
1245182
1310720
1572863
1441791
1507328
1572863
1900543
1769470
1900542
1703935
1769472
1835008
1900542
1703934
1769470
1638398
1310720
1441792
1179647
1507327
1900541
1638398
1310718
4259840
720893
917501
786432
1048575
1310718
720896
393214
851966
589824
786431
720896
851965
393216
65534
589824
458751
393214
720896
917503
1048575
983040
1114110
1114112
1179645
1441792
1376253
1245182
983040
917504
786429
655359
327677
458750
1048576
851967
1114110
1114109
851965
983037
917501
720894
720895
983039
917501
1179646
655357
720894
1179646
1048573
720895
720893
524287
-65537
3407870
2228223
196606
327680
458751
589824
589824
786431
720893
458752
196606
262141
65535
262141
458752
393215
786432
917504
1048575
1048574
655360
655360
720894
589823
1179645
1245181
1114109
851965
1048575
983037
589822
1114111
786429
851968
917501
983038
1048576
786430
983037
1048576
1048574
1114109
1310720
1245184
1114109
917504
851968
1114110
917501
524285
589824
1376255
655359
1048573
1179646
917503
327679
4194301
1245181
65533
262141
1179647
1310718
1179646
720893
393213
458751
131070
262144
393214
524287
720894
851967
1179647
1245184
1048575
1441791
1179646
983040
1376253
1310720
1376253
1769471
1376256
1638397
1179648
917501
983039
1179647
851968
983038
1245182
1310719
1572863
1376256
1048575
1245182
1310719
1114109
1310720
1507325
1310719
1507327
1310719
1507325
1310717
1245183
1507326
917503
1048574
655360
1048574
1376253
851968
1245181
1310718
-393216
3407871
589822
524285
786429
983039
983038
655357
655358
393214
262141
393216
589822
786429
655359
589821
1179647
851966
851966
655358
524288
458751
655357
917502
1114112
1376254
917504
1114112
786431
917502
983037
1179646
851968
589824
1048576
1048575
917502
917501
917501
917501
851965
1114112
851966
786432
786431
1114111
983038
983039
917503
1114110
1376253
1441791
1376255
1114109
1179648
196607
65536
3670016
2686976
65534
327678
720893
524288
458750
786429
393215
458749
-3
-131073
196608
458750
589824
917503
720893
917504
655357
720896
917504
983038
917504
851968
983037
851968
1179645
1310718
851967
655359
458750
196605
851967
786430
589822
917503
983039
1179645
1048574
655359
1048575
458751
655360
1048575
655360
524288
655360
917502
786431
983039
589822
917502
655359
851968
589823
-524290
2883582
2686976
720895
-196611
131072
327680
786432
851966
1048573
983039
917502
851966
917502
1048575
1114109
1048574
720894
720895
786430
458750
851968
917502
1245184
1376254
1179646
1310718
1376254
1310719
983040
917504
720896
851966
917503
1048576
1245184
917502
1048574
1245182
1048573
1048576
1703935
1507325
983039
1310718
1376256
1310720
1376255
1310718
1376254
983039
458751
524288
589824
786431
786432
786431
393213
1179645
4456448
2031613
393215
720893
917501
1048574
851968
917501
983039
917502
655360
458752
786429
720896
720896
1507327
1376254
983040
1245184
1376255
1769469
1376254
1441790
1769469
1835005
2031613
1376253
1310718
720893
851966
720894
589823
983040
851967
1179646
1245184
1245182
1114111
1376253
1441791
1900543
1966077
1966080
1966077
1769470
1703933
1179645
1245184
1507325
786431
917504
1114112
131070
1310718
5242877
4456448
1179645
786431
983039
983037
1310717
1310718
1507327
1441792
786431
1114110
1310719
1114109
720893
786431
851968
720894
589823
1507328
851968
655360
983038
1179646
983039
983039
1179646
1048575
1179646
1114112
851967
1572861
1310718
1245184
1703934
1638397
1703936
1441790
1245184
786432
-851968
6488064
8716285
262144
-131072
-786433
-3
65534
0
0
-65537
262142
-131072
-131073
262143
-262144
-524290
-720897
-655363
-393217
458752
1179647
1376256
1507326
1441792
1507325
1572861
1376254
1310718
1114110
1441790
1114109
1179645
1048575
1114111
983039
655359
1245183
1376254
1114109
1179648
1441789
1179646
1179647
1179646
1441790
1441789
1179647
1245183
983038
786432
1114110
1048575
917501
786432
917502
1048574
720893
983037
983037
917504
917502
851966
851966
786432
1048576
1048573
1310719
1048574
851968
786429
589821
458751
720896
786432
-524290
3145726
3407870
131072
196605
65535
327678
524287
786430
720893
393213
196606
131069
-3
393215
393213
393216
720893
720894
524287
851965
786430
655360
786429
786430
1179648
1245182
983038
983040
983038
917501
786432
1245181
1048576
1179648
1638399
1310717
1048574
1048576
1245181
1048574
917502
1245181
1310718
1507325
1769471
1376254
1179646
1179648
1114112
983038
983038
851966
655360
983038
917501
851966
851968
1376254
1114112
-262147
3014656
3276799
262143
458751
524286
196608
393216
655360
524288
458750
196605
131072
393216
262142
196606
393216
458751
589824
720895
917501
1114109
983039
786432
786430
851965
851965
1310720
1310720
1441790
1179647
1310718
1048576
983040
1114109
1114111
1245184
1441791
1507328
1245181
1441789
1114112
1114112
1245181
1048573
1310717
1114111
1310719
1114109
1048573
917504
720896
1245182
1114109
1179647
1507328
1441792
1507328
1179646
65533
2818047
4128765
2424830
524285
458751
720895
1048575
1376256
917501
786431
655358
262142
131070
196607
262144
458750
917502
983039
983038
1310717
1245184
1245184
1245184
1441789
1441789
983038
917504
983037
1310717
1310717
1310717
1310718
1376254
1441792
1703933
1245183
1114111
1179646
1179646
1245184
1507328
1048573
983040
1048576
1179646
1245184
1048574
1179647
917504
851966
851965
524287
327677
327678
196606
786429
1048574
1179647
983040
458749
-131074
3604478
2555903
-65536
262142
524285
458751
917504
786431
720896
720895
589822
589821
327677
393216
262142
262141
458751
917504
983038
1376256
1638397
917502
1048573
1245182
983038
1310720
1048576
917503
917501
917504
851967
1048574
1376256
1507328
1376253
1048574
655357
1114109
1245184
1310717
1441791
1114110
1048574
1310719
1179646
1179646
1048573
983037
1245182
1114111
983039
720894
786430
1048576
1507326
1245183
1376254
720896
131069
4521983
2228222
458752
327678
786429
786431
851965
786431
917502
786429
-2
131071
327679
262143
327677
262143
524285
917503
1114112
917501
786429
1114110
1310720
1441789
655359
851966
1376256
1114112
1114111
1114111
786430
851967
1048573
786430
589822
786430
983038
1048575
917504
1114112
1310717
1114112
1114111
1114110
1114112
1179647
1114112
1048575
983037
1048573
851965
720894
917501
851965
851968
851965
720894
720895
196607
-655361
3014654
1769469
-1114114
-655363
-327682
-131074
-3
589821
589822
65533
196606
-1
262143
-1
393215
720893
458749
524285
458752
655358
589821
458751
524285
327679
327679
524286
851968
1179647
786430
589823
720895
786429
917501
851966
917504
1114109
1572864
1507326
1048576
1310719
1179645
1376255
1376254
1376254
1310719
1441789
1507326
1441790
1572864
1572864
1572861
983038
1048576
1245183
1048574
-65536
3866621
2686974
917502
720894
589823
917504
1507325
1376254
1572863
1638399
1310720
1179648
1310717
917504
983040
983037
851968
1048575
1310719
1507326
2031615
1900543
1441789
1310717
1376254
1179646
983038
1114111
1048575
786429
720893
1114110
983040
917503
917503
1114109
1114109
1114112
917502
589822
262144
720894
851966
-917507
4587520
8060926
917503
-1179651
-1114112
-196609
-131075
-262144
196608
196606
458752
917501
327677
262142
65533
-1
1376255
2424832
2883582
2818046
2686976
2686976
2883581
2621437
3145728
2686974
2490367
2228223
2097149
2293757
2031615
1572862
1900542
1966078
2031615
1900542
1966080
2031613
1638398
1966080
1900542
1703934
1900544
2097151
1703935
1507328
1310720
1310717
786432
786432
1048574
786431
1179647
1114111
1441792
1572862
1769469
1638398
1245181
1114112
262142
786431
4390911
1245183
327680
1048575
917501
786430
720896
786429
786432
458750
196606
65534
65535
-65539
196607
327677
458750
393216
589821
1048574
786429
655357
851967
917503
720895
1048574
1114111
1048575
1245182
1048574
917501
1114109
851967
655357
524287
393214
917501
1048573
524287
393213
720893
851968
983039
589821
720895
917503
327679
786430
917504
327680
720896
131072
-589824
1900543
3276799
393216
458752
589823
393215
1048575
1376254
1179645
393214
458749
327679
131071
327679
131070
393215
655360
589823
589821
851965
917504
1114109
720893
786432
851965
917503
983038
1048574
1179645
786432
917504
983037
983038
1245184
1114111
1245181
1114111
983040
1114110
1245183
851968
1114110
1179645
1441789
1507326
1441789
1179645
1507325
1114109
917504
1048574
983040
1310717
1179645
1179645
1310717
851966
393213
3932160
2621437
-1
720895
917504
983040
983040
1179646
1310718
1114110
851966
589822
458749
589824
786430
720895
655357
917502
1179648
851968
851967
1310718
1114109
786432
1245183
1114112
1441789
851968
720896
786429
655360
589821
720895
1114112
458751
983038
720894
589824
917504
917504
786429
983037
917504
1114109
720895
524286
655359
1179646
851965
524285
720896
917502
786431
851966
524288
655358
-720897
2359293
4390911
589822
589822
851967
851968
917501
1310720
1310717
917503
917501
589822
720896
851968
917502
917504
1310720
1441790
1376256
1310720
1441791
1048576
1048573
786432
655359
851966
917503
917503
1310718
1441791
1048576
983039
1507325
1245182
1245183
1179645
1048573
1441791
1376255
1376256
1441791
1310718
1245184
1572862
1703933
1638399
1638398
1441792
1376256
983037
1114112
1179648
983039
1048574
786431
786429
851966
851968
917502
1441789
655357
0
3735549
2031616
65534
-65537
327680
655357
655357
786429
786431
655359
524286
655360
720895
393213
589823
524287
262143
589823
589822
589823
917502
917504
1310718
1048573
786432
786431
393213
1179646
1114109
851965
917501
851967
1048576
1048574
1048574
917502
655358
655358
524286
655358
589824
655360
524286
524286
786429
851965
851967
1310718
1048575
1048574
1310717
1245181
851965
851968
1179647
983037
1310720
1441790
1245184
1048576
1179648
393215
1179645
4521982
1441792
524285
589824
589824
917504
1179647
1245183
589824
524286
458750
524285
917504
983039
720896
917501
917503
1179646
1245184
1441789
1310718
1376253
1048574
786429
1376255
917504
655360
1245184
917502
983037
1048574
1114110
1310719
1245184
1507325
1572861
1507325
1114112
1179648
1441792
1114110
1245181
1114111
1245182
1179645
851968
1048575
983040
917504
786431
655360
851966
1114109
917504
655360
327679
196605
262141
262143
393216
589824
1114110
3538941
262144
-458755
-458753
-131075
131070
65534
-131074
393216
196608
-131073
-196610
-393217
-262146
-2
-65537
-65537
655358
720893
1376255
1048573
983038
917504
983040
1245183
1048576
917501
1310719
1769472
1179647
1048576
851968
1048575
1114109
1441789
1703935
1114111
1048576
1245184
1179645
917504
983040
1114110
1048575
1245183
1245183
1638397
1638399
1245183
1376254
1114112
1245181
1179645
1376254
1441790
851966
-131075
3604479
2949120
262144
262144
655360
786432
1179645
1310717
1441791
1245184
1179645
1048573
1441791
851966
786432
851967
917502
1114112
1310719
1835007
1835005
1441791
983037
851966
1179647
1835008
1376254
1245182
1245184
917503
1179646
1310718
1572863
1572861
1572863
1572863
1703936
1507328
1441789
1900542
1966080
2097150
1966079
1703936
2097152
2228224
2031613
1572861
1376253
1572861
1703935
1507325
1572862
1376255
589821
3997695
3670013
458750
851965
1376253
1310720
1048575
1179646
1048574
524286
327680
393214
589821
589822
327679
851968
524288
393214
327680
655358
1048574
851967
917504
1179646
1310718
1245181
1572864
1638397
1769471
1703933
1703933
1507328
1310718
1310718
1179648
851966
786432
1048574
1179646
1245183
1245181
1245181
1114111
917503
786432
1245181
1376255
1048576
1048573
589822
983037
1310720
1179647
720895
851966
524285
-65536
3538944
2621439
65535
720895
393215
786432
1048573
720896
589824
458750
458751
458752
0
131071
65533
327677
131071
393215
655359
786431
983038
917502
589824
589823
917501
1179645
1048576
1048573
917503
917503
851965
786429
1179647
917503
983040
1245183
1376254
1114111
1114111
917504
1245183
1572862
1638397
1310719
1179645
1048575
1245181
1376253
1048576
1245183
983037
851965
851968
720896
1048576
524288
851966
4521981
2097149
262142
458751
327680
917503
1376253
786429
786429
458749
327679
196605
524285
65536
131072
458750
458751
655359
851965
983040
851967
1310720
1048575
851965
983039
1114110
1310719
1245183
1245184
1441790
1114112
983037
983039
983039
720896
655360
917502
589822
851966
851968
655360
524286
917504
720893
786430
1048573
1114110
917503
589822
720895
1114112
786429
720895
851966
655357
524285
851966
-524290
1507327
4128767
589824
262144
131071
131072
655359
655357
786429
655358
196608
65535
0
327677
393216
393213
655360
524288
524288
655358
458750
589823
786429
655357
524288
851966
1048573
983037
1048574
917502
524288
589823
1114112
1179646
983037
1114110
983039
917502
1048573
655357
786430
786429
851965
786430
983037
983038
917503
786430
917503
1048573
917502
1310720
786432
655358
917502
1048575
-131075
3538942
4194303
1048575
327680
589822
589821
458752
786429
1048575
1048574
1114109
851966
851966
1048575
983038
917501
983037
1179648
1507325
1703935
1638397
1638397
1376253
1048574
1114110
1310718
1376255
1245182
1310718
1245184
1048576
851967
1048575
851967
1245182
1703933
1114112
1245183
1376254
1179647
1310717
1179647
1441791
1048576
1179647
1179648
1245183
1114109
1441791
1245182
1245183
1114111
1376253
65535
2031616
4456448
1114109
327680
655358
655357
589821
917504
1310719
1048574
786432
720894
458752
851966
786432
720893
327680
327678
589822
917502
1048576
1376256
786431
1048574
851968
1179645
851965
851968
1179645
786431
1048576
1376253
1310718
1441789
1376254
1179647
1310718
1245181
1638399
1376254
1441792
1638397
1507325
1048576
1572863
1507327
1179646
1114110
1179645
524286
3670016
4390911
65533
262141
589821
589823
983037
1048573
720895
786430
720896
589822
786430
524286
655360
720895
524286
1048573
1114109
1245184
1310718
1310720
1441791
1179648
1179647
1441789
1179648
1245184
1441791
1048576
1376253
1048575
720893
851968
1441790
1441791
1638398
1179647
917503
1048574
1376253
983038
1048574
1245184
1310717
1245183
1179646
1245183
917504
524288
4456448
2162687
-65538
655359
589821
1048573
1048573
1376255
1245183
1310717
786431
1179646
983040
917503
983038
655358
1114111
1638400
1572861
1572864
1507327
1441789
1245182
1310719
1572862
1310720
1572864
1638400
1441789
1179646
851966
983038
1245183
1572861
1507327
1310719
1572861
1441792
1310717
1245184
1441789
1376256
1572861
1441792
1179645
1245184
983037
851965
983038
327678
786432
4128767
589821
131069
393214
655360
786432
851965
983037
851966
327677
196606
327677
393214
327678
589822
655360
393215
1114110
1376253
1179647
1310719
1179648
983040
1048575
917503
917504
983038
1245184
1310719
1114110
1048576
1048573
1114110
1310717
1245181
1441792
1507325
1376256
1048575
1376256
1376253
1179645
1114110
983039
786431
917502
655357
458750
983037
917502
524288
786431
1048575
1048573
720895
983039
-196610
2228223
3801088
458749
327679
589823
851966
458750
655357
917501
65536
-1
-131073
-3
196607
65536
196607
262144
589822
1310717
1310717
1245183
1179646
983037
655358
720893
1048576
983037
917503
1245183
1179647
1114110
1114112
1245181
1179646
1179645
655358
589822
917501
1114109
1114109
1441789
983039
1114109
1048575
1245182
1245181
720895
1638397
1048576
983040
720893
983039
1048573
1245184
1114112
589822
458752
2293759
3604480
917502
655358
393216
458752
851966
786429
1048576
983040
720895
917504
917504
655359
524286
589822
458752
720896
589821
524288
1048575
393215
851966
524288
589824
851965
983038
1310719
1572862
1179648
983039
1114109
1310718
1114111
655358
720893
1048576
1114110
917502
1179648
1245182
1245183
1376256
1572862
1376255
1376253
1441792
1179646
1048575
1048574
1179648
917503
655358
1245183
1376254
851967
1572861
1179648
-262147
3735551
1835005
196607
655359
786429
655360
720896
851965
393213
786429
327680
196605
589821
458752
524287
720893
1048575
1245182
1245183
1114109
1048575
1638400
1310719
1507326
1245181
1376255
1703934
1114111
720896
851966
851966
983039
917501
1179647
983038
720894
851967
983037
983037
1114110
458749
655360
786431
655357
655360
720896
655360
720894
786431
524286
655358
786432
851966
1245182
983037
524287
1048576
327678
720894
4259840
1900544
196608
458752
655359
851966
786430
1245184
1048575
851966
917501
720893
720895
1179645
786431
524288
589824
720896
786429
720895
524286
262141
786432
262143
917502
983038
1048573
983038
983038
917504
720894
589824
786432
720894
655357
655358
524287
655359
786430
851966
589822
262143
327680
262143
458749
1114110
917501
655357
720893
524288
327678
65535
655357
655357
458751
262143
-327682
3211264
2293759
-65536
-196609
262143
262142
917504
983038
720893
655359
655357
458752
786429
524288
655358
917502
589823
655360
851965
1114111
1179645
1441790
1114109
983040
1572861
1441790
1507328
1638397
1114110
983038
1179646
1048575
983040
786432
983038
1441790
1441791
1376255
1114111
1114111
1638397
1114110
851965
983037
1245181
1441791
1376253
1179648
1245183
1441790
983038
786429
983040
1179646
-131073
3276799
3866621
2097150
917503
1048575
1376253
1441790
1310720
1245183
1245184
1376255
1179646
851967
1245181
1114111
983039
851968
1114112
1245183
1376256
1572863
1572862
1769469
1114109
1441791
1507328
1376256
983037
655357
327678
786429
393216
1048575
983037
983038
851967
851966
1245184
1245181
1048573
917501
1441792
1245184
1572863
1245181
1310719
1179645
1376256
983038
1179648
-65538
917504
4587520
1376256
-327680
65533
524288
589824
786431
851967
524286
524285
589821
720896
786431
458752
196607
458749
983039
983038
1114112
1376254
1245184
983040
1245184
1179647
1114111
1310718
1245181
1310719
1507328
1376254
1310718
1376254
1441790
1572861
1638400
1769470
1769469
1245182
1310719
1048575
1245181
1114111
1572864
1703936
1507325
1310719
1441791
196606
851966
4849663
2097149
196605
655360
589823
983037
983037
917502
851965
589823
786429
458752
655359
786429
589821
393215
393213
851966
1048576
917503
786430
851967
1048573
1114110
983040
983038
917503
851966
1048573
917502
655358
1310717
917501
1048575
1376255
1048575
983039
983037
1310719
1376253
1245184
1114111
983038
1179646
1114112
983038
1310719
-1
2686976
4390910
1900542
196606
655357
524285
983037
524285
983037
1114109
589822
524288
1048574
1179645
1310720
1310719
1245184
1310720
983037
917503
1376254
1572864
1179646
1310717
1376255
1769472
1835007
1703935
1507327
1835006
1900544
1310719
1179645
1310718
1376253
1376256
1245182
983039
720896
1310717
1310720
917502
1572864
1376254
1441792
1376253
1114111
1114111
1376256
1179645
131070
1638399
4063229
262144
589822
524288
786429
983038
1048574
1114112
589822
393214
393216
458750
327678
655359
655359
786429
655358
983037
1114112
1441791
1376254
851967
786432
1048575
1441789
1310719
1376254
1310717
1114112
1179648
720893
1114110
1245183
1245181
1179646
1048576
1114110
851967
1179648
1310717
983039
1179647
1179646
1114111
1310718
1048574
917503
917503
1048576
1376253
983040
1048574
1114111
-3
1769469
4259840
524287
-262144
131072
262144
655359
1048574
851965
720896
917503
786429
589821
393214
262143
131072
393213
524286
458749
655359
720896
917503
1048574
851966
720895
720894
786432
1376254
1376253
851965
1245181
1048573
917503
1114110
851966
851967
720893
983038
655359
1048575
786429
983040
1245184
983037
655358
655360
917502
917503
1245181
786432
786429
1245183
1310719
1376254
1114112
917501
1245183
-327681
2031613
4194302
458752
458752
589823
851965
1048576
720893
458751
720893
851967
655357
720893
983039
655358
1114110
851968
1048576
1179645
1114110
917504
983040
1048576
1114109
917504
1048576
983038
1572861
851967
983037
1048575
655358
1179647
983037
589821
851968
1114112
1048576
1179647
1179647
1245181
983037
1114112
917502
851965
917504
1179647
1310718
1245184
983037
655359
851966
720896
786429
1114109
458752
393214
3801086
1966077
393215
655357
1048573
786432
1048575
1441792
1048576
917502
589822
524286
524285
720895
720896
720895
1048573
1048576
983038
1245182
1048575
1376256
1048573
786431
1048574
1114110
1245183
1376253
1048574
1048576
1179648
983037
851966
655358
917502
786432
1114110
1245184
1048574
1310718
1245182
589822
524285
720894
720896
917501
524288
851965
1179647
655358
327679
524287
262143
393215
983037
720895
-327680
3145726
3014654
-196610
131069
65536
-327680
327677
196606
-131073
-65537
-65538
-65539
131070
-65538
655360
589824
786430
720893
917501
1048576
851966
655357
917501
786431
1179647
851967
655359
458749
851965
917501
655359
655358
917501
1048575
983040
1114110
1507325
1638398
983039
1310719
1114112
1048573
1310720
1376256
1245184
1441789
1638398
1245181
1048576
983037
917501
393214
1245181
4587520
1966077
983039
1179647
851967
786430
1114110
1376253
1245183
1114111
1376256
1048574
1179647
1310717
917502
983038
1114109
983040
1114112
1507327
1572864
1900542
1769470
1376255
1507325
1376255
1114112
1179645
1114110
786431
786429
458750
720895
917503
786432
720895
786432
983040
917504
851967
786432
655359
458752
589821
589821
851965
786432
458749
655357
-851969
2162687
3604479
-131073
-458753
131070
786430
851968
851967
1048573
1048576
1376253
1310717
1245182
786431
786431
983038
786432
720895
1114110
1179647
1638399
1507326
983039
1376254
1441789
1310719
983038
589824
1114110
1179646
1245184
1310717
1310719
1638398
1441789
1703936
1114111
1376255
1376254
1179647
1376253
1376253
1179648
1245183
131071
1048574
4915198
1441792
131071
327678
524288
589824
1048576
786431
851965
720893
720895
1114111
1245182
1048574
1310720
1114110
1245181
1769472
1769471
1441791
1900544
1638398
1310719
1376256
1572864
1179647
851968
1048576
131070
1048576
8388606
5242877
-1
-3
-1
262142
131071
720894
393216
327680
655357
524286
196607
327679
-2
-589825
-524288
458750
917504
1441789
1572863
1310720
1441792
1507326
1376255
1441791
1769471
1441791
1441789
1310717
1376255
1703936
1638397
1114110
1245184
1376254
1376255
1048574
1114110
1638399
1114111
1048575
1048575
393216
655360
851966
720895
917503
1114109
1048575
983038
1310717
1114112
1507328
1507326
1507328
1507325
1179648
786429
1310720
1638397
589823
1966078
5177341
1572861
458751
655359
917502
1048573
851965
458749
-131074
-65536
-3
-65538
262141
262143
917502
786432
589824
589821
851967
983038
1114109
1441791
1048576
1048573
1114110
1245181
1376253
1245183
1638398
1572861
1310719
1048575
1507325
1179647
1376256
1179645
1441790
1572864
1572863
1376253
1245181
1245184
983037
917504
851966
-131074
3276797
2293757
-327681
65533
458750
786432
655358
524285
983039
589823
393213
524286
786431
524285
458751
589822
655359
720893
720895
524285
655358
917504
786429
1179646
1048573
1245181
1507326
1376253
1441789
1310720
1376255
1376256
1638398
1703933
1376255
1048576
1245183
983039
1245182
1376254
1179645
786431
655358
393215
524287
1114109
1179646
720894
-262146
3211263
2293760
-262145
65534
262144
786429
524287
589823
458751
589824
-131072
196606
131071
524285
851965
655357
1376256
917501
983039
1572862
851965
1114112
1245181
1376253
1245184
1310717
1572861
1310717
1048574
917501
1114110
1376253
1179645
1310717
1376256
1441789
1310720
1376256
1441789
1441792
1376255
1441790
1179647
1048576
851967
851968
1245183
-393216
1900544
3276799
262143
-65538
131069
393216
524286
458751
786429
720894
-1
0
-65539
262141
393214
262143
720894
720893
983039
1114112
1114110
917502
1048574
1114111
1114110
1048575
1245181
1179647
1114111
1179646
917502
1114109
1114111
917501
1048575
1376254
983037
851966
917501
1310717
1638400
1114112
1507325
983038
917504
1114112
983040
851965
1638400
655357
458749
3932158
1441790
196607
196608
131070
327678
786431
458749
262144
327678
-1
196606
196605
458752
131070
-65536
-1
524286
393214
-196609
65535
-65537
-458752
131071
65536
-3
262142
393216
458752
720893
524285
262143
393215
327677
327678
589823
524285
524286
655358
1245183
1114111
458751
393216
720895
917503
589821
589823
589821
851966
-720897
1769472
3211264
458751
327677
458751
655358
524288
917501
1114110
1114112
851967
786429
983038
1310719
983038
1310717
1310719
1114112
1638399
1376253
1048573
1638398
1441791
1048574
1507327
1245181
1245183
1245181
1572862
1048574
1310717
983038
1507327
1376254
1376254
1245182
1114111
1441791
1179645
1245184
1441791
1703934
1441792
1703934
720894
393213
4718589
2621438
327678
393215
524288
720894
851965
1310717
1179645
917502
1114110
851966
1376255
1179647
1245182
1179647
851965
1048575
851968
1114109
1638399
1179646
1245181
1638399
1703935
1835006
1769469
1835005
1507325
1179647
1245182
1245184
1376254
1114112
1310719
1507325
1769469
1376253
1835006
2097151
1703935
1769469
1835005
1572861
1507326
1638400
-1
3211262
3932159
393213
589823
851965
655359
1048575
1376256
1441790
1114109
1179646
1114110
1441789
1245183
1376254
1310720
1179647
1245182
983037
1376253
1507325
1179647
1310720
1376253
1441789
1048575
1572861
1507328
851968
1179645
983040
851966
1179645
1245182
1048576
983040
1048574
917503
1048576
1310720
1114112
1114111
1310720
1245184
1572863
1572861
1114111
1441790
65536
2621440
4063230
458749
1114109
655359
524287
589821
917503
851965
655358
655360
393216
524288
524286
720896
655357
524285
1114111
917504
983038
1441792
1179647
1048575
1179648
1114112
1507327
1376254
1310717
720896
1048573
1048574
1245182
1179647
1048574
1245183
1179645
917501
983040
1245183
1245184
1048574
786432
1048576
1245184
1376253
1572863
655357
1048574
393214
720893
4325376
1376255
131072
851968
589823
720893
983038
1179645
917501
786429
524288
458749
589821
655357
720895
1114111
1179646
524286
851967
983038
786430
1114110
524287
589824
786430
327678
983039
917502
720893
655358
983039
917504
851968
720893
851965
786431
851968
983038
983037
917504
1376254
1245184
720893
720893
983039
589821
1048573
1114109
720895
720895
589822
-458754
2883581
2949119
-65537
-2
65534
393216
393216
589824
655357
458752
786429
589823
393216
589821
524285
327679
524287
786432
851968
1114110
917501
851968
983040
720895
720894
1048576
1245181
1376253
1179646
1048576
1179648
1048574
786431
1048573
1179646
1310717
1245181
1245184
1376254
1572862
1048574
983038
1179645
786431
1310717
1179645
1114109
1179645
1114109
1310719
1179646
1048575
1179647
327677
-196608
3145725
3604478
196607
262143
458749
524288
524285
524288
524285
393214
524287
393215
524286
589824
720894
393214
393213
589824
917504
1114111
1179646
1179647
851965
1310717
1441791
1310719
1245181
1048573
1114109
1114109
1114110
1310720
1179646
1179648
1048575
1441789
1441792
1441790
1572863
983039
851967
1048574
1179645
1245183
1048575
1441790
1507328
1048576
1048575
1310717
1245183
1245182
983040
1507325
655360
1048575
4063231
1638399
0
524288
589821
458749
655358
851965
524287
65533
196605
-2
262143
524285
262142
589824
458749
458752
589823
720896
720894
655357
589823
458752
786432
720895
524288
524288
458752
524288
720895
458750
524286
1048574
720894
458752
720895
589822
786429
786432
1048573
983037
983039
1245181
1114111
1114112
786432
851967
917501
786429
655359
917501
-655363
3080192
4390911
1376256
327678
524287
983040
786432
589824
917503
524287
393215
524286
720894
917501
655360
589823
589824
589824
917503
1179647
917502
1179645
983037
1048575
655360
786430
720896
851966
1179647
1310720
1507326
1310718
1703935
1507327
1507326
1900541
1769469
1572861
1376255
1638398
1507325
1572864
1507328
262143
5963773
8716288
1638398
131069
-524291
-983040
-65538
65534
458751
851966
65535
-3
65533
-131072
-262144
0
-3
0
655358
1572861
2228224
2818047
2293760
2162686
2228222
1900542
1835006
1638398
1638400
1900543
1703933
1441792
1769472
1769472
1703934
1900543
1835005
1703933
1769472
1638400
1572863
1441790
1638400
1900543
1572862
1835006
1835007
1966079
2031613
1900542
1703936
1310717
1441792
1245181
1507326
1572862
458750
4587517
2883583
589821
983038
1245184
1179645
1310720
1048575
524285
720895
983038
786432
786430
720896
589822
851965
655357
983037
1048576
851965
1179645
917503
720895
917501
851965
1245183
1114109
1245181
917502
589824
655360
983039
917501
589824
786430
655359
589824
1179648
851967
983040
1245181
1245182
851968
1114112
983040
1048574
1441789
1179647
-65536
3473407
3145727
131069
655357
196605
589822
589822
458752
983037
327678
393216
851966
1114111
720895
655359
786430
983038
1179646
1048573
1245183
1114109
917502
851966
851965
786432
851966
1245181
1179645
1114112
1048575
983040
655360
720894
655358
1114110
1310719
1310718
1507326
1245184
917502
-589824
9633789
1114112
-262147
-720899
-65537
-393217
-196609
-589824
-983041
-524291
-393217
-851969
-589827
-655361
-720898
131071
1507326
1572862
2228221
1835006
1703936
1638398
1769470
1638397
1179647
1376256
1114109
655357
851967
1048576
1179647
1245184
1114110
1245181
851968
851966
983037
983038
983040
983038
917501
851968
589824
589823
655360
1245181
720895
1245182
1245182
1114112
1114111
1179646
1245181
1179648
1376254
393215
1507326
4325374
1310719
262143
720895
851968
786432
786431
851965
589821
262142
-65536
393213
262144
393214
65535
65535
393214
786429
983038
983038
1572862
1441792
983039
1048573
1114112
1245182
1572863
1310718
851967
655359
1245181
1638398
1376254
1245181
1114112
1245182
1245181
1114109
1638399
1966078
1769472
1572862
1769470
1638400
1507325
1769471
1310720
-65539
3080190
3211261
327677
720893
983037
851966
589822
983040
1114109
262142
262144
786429
786431
786430
786431
786430
786431
851965
983040
1048574
1245183
1310717
1310720
1048574
1245181
851967
917502
1114110
1245182
851968
-458753
720894
9633790
3932157
-393216
-524291
-851971
196605
-196610
-327683
-262145
196607
65536
-262145
-1
-262147
-983040
-917506
-1179649
-589825
524285
917503
1507326
1703933
1638400
1703936
1507328
1441790
1638400
1638400
1703934
1507326
1572864
1376253
1179648
1376254
1441790
1114111
983040
720896
917502
983039
1179646
1245184
917503
1114111
1310720
1441789
1245183
1114111
720895
1245181
1048575
655360
1048575
917502
1048576
1048576
1114111
1179645
917503
917502
1048573
851966
1376253
983038
1048575
1179648
1179646
1179647
393214
851965
4259837
3473407
655357
196608
-65538
720893
327679
65535
131072
65533
131069
0
-131072
131071
1114109
720893
720895
786432
1114109
1310719
1441791
1441789
1441791
1376256
1441790
1179646
1179645
1376255
1048575
1114109
1048575
589824
786431
1114109
1114109
1376254
-65538
393215
4849662
10092544
1572862
-458755
-262144
131071
262144
327677
65536
196607
-524290
-720898
-65539
-524288
-720899
-917506
-720896
-393216
393215
1441791
1507327
1507327
1507326
1835006
1966078
2031614
1900543
1507325
1507325
1441789
1507326
1310717
1507328
1376254
1114112
1048574
1114110
1114109
917502
1572861
1376256
1048573
1114110
1376256
1310720
1245181
1114109
1441789
1179645
983039
458752
524287
720896
589822
524287
589823
720896
786430
196607
393216
-65539
-65536
524287
-458755
327678
3407871
983040
-3
0
393215
393213
655360
393215
393214
393214
589822
655360
655360
589824
393213
393215
393215
851967
786431
983039
1245184
1179648
1376255
1703935
1572861
1507326
1245183
1310717
983039
589822
720895
589824
655358
1114112
1114110
1376254
1310717
1572864
1703936
1703935
1441789
1114110
983037
1245183
1179645
1179646
-458753
2162687
3473407
524285
262142
327678
393213
851967
720893
983040
655359
458751
393213
983038
1310720
589821
851967
1376253
1310717
1048575
1245183
1376253
1376255
1376255
1376254
1245182
1310717
1245181
1376255
1376255
655357
786430
1114112
1179645
1114112
1114111
1245182
1179648
1507325
1376255
1114110
1179648
983040
917501
1179646
1638398
131071
1245183
4718589
3014656
-2
655360
851965
1048576
1310718
1245181
1310720
1310720
917503
1441789
1507327
1114111
1179646
1310717
1310719
1376256
1572864
1769471
1638399
1835005
1835006
1769471
1245183
1245184
1507325
1310719
1376254
1376253
1048576
983040
1507328
983040
917501
1376256
1179645
720895
589824
917501
1245182
1114112
983039
983040
-393216
2490368
3670013
196605
589824
589822
524286
655358
917504
983040
917503
983040
983039
917501
851965
983039
983038
1114111
1507325
1310718
1179647
1376253
1376254
1769470
1310719
851966
851967
720896
1245183
1441791
1376253
1245182
1048574
1179645
1245184
1310720
1441791
1441790
1376253
1572861
1310720
1376254
1114111
1048575
1048575
1179646
1441789
983040
851965
1441792
458752
720895
4653054
2031616
327678
1310720
917504
1245181
1572863
1179648
1048576
1114109
917503
524286
720895
1835008
1310719
917502
786429
983039
1441792
1376253
1310718
1114110
1114111
1507328
1572861
1179645
1507325
1048573
917503
983037
1048574
786430
524287
655357
786430
851966
851965
917502
720896
720896
720893
655358
917503
1048574
1048573
1507328
983037
851968
720895
655359
917504
786432
720893
458749
786430
1048575
524285
589824
1114112
1048574
851967
1048575
393214
458751
3801088
1376254
131069
720896
393213
393213
720896
917502
983038
327677
131070
393213
327680
65536
65536
393215
393214
720895
851966
983040
655358
393214
851967
720895
720896
917503
1048575
1179645
917504
983037
917504
720895
393214
524286
786430
851967
655360
589821
655357
589824
720895
655359
851967
1310717
1441789
917501
1048576
1310718
1310720
1048575
917503
786429
720895
524287
589824
786432
917502
655358
655358
786430
1114110
1048573
1179645
327679
-2
3538942
3407870
131072
983037
983037
917503
1179646
1179648
1245184
917501
983040
786429
720895
786430
786432
917502
917503
983039
983040
1048574
655357
327680
327677
786432
786430
720895
983038
983039
983038
1114110
917501
851966
851965
917503
917504
851968
589822
589823
1441791
1310719
1310717
1245184
1376253
1572861
1572863
1572864
1179645
1310719
1376256
1114111
1114110
1114109
983037
1048575
1048575
1179648
524287
720896
1572862
983038
851966
917504
720894
-2
3473408
2686975
-131075
589822
589821
720896
851965
983037
851966
524285
393215
524285
262141
851965