983043
655360
1114112
1835011
1441795
65539
-917502
-983040
-917504
-983037
-1179648
-1114112
-1179647
-1572863
-131071
10027008
458753
-4849662
-1703936
-720896
-589824
0
-327680
-196607
-65533
393216
524291
458753
655362
0
-786429
-917502
-1310717
-1900544
-2162688
-3080189
-3997695
-3801088
-4128765
-4128768
-4259840
-4325374
-4456446
-4521983
-4587517
-4587517
-4587519
-4587519
-4325376
-3473407
-3014654
-3276798
-4194304
-4915200
-5046272
-5111806
-5242877
-5111805
-4980734
-3670015
-5701632
2359299
4390915
-6750205
-5177343
-3735549
-3211261
-3014653
-3014655
-2949118
-2424832
-2490368
-2162688
-1638399
-983039
-524288
-524286
-720896
-1310719
-1638397
-1638400
-1835007
-2097150
-2228223
-2031615
-1703936
-1507328
-1572864
-1507326
-1769472
-2228222
-2097152
-2228224
-2293760
-2555902
-2293760
-2293760
-2359296
-2490365
-2162687
-2490367
-2883581
-2555903
-2162685
-2359295
-2097149
-3342335
6881282
3801089
-5308413
-3211261
-2097149
-1835008
-1703934
-1572862
-1835005
-1703936
-1572864
-1507326
-1310718
-1245183
-720896
-524288
-983040
-1376253
-1703936
-2097149
-2162685
-2490367
-2818045
-2490365
-2555902
-2228223
-2031616
-2097149
-2031615
-1900543
-1769469
-1638400
-1703934
-1638397
-1638399
-1310720
-983040
-196608
327681
-262143
-917504
-1769469
-1769472
-1638400
-1900544
-2031613
-1703934
-1966078
-1769469
-3407871
6160384
5832704
-4784125
-3276799
-2031613
-1638400
-1900542
-1441789
-1179645
-1179646
-1048575
-720893
-589824
-458751
262145
196610
-262143
-524285
-655359
-786430
-1114110
-1048575
-1179648
-1769469
-1245182
-1310718
-1638400
-1769469
-1703933
-1703933
-1769471
-1703934
-1703933
-1441792
-1179647
-262143
65537
-524285
-1507327
-2621440
-2490368
-2424831
-2555901
-2490368
-2686976
-2228223
-2949118
-2031616
8454147
-458751
-6553598
-3997696
-2949117
-3276799
-3473406
-3014656
-2752512
-3080189
-2949117
-2162688
-1900542
-1507327
-1572861
-1835005
-2162686
-2555904
-3276799
-3538944
-4194303
-3997694
-3801087
-4063232
-4063232
-4128766
-4259840
-4390909
-4063232
-3735549
-3670014
-3866624
-3866624
-3670015
-2949120
-2228224
-1900542
-2752510
-3473406
-4128765
-4456445
-4194301
-3997694
-4194304
-3801087
-3211264
-5046271
524288
6881281
-4587518
-5242879
-3735549
-2949117
-1835007
-1638397
-1376256
-786429
-196608
-65535
524289
131075
-327678
-393216
-786432
-983037
-983037
-1376254
-1507325
-1310718
-1376253
-1638398
-1638399
-1572861
-2031616
-2031616
-2162685
-1966080
-2228222
-2424832
-2228223
-2097151
-1245184
-393215
-262144
-1245182
-1966079
-2293757
-2228221
-2293759
-2490368
-2555903
-2293758
-2097152
-2818048
-1114112
8126464
-1310720
-5570560
-2883582
-2293759
-2097151
-1769469
-1835006
-1245181
-983038
-589824
-393215
-327679
-917504
-1245182
-1835008
-2162686
-2490367
-2818046
-2490367
-2621439
-2818047
-2490368
-2621440
-2752510
-2686975
-2686975
-2818045
-2293759
-2097149
-1507328
-327680
-196606
-983039
-1572862
-2228222
-2359296
-2293759
-2097152
-1769471
-1572862
-2818047
0
-2228221
-1638400
-1179645
-1245182
-917502
-983038
-786431
-458749
196608
720897
786435
655363
458754
65536
-327677
-393213
-393213
-655359
-983039
-786430
-589821
-983040
-1114110
-1376256
-1179647
-1245184
-1441791
-1376256
-1441791
-1638398
-1376253
-393214
65537
-589824
-1245183
-2031616
-2949119
-3145726
-2949119
-2883584
-2424832
-3866624
4194307
-6488063
-4653054
-3670016
-3473408
-3014655
-2686975
-2621439
-2686976
-1900543
-1376253
-1048573
-983038
-1179647
-1572862
-2097152
-2686973
-2818047
-2949118
-3276799
-3276799
-3211262
-3211262
-3145725
-3211262
-3276798
-3211262
-3407870
-3342334
-3211264
-2555904
-2031615
-1835006
-2424829
-3407870
-4063230
-4390910
-4128768
-4128765
-4128768
-3866623
-3932160
-4915198
-1900542
-7143421
-4849661
-3538943
-3604477
-3538941
-2949120
-2752512
-2359296
-2228221
-2097152
-1835008
-1310720
-1179648
-983037
-1507327
-1703933
-2228221
-2621438
-2752512
-2555904
-2097149
-1900543
-1769472
-1966080
-2031616
-2031615
-2097150
-1835007
-2031614
-2097151
-1835006
-1703935
-1769471
-1376254
-327678
262147
-458750
-1048576
-1507326
-1638397
-1572862
-1638399
-1376256
-1310720
-1310717
-1638400
-1507325
8519682
1835008
-4325375
-1572863
-1114110
-1048576
-851968
-262143
131073
196611
196611
524291
1114115
1441794
1638400
1703937
1245185
655362
327682
-65533
-524288
-393213
-524285
-655359
-589821
-720893
-786431
-917504
-1114112
-983038
-917501
-1114112
-1114112
-1245184
-1245184
-1179645
-1048573
-524285
65539
589825
131072
-393213
-1179647
-1376256
-1179645
-1376254
-1114110
-786430
-262142
-131069
-1441789
7733251
8257537
-2359294
-851967
458755
786432
1048578
1441794
1441795
2359298
2621441
2883585
3080193
2424834
2490368
2293762
1835009
1179650
1310720
1310722
851968
655362
524289
524289
655361
589825
458753
131073
3
196608
393219
1245186
1900546
1179648
-196605
-655358
-917501
-1179647
-1048574
-917502
-1114112
-1114112
7143427
9043968
-4063232
-2883582
-1310717
-983038
-851966
-655360
-655359
-917501
-786430
-131069
262146
589827
786433
720897
65537
-131072
-327679
-851968
-1048575
-983040
-1245183
-1376254
-1179648
-1376253
-1572863
-1835005
-1572861
-1835008
-1835005
-2359295
-2031613
-1703934
-1048574
-1441791
-2424832
-3276797
-4390912
-4653055
-4653053
-4718591
-4849661
-4718589
-4194303
-5570557
-2621437
6684673
-5177343
-8847359
-6553600
-5767168
-5963776
-5373951
-4980733
-5373949
-5963776
-5898238
-5701629
-4915199
-4325373
-4521984
-4653056
-4980733
-5570560
-5767166
-5701630
-5898239
-5963773
-5767165
-5439486
-5636093
-5636093
-5767167
-5570557
-5505022
-5570557
-5177344
-4718590
-3604479
-3080189
-3276797
-3604480
-4194303
-4587520
-4390909
-4587517
-4521981
-4325376
-4063230
-3473408
-4521984
-589823
7208963
-3342336
-5242880
-3211263
-2228224
-2162687
-1703935
-1245184
-1179648
-851965
-524288
3
458753
983041
1441793
1179648
851968
458755
-131071
-131072
-262141
-720896
-589823
-655359
-458751
-327677
-458752
-196607
-262141
-196605
-131070
-65534
-65535
131073
589826
1179650
2162689
2097152
1048579
-327678
-131069
-393216
-262141
196608
393217
655360
-1179647
5767170
10289153
2818048
-4128767
-1441789
-458750
-458749
-65535
65538
458754
655360
1048579
1703936
2228225
2424833
2490371
2555906
2490369
2031619
1835010
1507330
1507331
1179650
917505
917506
1245185
1310722
1048577
1114115
1245185
1376256
1245187
1441792
1507329
2162690
2883584
1769473
1048577
851969
655361
589825
393219
589824
1114112
1638401
-458752
4784131
10682369
-851967
-196606
851971
983041
1179651
1507329
1835008
1769472
2162689
2621442
2883586
3407873
3670016
3080193
2818049
2621443
2293760
1900544
1769473
1441794
1245184
786432
1376259
1048579
917507
786435
655363
851970
589825
851971
1703936
2097153
983042
-327678
-983038
-1507328
-1376255
-1507327
-1376255
-1179645
-2490368
9437186
5636096
-6815741
-3342334
-1966079
-1835006
-1376255
-1507325
-1572862
-1572861
-1179648
-655360
1
327680
720896
786432
-65535
-720893
-1179648
-1572864
-2097151
-2031615
-1966080
-2424830
-2162688
-2097152
-2490367
-2490365
-2228224
-2228224
-2359293
-2490365
-1703936
-1179645
-786430
-1310720
-2621440
-3801085
-4128766
-4194304
-3866623
-3932158
-3997693
-3735551
-4194304
6291457
6422531
-6946815
-7340029
-4653056
-3997694
-3604479
-3211264
-3014653
-2818045
-2686974
-2228221
-1638398
-1376253
-851967
-786429
-1310717
-1769471
-2359296
-3014653
-3670015
-3866624
-3670015
-3538944
-3473407
-3276800
-3145728
-3407870
-3407870
-3342336
-3473405
-3145728
-2162686
-1441791
-1376256
-2097149
-3342336
-3997696
-3997693
-4128765
-4194301
-3997695
-3538943
-4390911
4390913
1572866
-7667711
-4784126
-3473408
-3342333
-3276800
-2883583
-2359295
-2228221
-2359293
-1572864
-458749
-65535
-65535
-458751
-1179645
-1441792
-1966077
-2228221
-2555901
-2359296
-2359293
-2228223
-2031614
-1966077
-2031615
-2097151
-2162687
-1900543
-2031613
-1769472
-1638397
-851967
-196606
-131069
-786430
-1769469
-2162687
-2097150
-1966079
-1900543
-1507325
-1179647
-2293760
1245187
8847360
-1900542
-4063230
-1638400
-983039
-983038
-720895
-327679
-196607
-131069
458753
983040
1376259
1900544
1900547
1638403
1179651
917505
851968
262144
-262144
-65535
-196608
-65536
-131071
-131070
65536
-131069
131075
65536
-262142
0
-131071
-393215
720897
1638403
1179650
131073
-720895
-589822
-786430
-851965
-655357
-262142
-1179646
2555904
10289153
-65536
-2621440
-786432
-196608
65538
262147
327683
393219
458753
655362
983041
1507331
1966083
2097155
2031617
1441794
1441792
1114112
851968
524291
327681
131074
65536
65536
131074
-262143
-458749
-393213
-458749
-655360
-720893
-524288
-327680
-262142
131075
589825
393217
-393215
-1572863
-2097150
-2424829
-2359293
-2359295
-2490366
-2162688
-4194304
3735555
6488064
-5963774
-5439486
-3801087
-3342334
-3604477
-3604478
-3342335
-3407869
-3473405
-3080192
-2949117
-2490365
-2490365
-2228224
-2555904
-2818048
-3145725
-3932157
-4259839
-4456445
-4718592
-4980733
-4980733
-5373950
-5373952
-5570560
-6094846
-6029310
-6029310
-6029311
-5898239
-6225920
-6356989
-5832704
-4784127
-4521981
-5373950
-6029311
-6750208
-7012352
-7208960
-7208957
-7274494
-7012350
-6684672
-6553600
-7077885
2818051
-720895
-9699325
-7274493
-6160383
-5505024
-4915199
-4718589
-4390909
-3997694
-3932157
-3211263
-2621437
-2097149
-1638398
-1572861
-2097149
-2031614
-2359293
-2424830
-2621438
-2752511
-2621438
-2162686
-1966079
-1703936
-1572863
-1441790
-1376256
-1441791
-1310717
-1310718
-720895
-524288
-983037
-851968
-458751
-196606
1114114
1507328
524288
-196608
-524285
-524288
-589824
-458751
-393216
-262141
-196607
-327679
-1703935
8781824
5636096
-3997694
-1310719
65538
0
131072
262145
458754
851968
1114114
1507328
1966081
2686979
2883585
3014656
2686977
2359296
2031617
1900545
1703939
1179650
1310721
1114115
1245185
1703938
1638403
1507329
1310720
1245186
1179650
1245186
1507330
1638402
1769474
3211266
2883586
2359297
1638403
1376258
1179651
1179650
1310721
1245184
1572864
1900545
10092544
9502720
-1507327
131075
1572865
1638401
2162688
2490369
2424833
2359296
2621441
2949120
3604480
3670016
3997696
3211267
3014658
2752512
2031619
1835010
1703937
1507330
1310722
1048578
655363
655361
786434
786433
458753
851968
1048576
1048579
1835008
2293761
1900545
786435
-131070
-524286
-851966
-917501
-917503
-589824
-524285
-524288
-2490365
7471106
5701634
-5242877
-3080192
-2031615
-1572861
-1310720
-1048574
-327677
-262142
-196605
524291
786432
1310720
1179650
851968
-393215
-786429
-589824
-655358
-1179646
-1179646
-1179646
-1245182
-1703935
-1900544
-1900541
-2097151
-1769471
-1703933
-1441789
-393214
524288
131072
-786431
-1507326
-1703935
-2097151
-2031614
-1638399
-1638397
-2424832
-3014653
6619136
6356992
-4980734
-3473406
-1900543
-1572862
-1179645
-917504
-1048576
-983038
-524285
-262143
196611
917505
983042
1245184
720897
196609
131072
-524288
-983037
-1376256
-1638398
-1703934
-1572862
-1310717
-1310719
-1703933
-1835008
-1703936
-1966079
-1900543
-2031613
-2228223
-1769470
-1245184
-1048573
-327679
-851965
-1638399
-2162686
-2555901
-2490368
-2490365
-2490368
-1835006
-1572862
-655358
5439490
5898242
-4980736
-3342335
-2228223
-1835007
-1507325
-1245182
-983040
-786430
-393216
-327679
262147
524291
917505
655362
131073
-196605
-1245184
-1376254
-1376253
-1376255
-1507326
-1507325
-1572862
-1703933
-1703934
-1900541
-1835005
-1900544
-1638400
-983039
-65536
-524288
-1966078
-2752512
-3211262
-3473408
-3145728
-2949119
-4784127
1638400
7077888
-5963773
-6225917
-4980734
-3866622
-3866624
-3866623
-3735549
-3604478
-3932157
-3211264
-3080189
-2490366
-2293760
-2424829
-2555904
-2949120
-3211261
-3604477
-4128767
-4456448
-4653055
-4784128
-4587520
-4653054
-4980736
-4980734
-5046272
-5111808
-5242877
-5373952
-5373951
-4521983
-3473405
-3145728
-3735550
-4915197
-5308416
-5439486
-5505023
-5505023
-5373950
-4718591
-4587518
-6094847
-851965
-6291454
-8454143
-4915197
-4849661
-4718589
-4390909
-3932158
-3866622
-3276800
-2490368
-2162687
-2031614
-1966079
-2359296
-2949119
-3211263
-3276800
-3407871
-3670015
-3670015
-3538941
-3342333
-3080190
-3342336
-3145726
-3145728
-2949120
-2621440
-2752509
-2621437
-2228221
-851967
-65535
-720895
-1441789
-1966080
-2359293
-2293757
-2293758
-2293757
-1769472
-1572863
-1310718
-983040
1507329
-4980736
-1441790
-262142
-327678
262145
589826
851969
1048578
1114115
1703938
2293763
3080192
3145729
3014659
2162688
1638401
1114115
786434
655360
655362
655363
524288
655361
786435
786435
786435
851971
655360
720896
786433
1638401
2293762
2359298
1900544
1048577
196610
-262143
-458751
-262144
-393215
-196606
131075
-786431
1376259
7077891
6356995
-3866622
-1441791
-131071
0
262147
720897
851969
1310721
1441793
2031619
2621442
2883585
2686978
2359296
1835009
1310721
983041
851969
393218
327680
393216
262144
720896
589827
327681
393216
262145
262145
589827
1572865
1703939
1441793
589827
262147
-262141
-262143
-655357
-524287
-524286
327683
-2031614
7667713
-2949120
-3407871
-917504
131072
-131071
-131069
524289
524288
589824
851970
1507331
1835011
2228225
2293760
2097154
1638400
1310723
720896
393218
589827
589825
262146
196611
196611
262146
196611
65539
262144
1179648
1638403
1769474
720898
-327679
-851968
-786432
-851968
-851968
-655360
-393213
-2490366
5308417
8781824
-3801087
-3145726
-1507328
-983040
-720894
-589824
-393216
-458749
-524285
-524285
3
720896
393216
458752
196610
327682
-65536
-786430
-917504
-1114109
-1376253
-1245183
-1703935
-1638397
-1769472
-2031615
-1900543
-2097149
-2162686
-2293758
-1769469
-1310719
-917501
-1114112
-2228224
-3604477
-4128767
-4521982
-4718592
-4653054
-4456448
-4653053
-4915200
-5963774
2162689
3801089
-7077888
-5832702
-5373949
-5177344
-5373951
-5111805
-4784128
-4653055
-4718589
-4653054
-4194304
-3801088
-3932157
-4194302
-4521982
-4915198
-5308415
-5505022
-5832704
-5767168
-5439486
-5373952
-5505022
-5111806
-5439487
-5505024
-5505022
-5373952
-5308414
-5373951
-4718590
-3735549
-2752510
-3211264
-3735551
-4390910
-4784128
-4980734
-4784128
-4587517
-4194301
-3670014
-4849663
4325379
2490368
-4063230
-6356989
-3735550
-2555901
-2424831
-2228222
-1900544
-1245183
-720893
-327680
196611
851971
1245187
1441792
1507328
720897
524289
393216
65536
-262141
-524287
-458750
-262143
-327680
-262141
-131070
-262143
-131070
-131070
-65536
524291
1179648
1900545
1245187
524290
196610
-327677
-196606
-131071
-458749
-589821
-131069
262145
-1769472
4653056
10092546
-1507325
-3211261
-589823
65538
196611
458754
524291
786435
1048577
1114112
1441794
1835011
2228225
2424832
2293761
1769474
1572865
1245187
983041
524289
327683
65537
-131070
-65535
-131072
-131070
1
-196607
-65534
3
65536
-131072
-65534
589824
1310721
1769472
1376259
524291
-65535
-262143
-393214
-524285
-458749
-196608
65539
327683
-1048575
9175041
6946816
-2818047
-786430
-262144
262144
458755
983040
917507
1179648
1245185
1245185
1703939
1376257
1769474
1966083
1376257
1114115
1048577
917505
393218
131075
65537
393218
458753
65537
65539
262145
131072
-393215
65536
196611
983041
1703937
1900546
786433
65536
-851968
-851965
-524288
-589821
-589823
-327677
-65536
-2162685
6488067
10354690
-4063232
-3670014
-1638399
-983039
-720895
-589824
-655358
-917503
-786429
-393214
196611
786435
786433
917505
393216
-589824
-983038
-1572862
-1900541
-1966079
-2228224
-2228223
-1966080
-1966080
-2424830
-2686973
-2818048
-2752512
-2490367
-2883581
-2424829
-1769470
-1048575
-1048575
-1703935
-3014653
-3407870
-3997693
-3932160
-3538943
-3604477
-3211262
-3407869
-1769469
4325377
4784128
-7667710
-5242878
-3801085
-3407872
-3276797
-2883583
-3014653
-2686975
-2359295
-1966077
-1572864
-1048574
-458751
-524286
-983039
-1441792
-2359295
-2883581
-2883581
-3145726
-2949119
-3080192
-2883581
-2686974
-2752512
-2686974
-2555902
-2818047
-2359295
-2555902
-2424832
-1245181
-458749
0
-720895
-1441791
-2752512
-2686976
-2752512
-2424831
-2555903
-2359293
-1769470
-3211263
5505024
4456448
-5963773
-3407870
-2490365
-1441792
-1638398
-1310719
-1048575
-589822
-458751
-262141
262147
983041
1048578
1310720
1114115
262147
1
-393214
-983038
-1245183
-1245184
-1310719
-1441791
-1310718
-1048576
-1245184
-1310720
-1376255
-1507328
-786431
589824
65536
196608
1114113
1441794
1179650
-327680
-1572864
-1900543
-1966077
-2097149
-1966079
-2097149
-2162687
-1835008
-3473405
5242880
3276801
-6291455
-3670016
-2752510
-2686976
-2555904
-2228221
-1966079
-1835005
-1376256
-1114109
-327680
458755
851968
851968
131073
-327677
-327679
-851965
-1507325
-2162685
-2555902
-2686975
-2686976
-2621439
-2621438
-2818046
-2949119
-3014655
-3080192
-3276798
-3473405
-3604477
-3407870
-2883582
-1900544
-1835008
-2883583
-3670015
-4456448
-4784125
-4718592
-4784127
-5046269
-4718592
-4456448
-5111808
-4587517
5505027
-2228221
-8323069
-6094846
-5111808
-5373950
-4980736
-4784126
-4784128
-4784127
-4325376
-4063230
-3604477
-3670013
-3080191
-3342334
-3670016
-3735550
-4063231
-4128767
-4456448
-4980734
-4980735
-5177343
-4653053
-4718589
-4915199
-4980735
-5177343
-4849664
-3866622
-2555902
-2162686
-2031613
-3735551
-4784126
-5111808
-5046269
-4849664
-4849664
-4325374
-3997694
-5505024
-393215
5570561
1572865
-7602176
-4653056
-3342335
-3145725
-2686974
-2424829
-2097152
-1900541
-1507327
-983038
-524287
-196607
262145
1
-131072
-589822
-786430
-1179646
-1507328
-1572863
-1179648
-1114110
-1114110
-917502
-1114111
-1114110
-655357
524288
1441795
1179648
-655360
-1835006
-1638398
-1703933
-1703934
-1507327
-983040
-2359295
2097155
8060928
-2818046
-3276798
-1310718
-327679
-458750
-196605
327680
327682
655362
1114113
1769473
2752513
3014659
3276802
3145731
2883584
2490371
2228225
2031617
1507331
1507328
1179651
1638401
1900544
1703937
1638400
1703938
1638400
1638401
2228224
2818050
3866625
3997696
2752514
917506
786433
393217
327680
393218
720898
720898
-589823
2686978
8257538
6684672
-2818046
-524287
786432
983043
1048576
1310722
1507329
1507330
1966082
2686977
2883585
3342337
3670019
3670016
3080193
2686978
2424835
2162688
1507328
1048577
917505
1114112
917507
917507
655361
393219
524288
524288
983043
2883584
2555906
458754
-589823
-524287
-655360
-917503
-589821
-393216
-327677
-917503
1310723
9830401
393219
-3014655
-589821
65538
-262141
262146
524289
589827
983042
917507
1310722
1966081
2293762
2490369
1900544
1638402
1507331
1179650
786433
3
-65534
65537
0
0
-327677
1
-393215
-655357
131075
720896
1572864
2031619
1048576
-917501
-1245181
-1507325
-1703933
-1179648
-1114112
-1572862
-2818048
4456450
-4849661
-3801086
-2031614
-1572861
-1638399
-1245184
-1048574
-851965
-851966
327682
393219
65539
-327677
-917501
-1441790
-1769470
-1900542
-2097150
-2097151
-2162686
-1835007
-1835005
-1966079
-2162685
-2162687
-1900542
-1179645
-262141
196609
-3211261
-3473405
-3538941
-3211264
-3538944
-3604477
-3473405
-2883584
-4325375
4325376
-6881279
-4128765
-2752509
-2162688
-2162686
-1900543
-1572861
-1507326
-1376254
-262144
393217
393219
65537
-393215
-458752
-1179645
-1703935
-1966079
-2031613
-1900543
-1769471
-1638397
-1638398
-1769469
-1769469
-1507326
-458751
393217
720896
-458750
-2359293
-2818046
-2818048
-3145725
-3276800
-3211262
-2686976
-3932158
-3932158
5373954
2031619
-6750207
-3866624
-2424832
-2555901
-2031614
-1835007
-1638398
-1310717
-1179646
-720895
-458752
196611
458752
-196606
-1179648
-1769469
-1900544
-2359295
-2228221
-2293759
-2228222
-2228221
-2097151
-786429
-393214
-196607
-1769470
-3342336
-3473406
-3342335
-3407870
-3014656
-3080190
-3145725
-2949120
6356993
-262141
-5898240
-3473405
-2424832
-2162687
-1835008
-1507327
-1310719
-1048574
-917502
-327678
524289
851968
1245185
786434
393219
3
-262143
-262144
-720895
-786431
-655359
-786430
-786432
-917501
-1048575
-1048574
-131070
983043
983040
393219
-1638398
-2162685
-2490365
-2621439
-2293760
-2359293
-2424831
-1835007
-3866624
1703938
6225923
-4390909
-4390911
-2490367
-1900541
-1900544
-1441792
-1114111
-1245183
-1114111
-851966
-458751
-196606
196608
327683
-327678
-720895
-983038
-1507327
-1966078
-2424830
-2752510
-3014653
-3145727
-3407872
-3932160
-4128766
-3932160
-3014654
-2490367
-2949120
-4653056
-6225917
-6684670
-7274495
-7471103
-7929855
-7536640
-7536639
-7798782
-9502718
-196607
-3407871
-10682365
-9633792
-9502717
-9764864
-9895936
-9764864
-9633792
-9568254
-9175037
-9043967
-9633789
-10027005
-10092543
-10813440
-11010046
-11206653
-11403264
-11468800
-11468798
-11075582
-11010048
-10747901
-10158077
-7929855
-7405568
-8519677
-10092543
-10158080
-10158079
-10092544
-9502717
-9109501
-8585213
-7602175
-9502718
-1179647
2097152
-10354687
-8716288
-6750206
-6094845
-5439486
-4718589
-4063229
-3604479
-3342334
-1507327
-589823
-131071
131073
3
131072
131075
-131069
-131070
2
131075
327682
720898
1245185
1310722
1507328
1769472
1835009
2031618
2883584
3932163
4784128
4390915
2621443
1966082
2031616
2162689
2228226
2490369
3080193
3342338
2490369
4980737
13041664
3670016
786434
3407874
4390913
4456451
4718593
4849665
5242882
5832704
6029315
6619137
7208962
7667713
7929859
7733251
7340032
6684675
6422528
6160385
5898240
5505027
5570560
5570561
5570560
5505025
5242881
5373953
5242881
5177344
5111811
6160384
7012354
7340033
6094851
4980738
4128768
3801088
3604480
3342339
3407875
3276802
3473411
1572865
9109506
10158083
-393215
1376256
2097153
2752513
2818051
3014657
3145729
3604483
3735555
3932160
4259843
4915203
5373954
5177347
5046274
4521985
3538945
3276800
2883587
2228224
2097155
2293760
2228224
2162688
2162689
1769472
1638401
1572864
1769474
1638402
2162691
3473411
3997696
3735552
1835011
589825
524290
458754
393219
524289
655363
589827
655363
262144
9895937
3997696
-2555902
196609
1245186
1179649
1376259
1310723
1245184
1703937
1703937
1900544
2162689
2883584
3145730
2686979
2228227
2097152
1638403
1441794
589824
458752
589827
393217
65537
-131071
-327679
-131072
-393213
-458749
983042
1376258
1835008
1310723
-720895
-1638397
-1769472
-2031614
-2031614
-1966079
-1769471
-1507325
-2818046
1507331
9109507
-2818046
-4980733
-2883582
-1966077
-1703934
-1376256
-1310720
-1376253
-589823
-131070
131074
524288
-196605
-720896
-983040
-1507325
-2031616
-2162686
-1900541
-1769469
-1769469
-2031615
-2424830
-2293758
-1966079
-2162687
-1966079
-917503
3
2
-1441789
-3080192
-3407871
-3473405
-3538944
-3670015
-3276799
-3407870
-3342333
-3342336
6684675
196609
-6881280
-4194304
-3145727
-3014654
-2883581
-2686975
-2359296
-2097152
-2228222
-1703936
-1179646
-720896
-196605
-393216
-655359
-1048575
-1310718
-1572864
-1835008
-1703935
-1572861
-1310719
-1376254
-1441792
-1441789
-1376255
-1441791
-1507326
-1376254
-1507326
-1572863
-786430
458754
851968
524291
-1376253
-2359295
-2293759
-2424831
-2424830
-2359293
-2293760
-2490366
-2883583
-1441791
7405569
-1572863
-5373952
-2818048
-1966080
-1835008
-1703935
-1703934
-1638400
-1310719
-786429
-655359
-131071
196609
196610
196609
-196605
-786430
-917503
-1572864
-1900543
-1769472
-1769469
-1769469
-1900542
-1769470
-1900541
-2424829
-2621437
-2621439
-2883584
-3014654
-2818048
-2555904
-1245181
-524288
-917503
-1966078
-3473406
-3604480
-3604478
-3473406
-3932160
-3604477
-3276800
-4521984
-5308413
3342338
2818051
-6553597
-4259839
-3276799
-3080189
-2752510
-2359295
-2097151
-2031614
-1835006
-1572864
-983039
-458749
-262143
524290
-262144
-786432
-720895
-917504
-1310719
-1376253
-1376256
-1310717
-1507327
-1507328
-1507326
-1900541
-1507327
-1769472
-1769469
-1769469
-1048573
262144
524289
327680
-458751
-2228222
-2621437
-2818045
-2686974
-2686974
-2359294
-2228224
-3276799
8650752
-1441790
-5242878
-3735551
-2359293
-1835008
-1835008
-1310717
-1179648
-1179648
-655360
-589822
-65533
393217
720899
655361
65538
-458749
-1310720
-1441792
-1769469
-2162688
-1900544
-1966078
-2031615
-2293758
-2293759
-2097149
-2097152
-2293759
-2162686
-1966080
-655360
196611
458753
-1114112
-2621439
-2752512
-3342336
-3014654
-3014655
-3211262
-2818046
-2883583
-3342334
6160386
786433
-6619134
-3866623
-2621440
-2686975
-2359293
-1638400
-1507328
-1507328
-1245184
-589822
-262144
262145
524289
262147
2
-458749
-851966
-983038
-1179645
-1310718
-1507325
-1441789
-1376254
-1245184
-1048575
-1179645
-1245182
-1310718
-1048576
-917503
-327679
589825
1048579
720896
-917504
-1769471
-1900543
-2097151
-2162688
-1638400
-1769470
-1310720
-2490366
1179650
7471106
-2752512
-3932157
-1835008
-1114109
-983037
-917501
-393215
196609
851968
1114115
1114115
983042
458752
196610
0
-589824
-917501
-1179646
-1245182
-1114112
-983038
-851965
-917502
-983040
-1572863
-1507328
-1441791
-1638398
-1441792
-1507327
-327679
786435
786433
655363
-458750
-1769469
-1835008
-2031613
-2359294
-2097151
-2162685
-1769470
-3145727
327681
5832706
3276800
-5111807
-2686973
-1835005
-1507325
-1507326
-983038
-851965
-327680
-65536
458755
786435
917504
983041
196611
65536
-327677
-458749
-786429
-786432
-720895
-786432
-720893
-851968
-720894
-1048573
-1179648
-983040
-1048574
-786430
262145
1048577
1376256
65537
-1507327
-1769470
-1966080
-1966078
-1835006
-1703933
-1376256
-1179648
-2883582
7208960
4063234
-4980736
-2424829
-1769471
-1114111
-983040
-655359
-786429
-589823
-196607
196611
589827
720898
917505
983042
786434
393219
0
-196605
-458749
-720894
-1048573
-1179645
-1245181
-1441791
-1638400
-1638400
-1835008
-1703936
-1507328
-1245182
3
458753
196609
-1900542
-3014655
-3145728
-3342336
-3276800
-3276797
-3145726
-2686973
-3997694
-786429
7143426
-3538943
-5439487
-3276800
-2490365
-2621438
-2293759
-2097150
-2162688
-2031614
-1769470
-786430
-458749
-262142
-458752
-917504
-983039
-1441790
-1703936
-2359295
-2686974
-2359296
-2293759
-2228221
-2424830
-2490366
-2359296
-2293759
-2228224
-2359295
-2228222
-1048573
-458751
131075
131072
-1572862
-3080190
-3014654
-2949120
-3080190
-2686975
-2490365
-2228222
-3997693
2490371
6684674
-262144
-5308414
-2686973
-1966077
-1900542
-1703935
-1703935
-1048574
-1048573
-983037
-524288
-262144
196608
524288
524291
3
-196608
-458752
-1179645
-1507327
-1441792
-1310720
-1441790
-1441789
-1441791
-1638400
-1835005
-2162687
-2424830
-2424832
-2424830
-2359295
-1376254
-262142
-327680
-655359
-2162686
-3080190
-3670016
-3473408
-3604480
-3801088
-3735551
-3538942
-5701630
262144
4128768
-6422525
-7274493
-4915199
-4194302
-3997696
-3997693
-3473407
-3145726
-2949118
-2555903
-2293760
-1507328
-1245183
-1507328
-1966078
-2359296
-2555904
-2686975
-3211264
-3538941
-3538944
-3342335
-2949119
-3276797
-3211261
-3342333
-3342336
-3211262
-3407869
-3211263
-2621438
-1310719
-589823
-1114109
-2818046
-3407869
-3604480
-3604478
-3211264
-3080192
-2752512
-2359294
-3735552
851968
7798787
-3080192
-4521982
-2621440
-2097151
-1769470
-1507325
-1376256
-1245183
-1179648
-720893
-262144
131073
655361
917507
786432
589824
393218
196608
-262144
-458751
-524285
-655357
-917501
-655360
-655359
-458750
-983040
-720893
-458752
524289
1114115
1769472
2293760
589826
-1572861
-1703935
-1966079
-1835006
-1769472
-1179647
-655359
-2293757
-1900541
8978433
4390915
-5636095
-2555902
-1376256
-1048573
-524287
-589822
-393216
3
65539
589826
851971
1310720
1507329
1376259
851970
131072
-65536
-196608
-720893
-1048573
-1114112
-983037
-983038
-1114109
-1114112
-1310720
-1441791
-1310720
-1179645
-131071
655363
983042
-262142
-1966080
-2424829
-2555903
-2686976
-2555903
-2752509
-2752511
-2228222
-3407872
5767171
3211265
-6488063
-3473406
-2228221
-1966078
-1966077
-1572862
-1245184
-1114110
-983040
-720893
2
655362
983042
1048577
524291
196611
-65534
-655358
-851967
-1179645
-1441790
-1179645
-983038
-1114111
-983037
-1048575
-1310720
-1376254
-1310719
-1179648
-1179648
-262144
917504
1114115
720896
-1114109
-1835006
-1835007
-1966077
-1703933
-1703935
-1572861
-1114110
-2555902
2293761
7929857
-3080192
-3473405
-1310718
-655358
-655360
-655358
-262143
-196608
-196608
131073
458752
917505
1835010
1376257
1114113
655360
65536
-131070
-589823
-786432
-589824
-851968
-655357
-589821
-458752
-655357
-786432
-720896
-1048573
-1179645
-851966
-262143
851971
917504
262146
-1179648
-1769469
-1900542
-2097151
-1507326
-1310718
-1703933
-1179647
-2293757
1900547
7667714
-2949118
-3342334
-1507328
-1048573
-720893
-589821
-458750
-393216
-65535
458755
655360
983040
1114115
1310721
917506
393218
65539
-327679
-458749
-1048576
-1179647
-1376254
-1048576
-1245181
-1245184
-1310719
-1376256
-1507327
-1048574
262145
786435
1048576
-262142
-1179645
-1638398
-1835008
-1835006
-1769472
-1638397
-1572862
-1376254
-2424829
7208960
3407875
-4718589
-2162685
-1572863
-786432
-786431
-458750
-786429
-655358
-327678
196609
589825
655360
1114115
1179648
524290
655363
131073
-262142
-327680
-720896
-655357
-524285
-786429
-983037
-917504
-917502
-917501
-851968
-393216
524291
1507329
1638402
65536
-1245183
-1638398
-2162687
-2097150
-1900543
-1835006
-1769469
-1572861
-3342334
6684675
4915202
-6225918
-3670015
-2228223
-2228221
-2031614
-1835005
-1703934
-1769470
-1703935
-1507327
-786429
-524288
-262142
-327680
-851966
-1179645
-1638398
-2031613
-2359294
-2490365
-2621439
-2686974
-2424831
-2686976
-2883581
-2752512
-2949117
-2621438
-1703934
-524286
131072
-524286
-2621439
-3604479
-3735552
-3670016
-3670016
-3866624
-3604479
-3276799
-4521984
3997699
2949120
-3407872
-6094848
-3735549
-2883583
-2621438
-2621438
-2555902
-2228224
-2162686
-1769471
-1179648
-917504
-393215
-262141
-655358
-1376254
-1703935
-1835005
-2228224
-2686974
-2883582
-2752510
-2359295
-2228222
-2031613
-2031613
-2490368
-2293759
-2162687
-2490368
-1900543
-786429
262147
327682
-1179648
-2621439
-2883583
-2883583
-2949119
-2949119
-2621439
-2752510
-2293758
-3407870
5505027
2359299
-6029310
-3145728
-2162685
-1769472
-1507325
-1441790
-1179648
-851966
-720895
-327678
327681
786435
1048579
1310720
917505
589825
65536
-262142
-720894
-786430
-851965
-917501
-786432
-720896
-655360
-917504
-1048573
-786429
-983037
-1048576
-1179648
-131070
720897
589827
-655358
-1835005
-1835008
-2293758
-2162688
-2162688
-2031616
-1966078
-1572864
-3670013
3080193
6094848
-5439487
-4718589
-2752511
-2424829
-2031615
-1900543
-1507326
-1441791
-1310720
-786429
2
131075
851968
1114113
720898
655360
65539
-262144
-327678
-524288
-917502
-720896
-655359
-327679
-524287
-786431
-786432
-917501
-720895
-524286
-65535
1507329
1835009
655360
-851965
-1245181
-1638400
-2031616
-2031615
-1507327
-1507327
-2031613
-1376254
4521986
7667713
-4259837
-3145725
-1376255
-1048573
-851966
-589823
-524285
65537
655362
851970
1114113
1048579
786435
458755
262146
-262142
-851967
-917503
-1441790
-1441790
-1114110
-1048574
-1376254
-1507327
-1507328
-1638399
-1441792
-1376256
-1114109
-131070
458754
720899
-393216
-2097150
-2228223
-2424832
-2621437
-2621440
-2490365
-2293759
-2228221
-3342333
6160385
3014658
-5767168
-3014656
-2424830
-1769471
-1900543
-1507326
-1114111
-1441789
-983040
-458749
2
458754
786433
917504
262145
2
-327680
-786430
-983037
-1179646
-1441791
-1114111
-1179648
-1310718
-1245184
-1376256
-1376256
-1572864
-1769469
-1441792
-1703933
-1572864
-589823
393217
262146
-524288
-2031616
-2293757
-2359293
-2555901
-2359295
-2228224
-1966078
-1507327
-3670013
2555907
6553601
-4456446
-3801088
-1966079
-1835005
-1769471
-1703933
-1507325
-1245181
-1048576
-786431
-327677
524288
720898
786435
786433
262144
-131072
-655358
-1376255
-1703933
-1769471
-1769469
-1769470
-1703936
-1835007
-2228224
-2359295
-2228224
-1900543
-1900541
-2097149
-1769469
-589824
65536
-327680
-1572862
-2555904
-2686973
-3080190
-2949119
-3080191
-2621439
-2555901
-2490368
-3145725
6881282
1310723
-5570559
-2949118
-2031614
-2031613
-1376256
-1245182
-851965
-786430
-851967
-524286
-131070
720897
1048577
983043
458755
65539
-131072
-458752
-917503
-1048575
-983040
-983037
-917503
-786429
-786431
-851967
-917503
-917504
-720895
65538
1048576
1703937
1376259
-589823
-1769472
-2097151
-2162687
-1966078
-2097149
-1966077
-1441792
-3473407
4980739
7143424
-5111807
-5701630
-2883582
-1310717
-1507327
-1245181
-1048573
-1179645
-917504
-655357
-196606
262145
786433
851969
655361
-65535
-262144
-786432
-1179645
-1572861
-1900543
-1769472
-1835006
-1572863
-1638397
-1900544
-1835008
-1507327
-1835007
-1507327
-393213
655361
589826
-1441792
-2555903
-2359294
-2883583
-2686976
-2686975
-2686976
-2228223
-2883581
-1310719
7995395
-1703934
-6029311
-3276797
-2228222
-2097149
-1900541
-1638399
-1703933
-1703936
-1179647
-589824
-262143
262145
524290
589824
-131069
-524285
-851966
-1310718
-1441790
-1572862
-1441789
-1114109
-1048574
-1048573
-983040
-1441790
-1572861
-1310719
-1376256
-1310718
0
589826
917504
458752
-1441789
-2293759
-2293758
-2555904
-2752510
-2621438
-2424831
-1966080
-3342335
1
6356993
-4128768
-5636093
-3080189
-2293759
-2424829
-2162687
-2031613
-1638399
-1572861
-1114112
-786432
-458752
-65536
131075
458753
-458752
-720896
-1179647
-2031614
-2097151
-2228222
-2031614
-2162687
-2293757
-2031614
-2162686
-2293757
-2359295
-2359294
-1114109
131072
1
-851966
-2359293
-2883582
-2949120
-2883584
-3276799
-3080192
-3145727
-2490368
-4718590
2293760
4980738
-5963774
-4390912
-3342336
-2621439
-2686976
-2424831
-2424829
-2359294
-1441792
-983037
-720893
1
65538
-131072
-720894
-655358
-1310719
-1703936
-1769472
-1769469
-1572862
-1441789
-1572861
-1638398
-1376254
-1376253
-1507328
-1245181
-131071
655360
983042
-458750
-2097151
-2359294
-2293759
-2228222
-2293757
-2228221
-2162686
-1507328
-2818047
8060931
3997696
-5570559
-3080189
-1769471
-1048575
-393214
-262142
131072
1376257
1245184
1179648
786435
131075
-393215
-262143
-786431
-655357
-786431
-720896
-917502
-327679
589827
1376256
1835009
393216
-589823
-1769470
-1966077
-2031616
-2162685
-1900542
-1638400
-1376255
8716289
3866625
-6225920
-3145726
-2359296
-1703933
-1507327
-1376253
-1048576
-983037
-589824
-131071
262145
786434
851968
851971
655360
-131069
-196606
-917504
-1048574
-1179645
-983039
-1245184
-1114112
-1245183
-1572862
-1638398
-1441791
327680
917507
-393214
-2424832
-2686975
-2621439
-2883584
-2686973
-1966080
-2359294
-2097152
-3276800
5308418
3735552
-6094845
-3211262
-2031613
-1769471
-1310717
-1245184
-786431
-720895
-393213
-65534
327680
851968
1245186
1310722
720897
65539
-196608
-1310717
-1572861
-1900543
-1835005
-1376256
-1310718
-1310717
-1376255
-1507327
-1441789
-524286
196608
393218
-1114112
-2621439
-3211264
-3604480
-3735549
-3473405
-3604479
-3407872
-3014655
-4915198
3276803
2883587
-7208958
-4915200
-3801085
-3604480
-3538944
-3604477
-3735549
-3604480
-3473405
-3342336
-3080190
-2818047
-2293759
-2293760
-3080192
-3670014
-3997693
-4521982
-4915197
-5439487
-6094846
-6094848
-6160381
-6291454
-6553598
-6815743
-7012350
-7340032
-7536640
-7405567
-6488064
-6029311
-5898238
-7143423
-8847359
-8912893
-9371645
-9371648
-9371648
-9109503
-8650752
-8585214
-10485759
-2097151
-2293758
-11927552
-9764864
-8454141
-8388608
-7929854
-7471102
-7405566
-6946815
-6750207
-6291453
-5373952
-4915199
-4390911
-4390909
-4653055
-4325375
-4718589
-4849662
-4915198
-4980733
-4718590
-4653056
-4849663
-4390910
-3997694
-3932157
-2555903
-1572861
-786429
-1441789
-3145728
-3538941
-3801088
-3670013
-3342334
-2883582
-2097151
-1441792
-2883584
2424832
9306115
-2490368
-3342334
-1179645
-393214
1
393219
983041
851969
1376258
1769475
2424835
3014659
3407875
3866625
3932161
3735554
3407873
3407874
3145731
2424834
2818048
2818050
2818051
3080195
3080195
3014656
2883586
2883585
3145728
4128768
4980738
5636096
4521987
2686976
2162688
1769473
1835009
1769475
2162689
1966082
1966082
917504
7667715
-983037
262144
1769474
2359297
2293762
2490370
2818049
3145729
3473408
3342338
3670017
4128771
4587523
4653058
4325376
3735553
3080194
2686978
2555904
2293760
2162689
2293762
2097155
1966083
2228224
2162691
2031616
1900547
2424832
3145730
4259840
4259842
2818051
1966082
1114113
851970
1114112
1048577
917504
917505
1310721
262147
9240579
5898241
-2490365
131073
655363
1376258
1376256
1507330
1507331
1638403
1900546
2162691
2818050
3276801
3801090
3670017
3276803
2621441
1966082
1638400
720898
917504
1048579
917507
1048577
524289
-65536
65536
196608
-65536
196611
1114115
1835009
1572864
-1310719
-1900541
-1900541
-1966078
-1769471
-1376254
-2883584
5439488
4915203
-5177341
-2818046
-1572862
-1310718
-1179646
-1441792
-1441790
-1376255
-786430
-655360
-327677
393218
589826
393217
-196608
-786431
-1245183
-1572864
-2162687
-2031616
-2162686
-1966079
-1769472
-2162688
-1966078
-2228224
-2293758
-1638400
-786431
1
131075
-458751
-2293758
-3080189
-3276800
-3473406
-3538941
-3407871
-3211264
-2949120
-3932160
6750211
7929856
-4325376
-5898237
-3538942
-2424832
-2424829
-2293757
-1835007
-1769470
-1376256
-1048576
-589821
3
131075
196611
65539
-327680
-655357
-786432
-1376255
-1441791
-1376255
-1245182
-1376256
-1507326
-1507326
-1507325
-1703936
-655359
2
786434
393218
-1769469
-2752511
-2752511
-2818046
-2752510
-2621438
-2424829
-3538943
720898
7733250
-3670014
-4980735
-2555902
-1769470
-2097149
-1572861
-1310720
-1245183
-917502
-524285
0
851969
1048576
1245186
1245186
589826
-262144
-262144
-589824
-851966
-786429
-786431
-851966
-589821
-393214
-720894
-655359
-720895
-720894
262144
786433
983042
1048579
-720893
-1900544
-2162687
-1900541
-1900544
-2031616
-1638399
-1048574
-2818046
4325378
6422529
262146
-4653055
-2097150
-1179648
-1048575
-851966
-589824
-196606
-196608
131075
1048576
1638401
1835009
2097154
1900545
1310720
1179650
917504
524291
458752
131075
3
2
131075
65537
131073
3
-262141
-458751
131073
983043
1638403
1638402
458755
-1048573
-1441791
-1703934
-1638400
-1441791
-1703934
-1376254
-1114110
-2490367
6750211
4259843
-4325374
-2031616
-983039
-786432
-458749
-262143
-393215
-131071
-65536
327683
655362
983043
1310722
1114115
786432
327683
-196608
-720893
-851968
-1507325
-1245184
-1048576
-1376253
-1441789
-1310717
-1245184
-1572862
-1245182
-262142
262145
983041
851968
-720896
-1572862
-2031615
-1900543
-1966080
-1966078
-1441789
-1179646
-3080192
-1966078
8126464
2097155
-4456445
-1835007
-786432
-851966
-524288
-524288
-589824
-655358
131075
458752
720899
1376258
1441793
1638400
1179650
983040
589826
-65534
-458752
-589823
-524285
-524285
-393215
-655359
-1048574
-1572864
-1572864
-1310717
-589824
131073
393217
-1245182
-2752512
-2949118
-3538942
-3407871
-3604478
-3932157
-3735549
-3997693
-5177342
5177345
589827
-9043967
-6291455
-5177344
-5177343
-5046272
-5111805
-5242878
-5439488
-5177342
-5242877
-4849662
-4390912
-4194302
-4521982
-5308415
-5767166
-5963773
-6160381
-6815744
-7274494
-7536638
-7536638
-7602176
-7602176
-7733245
-8191997
-8191997
-7798784
-6356991
-5636093
-5767167
-7798781
-8781821
-8978431
-9109503
-8978432
-8912896
-8716286
-7864319
-9240574
327680
2621442
-8323069
-11010045
-8192000
-7274496
-6815741
-6094848
-5832704
-5308414
-4653056
-4194303
-3604477
-3145725
-2424830
-1769471
-1966078
-2424829
-2555901
-2818048
-2686975
-3080189
-3080191
-2883581
-2490366
-2228223
-2228222
-2097149
-1900543
-2031615
-1638400
-393214
851970
1376259
458755
-1048573
-1507327
-1507326
-1310718
-1310720
-1245182
-589822
-327677
-1638397
3866624
8585217
-2162686
-1966078
65539
851971
983042
1048577
1114112
1507329
2031617
2293760
2752513
3604480
4063233
4063235
3670018
3342338
3080194
2949120
2621442
2293760
1900546
2031619
2293761
2359296
2555905
2359296
2293761
2162691
2293760
2490368
2883584
4390915
4849666
4128771
2686977
1703937
1179649
1310722
1048578
917506
1179648
1769472
1114112
1048576
10616833
3670019
-1900544
983041
1769474
1703939
1900547
2097155
1769472
2097154
2555907
2621443
2883587
3407874
3801091
3670019
3407875
2949122
2490369
2097154
1703937
1441793
1638400
1703938
1572867
1507330
1572866
1376259
1507328
1179651
1638402
2818048
3670016
3997697
917507
589825
524289
655363
458753
262144
917506
1376259
-589823
7536640
9109506
-2228223
-720896
196611
1245185
1245185
1310723
1441792
1441793
1507328
1572867
1900547
2555904
2555905
2555907
2031619
1769472
1376258
983042
393217
-65536
-262142
-262141
0
-327678
-524285
-655358
-851967
-983040
-917503
655362
1376256
524290
-1572863
-2424829
-2818045
-2686973
-2621437
-2359296
-2818046
-2490366
-3735551
1114115
6750209
-4915199
-5242877
-3145725
-2621439
-2490365
-2228221
-1769470
-1769470
-1703936
-1245183
-1048573
-196607
65536
65538
-262141
-655358
-786430
-1376255
-1703934
-1900541
-2228222
-2162688
-1835005
-1703935
-1835006
-2031614
-2359295
-1900544
-2228221
-1900541
-786432
65536
327680
-262143
-2162687
-3014654
-2752510
-2949117
-3014654
-2818046
-2686975
-2228224
-3604480
2883586
-5963774
-4915197
-2686973
-1835007
-1572862
-1376253
-1376253
-983038
-983038
-589823
0
393216
589824
720898
458754
327680
0
-589824
-1310720
-1245181
-1114110
-1114112
-1245182
-1245183
-1376255
-1441790
-1507327
-1507326
-1441791
-1638398
-1179646
-1048575
131074
786432
458754
-851966
-1900541
-2031614
-2228223
-1966080
-2162687
-2031615
-1769471
-1441789
-3473408
4653056
5308418
-4980736
-3211261
-1703933
-1376256
-1310720
-1179648
-1114110
-983040
-983038
-393213
131075
524288
786433
1114114
720896
393219
-65535
-524285
-917502
-1245181
-1441789
-1572863
-1376255
-1179645
-1572861
-1703933
-1835007
-1835005
-1966078
-2031616
-2031615
-2162686
-2097149
-1507326
-458751
-65533
-458751
-1900543
-2686973
-2752509
-2818046
-2490367
-2359295
-2424831
-2162688
-2686975
-2097149
7471107
65539
-5111805
-2818045
-1507326
-1376256
-1376256
-1179648
-1048573
-917501
-589822
-458749
3
655360
917504
917506
589824
131072
-327679
-393215
-589822
-983039
-1179647
-1114109
-1245183
-1114109
-1310720
-1376254
-1638398
-1703936
-1179647
-1310719
-983037
-262141
720898
1441793
-589821
-2162687
-2555902
-2621439
-2621440
-2490367
-2293758
-2359296
-2228221
-3670015
6094849
4456451
-6029312
-3801086
-2293758
-1769471
-1835005
-1572861
-1245183
-1310718
-1245181
-983037
-393215
3
196611
2
-131070
-524285
-851967
-1245184
-1835006
-2162687
-2162685
-2162685
-2031613
-2162687
-2162687
-2359296
-2359296
-2359295
-2490367
-2490365
-1638398
-786432
65536
131074
-1048573
-2752509
-2949120
-3211263
-3276798
-3145728
-2621438
-2490366
-3538943
-917501
7536641
-2424831
-6488061
-2818047
-2490365
-2359295
-2228223
-1966077
-1900541
-1572864
-1048573
-262143
65536
327682
327682
-196607
-589824
-1048574
-1507326
-1769469
-2097152
-1966078
-1835006
-2097151
-2031614
-2031614
-2162688
-1966080
-2293758
-2621438
-2293758
-2228223
-1114111
-65533
65537
-851965
-2686975
-2818047
-2883581
-3211264
-2949118
-2883584
-2818047
-2359294
-4390909
2818051
5242881
-5570557
-3997695
-2293758
-1966079
-2097149
-1769469
-1638398
-1966079
-1703935
-1376255
-1114110
-393215
-196605
-65534
-262142
-851966
-1179647
-1638397
-1835007
-2555901
-2490367
-2424831
-2359296
-2293757
-2490366
-2490367
-2686975
-2686974
-2883584
-2883582
-2752509
-2818046
-2359293
-1114109
-786429
-1179645
-3407870
-3538942
-3670013
-3538942
-3145728
-3211262
-3342333
-3145727
6488066
-262143
-6422526
-3473406
-2752511
-2818048
-2686973
-2228221
-2162685
-2031614
-1769469
-1179647
-786430
-196606
-65536
-131069
-262143
-458749
-851968
-1376253
-1507328
-1638400
-1900541
-1966079
-1769469
-1769472
-1703935
-1835008
-1900541
-1769470
-1441791
-1638397
-1703933
-1114109
262144
655362
327683
-1572863
-2228224
-2293759
-2490366
-2162688
-1769469
-1572863
-1507326
-2686973
-65535
9371651
-393215
-4063231
-1835007
-786429
-851967
-524286
-196606
-589823
-393214
-65533
65539
720896
1048578
1245185
1376259
786432
589826
393219
-131072
-524287
-720893
-786429
-851966
-917501
-1048576
-1048576
-983037
-983040
-917503
-589821
589827
1507329
1769473
327681
-1245184
-1703933
-1835006
-1703934
-1900541
-1835008
-1441790
-1441791
-2162688
8257536
3604483
-5570558
-2949119
-2424829
-1245181
-1114112
-1048574
-1114109
-655360
-458752
-327678
393217
786434
1179650
1048578
458752
262146
-65533
-458749
-524288
-786432
-983038
-983038
-1114109
-917502
-1114109
-1310718
-1310719
-1310718
-1441789
-1048575
262147
851970
983042
-524285
-2162687
-2228222
-2424830
-2097151
-2359294
-1900543
-1966077
-1703934
-2490365
6684675
2162691
-5636094
-2555904
-1638400
-1835007
-1310718
-917501
-917502
-655358
-327680
-196605
327680
851971
1245185
1376259
917506
327682
-131069
-393214
-589823
-851966
-983040
-1179646
-983039
-1048574
-983040
-1310719
-1376254
-1441791
-1114110
-196606
720899
655363
-2162686
-2424830
-2424832
-2424830
-2424831
-1769472
-1441789
-3473406
4259843
5242881
-786429
-4653053
-2228224
-1507327
-1507327
-1769469
-1507325
-1179645
-1048574
-786430
-589821
-327678
-131070
65537
-458750
-655357
-1441792
-1703936
-1703935
-1703933
-1703933
-1900544
-1638399
-1769471
-1769469
-1900543
-2097149
-1769469
-1507328
-917503
3
65536
-1900542
-2424832
-2555901
-2555902
-2555901
-2555901
-2097152
-1769470
-3473408
393217
8126464
-2228223
-4259840
-2490366
-1376256
-1507326
-1245181
-917504
-917503
-655359
-524287
-131069
458755
983042
917506
524289
3
-65533
-131071
-393214
-786430
-1179645
-1179647
-1048573
-917504
-1245181
-1310720
-1507325
-1310719
-1179645
-983039
-196607
786432
1245185
-131070
-1900543
-2818046
-2883584
-2818048
-2359295
-2424830
-2097152
-3735551
6029312
-5636095
-4390911
-2883584
-2031615
-2031614
-1966080
-1441790
-1507325
-1572863
-1310718
-851965
-262142
131072
196610
-65534
-720893
-917504
-1114112
-1769471
-2031613
-1900542
-1441790
-1572862
-1507328
-1638400
-1835007
-1310720
-1835005
-2031614
-1966077
-1114112
-65534
458755
589825
-524286
-1966079
-2424830
-2686973
-2752512
-2424829
-2228222
-2162688
-2424832
-1638399
7536640
5898241
-4653056
-3407870
-1966077
-1507328
-1376254
-983039
-1048575
-851967
-720893
-393214
1
524289
786432
851968
393216
3
-262143
-786429
-917502
-1245181
-1507325
-1376254
-1310718
-1114111
-1179648
-1310720
-1179645
-1376255
-1507327
-1703936
-1835008
-1966080
-1245184
-196608
65537
-327678
-1835006
-2490367
-2686973
-2818047
-2883582
-2949119
-2621440
-2490368
-2686975
-3407871
6160385
1179648
-5832704
-4456446
-2818046
-2097149
-1900542
-1966079
-1703934
-1507328
-1179645
-983039
-393215
393217
458754
393219
262147
-262141
-655359
-786429
-1441792
-1638398
-1572862
-1507328
-1507327
-1441792
-1114110
-1376255
-1441791
-1638400
-1638400
-1572861
-1310720
-196605
655360
1048579
-65536
-1703936
-2293758
-2424831
-2162686
-2031614
-2031614
-1900543
-1245183
-3473405
4784131
5898240
-5111805
-3735551
-2097150
-1572862
-1376253
-1179647
-1441790
-851966
-917501
-524285
196608
524291
655361
65538
-262144
-851967
-786432
-983039
-1638398
-1572864
-1835005
-1441791
-1376254
-1310720
-1441789
-1638399
-1638397
-1507327
-1572862
-1507327
-1048576
-65534
655360
589825
-917501
-2424829
-2424831
-2490367
-2555901
-2424830
-2031614
-1835005
-1703935
-2883583
6619136
2949123
-5636096
-1769470
-1310719
-1114110
-1179645
-983037
-786429
-655360
-393214
196609
327682
720899
655361
196609
-327678
-458750
-1048574
-1507326
-1572864
-1835006
-1638397
-1638398
-1769469
-1900541
-1966079
-1835007
-2097150
-2359293
-2031615
-1048575
-393213
262144
327680
-851966
-2162688
-2293759
-2424831
-2097151
-1638398
-2359295
-524285
5046272
5242883
-4718592
-3080192
-1638399
-1900541
-1310718
-1310719
-1179645
-1310717
-1179646
-917503
-393215
-131069
-262142
-262142
-720896
-917504
-1179647
-1703933
-2031614
-1769472
-1835005
-1638397
-1638399
-1900544
-1966077
-1966078
-2097149
-2031614
-2097152
-2424829
-2359293
-2228224
-2359294
-1835005
-1114112
-393216
-393214
-1703935
-3276799
-3145727
-3473408
-3538944
-3538943
-3080189
-2883581
-3735549
-3276797
2228226
5570562
-5242878
-4587517
-3145726
-2686973
-2621439
-2555903
-2555902
-2162686
-2031616
-1507325
-1245183
-1179648
-720894
-196608
-458750
-917501
-1179646
-1376255
-1769472
-1769472
-2097151
-2097152
-2097150
-2031616
-2031615
-2097150
-2097150
-1966080
-1966079
-1966077
-1835006
-1441790
65537
589825
655361
-917504
-1900541
-2293760
-2555903
-2555903
-2359296
-2555903
-1966079
-2359294
-2883584
8126464
2097154
-5832701
-4259838
-2097150
-1114109
-1441790
-1310718
-917504
-1179648
-917502
-524287
65539
458752
851971
786435
655361
327682
2
-458751
-917504
-917501
-1179648
-1048573
-1114109
-1245182
-1376254
-1376256
-1376253
-1245182
-1638397
-983038
393219
720897
1179651
-524285
-1835008
-2097151
-2490365
-2293760
-2293757
-2031616
-2097151
-1572861
-2818045
6881280
3080195
-5832701
-2686976
-1769471
-1703933
-1441791
-1376256
-851967
-786430
-720896
-589824
-131070
393219
917507
1048578
458754
196608
196608
-262144
-655357
-720895
-786432
-655360
-655359
-917504
-1048573
-917501
-1179646
-917501
-1048575
-1310718
-786429
196610
917507
1245186
262146
-1638398
-1835005
-1835007
-1966079
-1966079
-1900544
-1703934
-1179645
-3145725
3932161
6488066
-4390912
-2883583
-1376255
-851966
-589822
-589822
-327680
-196608
-196608
-131072
327682
851968
1310721
1441794
983040
393218
3
-524288
-851966
-1048574
-1114112
-1245183
-1114112
-983038
-1114111
-1245182
-1507326
-1441791
-1507325
-1572863
-1966079
-1638397
-1310718
-786431
196608
65537
-524287
-2162686
-2752512
-3014654
-2752512
-2555902
-2818046
-2686975
-2293758
-3801087
-720893
7340032
-2883584
-5111807
-2621437
-2097150
-2162686
-1900542
-1900543
-1900544
-1966077
-1835008
-1638399
-1441792
-1179646
-720896
-1179648
-1441792
-1900541
-2293758
-2424831
-2686973
-2949118
-2949120
-2949118
-2883581
-2555903
-2686974
-2883584
-2818048
-3014656
-2949119
-2818045
-2621438
-1703935
-720895
-131070
2
-983039
-2490367
-2686974
-2752509
-2555904
-2424831
-2293758
-2228224
-2490366
-2686973
7536642
6684672
-3604477
-2293757
-1703934
-1572864
-1310717
-1179647
-1245184
-655358
-196606
262144
655362
720899
1245185
1048578
720898
3
-196605
-327680
1
65537
-524288
-458752
-786429
-589824
-196605
-262142
327681
2162688
-917503
-1507326
-1376253
-1376255
-917504
-1114111
-2293760
2359297
9764864
-2490365
-3735550
-2031616
-1376253
-917502
-589822
-327677
-131070
262146
524288
1114114
1048577
1245184
131075
-589822
-851965
-851968
-1179648
-1179646
-1245182
-1310718
-917504
-1048574
-1048574
-1114110
-524286
524291
1179648
1900545
262145
-1179645
-1835006
-1835008
-1966078
-1769470
-1703935
-1245182
-983037
-2949119
5373953
5701632
-5046271
-2818048
-1310717
-720896
-393216
-720895
-720894
-458751
-524285
-196605
327683
851971
1245184
1376258
1048577
458753
-196605
-524285
-720893
-655359
-524287
-786429
-851968
-917503
-786429
-655359
-720896
-917504
-917501
-983037
-917501
-917501
131074
1114113
983042
393216
-1376255
-1507326
-1572861
-1900543
-1507326
-1703934
-1703933
-1638397
3080194
7208963
-3997696
-3538941
-1966079
-1441790
-1245184
-1114109
-655357
-1048573
-720896
-589821
65536
327682
786432
786433
65537
-589822
-1048575
-1441791
-1703934
-2293759
-2555902
-2621437
-2490368
-2293758
-2293758
-2293759
-2424830
-2818047
-2686973
-2555902
-2752510
-2424831
-1245184
-589824
-524286
-786430
-2293759
-3211262
-3604477
-3473405
-3342336
-3473405
-3145727
-2818046
-4587519
4587521
4063234
-2424830
-5570559
-3080191
-2031616
-2162685
-1900544
-1900541
-1703934
-1572863
-1179648
-917503
-196607
131073
262147
-65535
-262143
-262141
-851968
-1376256
-1441792
-1900544
-1835007
-1835007
-1769471
-1769471
-1900542
-1900544
-1835008
-1966078
-1769469
-786430
131074
393216
-196606
-2031615
-2621438
-2883583
-3014653
-3014654
-3014653
-2818045
-2752510
-3538943
65536
8847361
-2686975
-5963773
-3014656
-2228224
-2293758
-2031613
-1572861
-1638400
-1638399
-1310719
-851966
-393215
-327677
262146
262146
-524287
-851968
-983040
-1310720
-1572862
-1638397
-1835006
-1835007
-1572862
-1638397
-1441791
-1441789
-1310717
-1835005
-1638399
-1310720
-983038
-131070
851970
1179650
-65534
-1703936
-1966077
-2424830
-2359294
-2097152
-1835008
-1769469
-1376253
-3080189
5242883
6750208
-5177341
-3276800
-1703935
-1310717
-1179646
-720896
-524287
-262142
-393213
-196607
327682
917504
1310723
1572866
1048576
589827
196611
-458751
-655359
-917504
-1114110
-1114111
-1245183
-917503
-917503
-1048573
-917504
-917501
-1245182
-983037
-1048574
-786430
327683
917504
1376258
1114115
-131072
-1441792
-1835008
-1900544
-1966078
-1966079
-1376254
-1179648
-2424832
-2162687
7602178
3145729
-6094848
-2752509
-917504
-1114112
-786430
-458749
-524287
-458752
2
262147
589825
1572865
1900544
1703938
1245186
786433
262144
-327677
-720893
-1048575
-1048576
-917502
-983037
-983038
-786429
-917501
-917501
-1114110
-1245183
-786431
262145
1310721
1507330
262147
-1441790
-1572864
-1703933
-2097149
-1769471
-1966077
-1835008
-1441791
-2555904
7667715
2555907
-6553597
-2949120
-2293757
-1376254
-1310717
-1048573
-589822
-720895
-524287
-65535
393217
917507
1310721
1376258
983041
655360
-65533
-458752
-983038
-1114111
-1507328
-1441790
-1179648
-1048575
-851967
-1179647
-1179645
-983038
65538
851968
-786429
-2162687
-2686973
-2883583
-2555901
-2293757
-2293760
-1835007
-3473405
-2228222
7274496
524290
-5439486
-2555904
-1376254
-1441791
-1245183
-1114110
-1048574
-786432
-589822
-262144
327682
983042
1310721
1310721
524291
-131070
-393213
-851968
-1179648
-1114112
-1310718
-1310718
-1310717
-1048574
-1114112
-1245182
-1376254
-1310720
-327679
720897
655362
-1900543
-2555904
-2686975
-2621440
-2686974
-2424829
-2097152
-1703935
-3604478
2555907
6160384
-4784126
-3866622
-2359294
-1703934
-1703933
-1507325
-1376253
-1441791
-1507325
-1048574
-393215
393217
786434
917506
589827
3
-196606
-851966
-1245184
-1507326
-2162685
-2293759
-2031615
-1835005
-2228222
-2490365
-2359294
-2621439
-2949118
-2883581
-1966077
-1048575
-524288
-1179645
-2949117
-3407871
-3538942
-3407870
-3670016
-3473406
-3014655
-2752511
-3801088
-1245182
7340035
-2359293
-5505022
-3145728
-2031614
-1769470
-1966077
-1638400
-1376253
-1310719
-983037
-524286
-327678
196611
458752
393219
65537
-196606
-589823
-983037
-1179648
-1245181
-1441790
-1114112
-1245182
-1441790
-1114112
-1245181
-1114111
-1310717
-393216
458754
917506
524288
-524287
-2097150
-2097151
-2228224
-2228222
-1966080
-1638400
-1507328
-2359294
262144
9371648
-1376254
-5636093
-3407872
-1769471
-1507326
-1376253
-1310717
-983037
-983037
-655357
-262142
131072
589824
1048578
1048576
458755
65538
-458750
-983038
-1245184
-1507328
-1572863
-1245184
-1376256
-1376253
-1179646
-1245183
-1441789
-1376254
-1245183
-327679
720898
1114115
-589823
-2097152
-2162688
-2228224
-2162686
-2359296
-2359293
-1966079
-1376256
-2949119
5505026
6160385
-5111805
-3014655
-1703936
-1114110
-983038
-851968
-983038
-917501
-655357
-327679
262144
655360
1048577
851968
327682
-65533
-262144
-1048574
-1179647
-1048575
-1638397
-1638399
-1441791
-1245183
-1114109
-1310718
-1114111
-1376254
-1441792
-1441790
-786431
-196608
458753
524291
-589823
-2424832
-2490365
-2555904
-2686976
-2686976
-2818045
-2621440
-2818046
-2818045
2031616
5767168
-5242877
-4587518
-2621438
-2097150
-2097149
-1835007
-1769471
-1572863
-1376253
-917503
-196607
2
131075
-131072
-589823
-1376253
-1703936
-2228221
-2228223
-2621440
-2621437
-2752512
-2686975
-2686973
-2621440
-2752509
-3211261
-2818048
-2883584
-2949119
-2818046
-1638398
-983037
-851967
-1114112
-2949117
-3670014
-3670014
-3866623
-3670015
-3801087
-3932158
-5373952
720899
4980736
-6160383
-7143422
-4390909
-3276799
-3276798
-3014655
-2883584
-2555902
-2686976
-2228222
-1835005
-1703934
-1245181
-983039
-1114111
-1376253
-1572863
-2293760
-2686975
-3080189
-3080191
-3080190
-3211261
-3211263
-2818045
-2752511
-2949118
-3014655
-2883582
-2949119
-2883584
-2555904
-1638398
-589821
2
-917502
-2490367
-2555901
-2686976
-2818047
-2949120
-2686976
-2293757
-1835006
-3670016
2228227
7340033
-3866624
-3735550
-1900544
-1376253
-1179646
-851968
-786429
-524285
-393216
0
327681
917506
1376256
1310720
1376259
1245184
786435
589827
196610
-65534
-393214
-458751
-393215
-262142
-327680
-458751
-458750
-720896
-327678
196609
1048578
1769474
1966082
65537
-1507325
-1638397
-1835006
-1572863
-1507328
-458752
-983039
10551296
2097155
-5111806
-2097150
-589824
-655359
-524287
-327680
-327677
262147
393218
655361
1048579
1507330
1769472
1572865
1310722
655361
393219
-65533
-196608
-524285
-589821
-655360
-524285
-327680
-655359
-589823
-655357
-524286
-131069
1114113
1703936
1441792
-524286
-1769470
-1835007
-1900542
-2031616
-1966078
-1900544
-1572861
-1966077
196611
8716291
-1310717
-4915198
-2031616
-1245181
-1507325
-1245182
-917504
-786429
-262142
-262142
-65536
458753
983042
1376257
1179650
458754
196610
-65535
-655358
-1048576
-1048575
-1179645
-1114110
-917501
-851968
-786431
-917502
-1114110
-1179645
-851968
196611
983041
1048577
-393216
-1900542
-2031614
-1900544
-1835006
-2293758
-1572864
-1572863
-1703934
-2097152
7471105
2031616
-5111807
-2097152
-917504
-917503
-655360
-524286
-327677
-327680
-327679
131072
720897
917507
1179649
1441794
917506
327683
-196605
-524286
-983038
-1310717
-1310717
-1376253
-1376253
-1245182
-1245182
-1310719
-1703935
-1769470
-2490365
-2359294
-1376253
-393214
-327677
-786429
-1900542
-2555902
-3145726
-3276798
-3211264
-3276799
-3080192
-2686973
-4718590
1507330
5963778
196610
-6422528
-3276798
-2228222
-2162688
-1966077
-1835008
-1376254
-1310717
-1114109
-655360
-65535
589826
786433
655363
458753
65536
-589822
-786429
-1114111
-1245183
-1441791
-1310718
-1376256
-1310720
-1179648
-1441789
-1441791
-1376255
-458751
524288
1179650
458753
-1703936
-2424829
-2621438
-2621437
-2555903
-2621438
-2228224
-1900544
-3342334
262145
8650753
-2359295
-5636093
-3014655
-1900542
-2097151
-1572864
-1638398
-1572864
-1572861
-1441791
-786429
-589822
-327678
-131069
-327679
-1179645
-1441789
-1703933
-2555901
-2818046
-2752512
-2752509
-2621437
-2293757
-2293758
-2555902
-2883581
-2686973
-1835008
-983037
-589823
-655358
-1703936
-3604478
-3997693
-3866624
-3866622
-3866622
-3932159
-3473406
-4980735
1835010
6553603
-6684670
-8323072
-5046270
-3735550
-3407870
-3276799
-3080190
-2818046
-2818045
-2490366
-1835006
-1310718
-720894
-589822
-917501
-1179648
-1835005
-2293758
-2555904
-3014655
-3211262
-3342333
-3014653
-2555904
-2621438
-2752510
-2818045
-2818046
-2883584
-1703935
-786429
-524288
-1310719
-3342333
-3407871
-3670016
-3538943
-3211263
-3276800
-3145727
-2621437
-3997696
2621442
5767169
-5373951
-4587517
-3014654
-1966079
-1835008
-1572863
-1310718
-1310718
-1048574
-786430
-327677
655360
1245186
1376258
1048579
655361
196610
2
-393215
-786431
-917503
-851965
-786432
-655360
-327679
-393216
-458752
-458752
-393215
-393214
65537
1441793
1769475
1703938
196608
-1114112
-1114111
-1179647
-1114109
-1114110
-917504
-720895
-1572861
655360
6160386
5636099
-4718589
-2031615
-786431
-589824
-524285
-524285
-458749
-131071
196608
131072
720897
1048579
1376258
1441795
1376256
851968
458752
65536
-458752
-589821
-458750
-589821
-131070
1
-65536
0
-327677
-655358
-458750
458754
1245187
1966082
1114114
-458750
-720894
-1048573
-1048576
-983040
-1179648
-655357
65536
-2031614
3932163
9371649
-2621437
-2555904
-589823
-327677
-262141
131072
458754
589824
524288
851970
1441795
1966081
1900547
2359298
1703938
1441792
1245187
917505
589827
393217
196608
-131071
-327677
-65533
196608
-262144
-196606
-196605
458752
983040
1835008
2359298
851969
-917503
-1441792
-1966077
-2162685
-1835005
-1376255
-1769469
-2621440
1114114
7798785
6029314
-6750206
-3801088
-1900542
-1376254
-1245183
-1441791
-1114110
-1048573
-524287
-393215
-131069
1048576
1245185
1310720
720898
-327679
-720893
-1310717
-1835007
-1638400
-1966079
-2031616
-1441789
-1376256
-1572864
-1441789
-1769470
-1376254
-327678
458755
720899
-917503
-2621438
-2818046
-2752509
-2686976
-2555902
-2162688
-2162685
-2359295
-524285
9961472
-983040
-6750207
-2818045
-1310718
-1245184
-1179645
-917501
-589822
-655359
-393214
-65534
851968
1245186
1376257
1179651
393216
-65535
-786429
-1310717
-1572861
-1572862
-1703935
-1638400
-1376255
-1376253
-1638398
-1638400
-1769471
-1835008
-1114111
2
196610
131074
-1245181
-2752511
-2883581
-3080189
-2949118
-2555902
-2097150
-3145728
2359297
7208961
786434
-6619133
-3080189
-1638397
-1769470
-1638399
-1376255
-917503
-917502
-524288
-65535
720898
983040
1310722
1441792
720896
2
-589822
-851968
-1310717
-1703933
-1507327
-1376256
-1310717
-1245182
-1048575
-1310718
-1376255
-1441792
-1900542
-1507327
-327679
65539
-262141
-1572861
-2752509
-3014654
-2883584
-3080190
-3276800
-2883583
-2883581
-2883584
-3276800
5963779
524291
-6422525
-3407872
-2424831
-2293760
-2162688
-2162686
-1835005
-1769472
-1703933
-1245183
-786432
-65533
131074
3
-327678
-1048574
-1310720
-1703936
-2097151
-2293760
-2490367
-2424829
-2228223
-2097151
-2097152
-2228221
-2031614
-2293758
-2359295
-2424831
-2555903
-1245181
-720893
-851966
-2097152
-3342336
-3276800
-3866622
-3866621
-3670015
-3604479
-3670015
-3145727
-5177343
2621443
3145728
-7012350
-4849661
-3145726
-2949120
-3080189
-2555901
-2752510
-2818045
-2293759
-1638400
-1114111
-131070
65537
393216
-65533
-327678
-720896
-1376255
-1441792
-1441792
-1441791
-1703935
-1638397
-1114111
-1245184
-1245182
-1310720
-1441792
-1179647
-65534
983040
1179651
917505
-917501
-1835008
-1835006
-1769470
-1966080
-1769471
-1638397
-1048573
-2686975
6553602
6160384
-4784125
-4390910
-1376253
-655359
-589824
65538
0
131074
327681
655360
1245184
1769474
1769475
1835010
1376258
1179649
786433
-65535
-458749
-262143
-655357
-655358
-327679
-524286
-720895
-720894
-655359
-1048576
-720894
655360
1441793
1900546
524290
-1376255
-1835006
-2031615
-1703934
-1769471
-1835006
-1703935
-1310720
-2686974
7274498
3473409
-6094848
-2949117
-1441792
-1441790
-1179648
-851967
-786429
-786431
-524288
-458749
131073
851969
1179649
1376257
786433
196610
-327677
-655358
-720893
-917501
-917504
-786429
-851968
-720896
-655358
-1114112
-1310719
-1441789
-720895
131073
851971
917504
131075
-1769472
-2228221
-2162688
-2359293
-2490367
-2359293
-2228222
-2359296
-1638397
7995393
-196606
-5439485
-4063230
-2359294
-2162685
-1769472
-1703935
-1507325
-1048576
-1048574
-720893
196610
851968
917504
1048579
851969
131073
-327677
-851966
-1245181
-1376255
-1507327
-1376255
-1245182
-1179645
-1245182
-1310719
-1441791
-1179645
-131069
589824
1114114
-655357
-2162685
-2555901
-2555904
-2359293
-2490366
-2293760
-2228223
-1900544
7667714
196609
-5832704
-2883581
-1703935
-1900542
-1376256
-917502
-1048573
-983038
-720896
-524285
196611
786432
983042
786434
3
-327680
-917504
-1310717
-1376256
-1638399
-1769469
-1703933
-1507325
-1310718
-1245181
-851966
196611
262146
1
-1900544
-2621437
-2555904
-2555902
-2490366
-2621440
-2228221
-1835007
-3538941
2490370
6815746
-4194302
-3735552
-1835007
-1245181
-1114111
-917503
-589824
-524288
-589823
-262141
131074
851969
1114112
1245187
1114112
589825
3
-196608
-327678
-786430
-851965
-655359
-589823
-655359
-786430
-917503
-327679
393219
524290
327681
-458749
-2293760
-2359296
-2555901
-2424830
-2490365
-2555901
-2228222
-2752512
-1507328
7602176
-1114111
-5308416
-3407872
-1966080
-1900541
-1703934
-1441790
-1376255
-1572862
-1245183
-983037
-393213
-65534
131075
196609
-393213
-458751
-917502
-1376255
-1703936
-2031616
-2162687
-2424829
-2031616
-1835007
-1966080
-2031614
-1835006
-1310719
-131070
196609
-524288
-2097152
-2752511
-3014656
-2883584
-2490365
-2621437
-2818048
-2490368
-3604478
-589821
7602177
-2359296
-5111805
-2818047
-1835007
-1966077
-1376255
-1376253
-1441789
-1376253
-1048574
-131069
393219
458753
851969
786434
393219
262146
-196608
-983037
-1048575
-1048574
-917504
-1114109
-1179648
-1310718
-1441790
-458751
524291
720898
327682
-1769469
-2162687
-2359294
-2621439
-2228224
-2228221
-2228224
-1900541
-2621438
786435
10027010
-1638397
-5636096
-2490366
-1376253
-1441792
-1114110
-786430
-458749
-65534
393216
786435
1048577
1310721
1048578
393217
196609
-458750
-786431
-655357
-851966
-1048574
-917501
-1245181
-917501
-1245181
-655359
262144
720897
917506
2
-2031614
-2097152
-2424831
-2752511
-2621440
-2162688
-2228221
-2424830
-589822
9175041
6422528
-6356992
-4325375
-2293757
-1900542
-1703935
-1114110
-1310720
-1179646
-720896
-524285
262145
786432
917505
983040
327680
-262142
-786429
-1179648
-1638398
-1835007
-1835008
-1703936
-1507325
-1310719
-1376253
-1835005
-1507326
-393214
458754
524288
-1441790
-2686976
-2818048
-2883584
-3014653
-3145726
-2686974
-2686976
-2555904
-2424832
6619136
-131070
-6488063
-3342335
-2228222
-2162686
-1900543
-1572861
-1376253
-1310718
-851965
-458751
327683
786432
983043
1376256
655361
-131072
-589822
-917501
-1048573
-1441791
-1441792
-1310718
-1048576
-983038
-720896
-720893
-1048575
-589823
327680
983041
1048578
-524286
-1310718
-1572864
-1835006
-1769469
-1769471
-1572863
-1572862
-1114110
-2031614
7340033
2883587
-5373950
-2293759
-1703935
-983037
-720894
-589822
-393214
-524285
-262144
262146
917505
1114113
1507329
1572866
1376258
786432
327680
-65533
-327678
-655357
-720896
-720894
-524285
-1048574
-1507328
-1507326
-1441791
-1310720
-262142
458755
-131071
-1572862
-3211262
-2949120
-3080190
-3014654
-3276797
-3276798
-3211263
-2818047
-3407872
5767170
983041
-6488061
-3997694
-2752511
-2621440
-2359294
-2228221
-2228221
-2097152
-1703935
-1376253
-851965
1
196611
393218
-65533
-458750
-720894
-1245181
-1441790
-1507328
-1769469
-1769470
-1638400
-1703936
-1441791
-1703936
-1835005
-1245181
-458751
458754
786434
-720893
-1769469
-2686975
-2686975
-3014653
-2752510
-2359294
-2424831
-1900542
-3735549
6094849
4718595
-5963773
-5505023
-3080189
-1900544
-1966079
-1900541
-1638397
-1638398
-1114110
-655357
-131072
262145
589824
589824
393218
131073
-65536
-589821
-851965
-720893
-851967
-720896
-851967
-720893
-917501
-1048574
-1114109
-1114112
-720894
262147
983040
1114114
-655357
-1966079
-2162685
-2359295
-2424832
-2097151
-1966079
-1835007
-2490366
-1310719
7667714
-851965
-5439485
-2752511
-1376253
-1310719
-1703934
-1572861
-1114109
-1048573
-786430
-262143
327681
851969
851968
720898
458755
196610
-524285
-851967
-1114112
-1179648
-983038
-851966
-851967
-655358
-1114110
-1179645
-1441792
-1310717
-851967
-65534
720896
589824
3
-1638399
-2162688
-2686975
-2621438
-2490367
-2424831
-2555903
-2752509
7208961
655360
-5701630
-3932159
-2490366
-1966079
-2162688
-2031615
-1703936
-1703936
-1441789
-1179647
-720896
-327677
65538
131075
-65536
-458752
-720895
-1376255
-1703936
-1703936
-1572864
-1703934
-1835005
-1966080
-2228221
-2424831
-2686974
-2752512
-2621440
-2031616
-1179647
-589821
-1048574
-2752512
-3604479
-3604477
-3670015
-3473408
-3473408
-3407869
-3014655
-4194302
-1703936
6619138
-2752509
-5570557
-3604480
-2555903
-2424830
-2293757
-1900544
-1835006
-1572861
-1245184
-983040
-458750
196608
458754
393216
262147
-65535
-851967
-1048576
-983039
-1179645
-1376253
-1245181
-1114112
-1310717
-1638397
-1638398
-1835008
-1441789
-393216
393217
983043
393216
-1769470
-2359294
-2949118
-2818047
-2424830
-2424830
-2490365
-2162686
-2883584
7471106
3145731
-3211262
-4521984
-2228223
-1245182
-1376255
-1245184
-917501
-983039
-655360
-65535
196611
1114113
1048576
917505
720897
327682
131072
-262144
-917503
-1179648
-983040
-983038
-983038
-1179647
-1179648
-1245181
-1441790
-917504
-131072
720898
1572864
327680
-1835005
-2424830
-2293757
-2490366
-2228222
-1966078
-1966078
-1572862
-3342333
4849667
2490370
-8650751
-6029311
-4063232
-3735551
-3670013
-2949119
-2686973
-2555904
-2097151
-1441789
-1048576
-589822
131075
196608
-393213
-458749
-917501
-1441790
-1310717
-1507325
-1507325
-1441790
-1572861
-1376254
-1638397
-1507328
-1376255
-1310718
-393215
327683
655361
-327680
-1376256
-2424831
-2621439
-2621440
-2490367
-2490365
-2293757
-1572864
-2883584
5636097
4194306
-5767166
-3145726
-2097152
-1048574
-1179648
-983038
-655357
-589822
-589821
1
458755
1048576
1441794
1376259
1310720
720899
-65536
-589821
-851965
-1310718
-1441789
-983039
-655359
-655360
-1048573
-1114111
-1179645
-1179646
-851966
524289
720897
458754
-1114109
-2228222
-2490368
-2621439
-2555904
-2621440
-2424832
-2359293
-2752509
-1703936
7667715
-589822
-5242877
-2097149
-1572863
-1769469
-1572861
-1441792
-1179646
-1114111
-1048573
-262143
3
458752
393217
393218
-196606
-262143
-524288
-1507326
-1638400
-2031614
-1900543
-2031613
-1900543
-2228221
-1835006
-2424832
-1900544
-720895
-65536
196610
-327677
-1966078
-2818048
-2555901
-2555904
-2293757
-3473408
4980738
4849665
-1638398
-5177342
-2424832
-1179645
-1507326
-851967
-1048573
-589822
-393215
-65536
458752
983041
1179650
1179651
1048576
1179648
786433
196611
-65536
-524285
-720894
-983040
-917503
-983040
-1310718
-1245183
-1310717
-1310720
-393214
589827
1441795
-851968
-2228224
-2424831
-2162687
-2097151
-1769469
-1703936
-2359295
-327677
9437186
-851968
-5242877
-1835007
-1114111
-1310718
-917503
-720893
-720894
-393214
3
458754
1179650
1245185
1376257
1245187
851969
458753
2
-524286
-786429
-851966
-983037
-1048574
-1114109
-1114111
-1245181
-1245181
-1114112
-786431
131074
983043
1376258
1310722
-196605
-1966078
-2097150
-1966077
-1900541
-1441792
-1376253
-2555904
2555904
8060928
-3604480
-5505022
-2228221
-786430
-720893
-393213
-458749
0
65537
327682
917504
1572867
1966083
2359298
2359296
1572864
917505
458754
524289
2
-262144
-393215
-589824
-589821
-327677
-524286
-655360
-786430
-655359
-720893
-65534
1310722
1507331
983040
-720896
-1703935
-1966078
-2097151
-2031614
-2031613
-1703934
-1245184
-2097150
-524287
8323075
-1245183
-4718592
-2162685
-1441792
-1245183
-1310719
-1310717
-1310718
-1179647
-524288
-131071
327681
851970
1048577
655363
131073
-131069
-655358
-1572861
-1900541
-1900542
-1900543
-2031613
-2097150
-2162688
-2555904
-2818048
-2818047
-3014654
-2883582
-2293760
-1900541
-851967
-655359
-1966079
-3407871
-3604479
-3604480
-3538941
-3407869
-3276798
-2883582
-3735551
-1245181
4521984
3670017
-5898238
-3670013
-2359294
-2097149
-1769471
-1900541
-1638400
-1376256
-1179645
-851968
-655359
-196608
327682
524291
196610
-327679
-917502
-1114112
-1310720
-1900543
-1769471
-1638398
-1507328
-1441792
-1703934
-1638398
-1638399
-1703935
-1310719
-458751
327683
917506
-655357
-2424829
-2555902
-2621438
-2686974
-2621439
-2490367
-2293757
-3670015
4521986
5701632
-5767165
-4390911
-2359293
-2162687
-2293759
-1900544
-1638398
-1507325
-1245183
-917501
-720893
-327680
-65533
-131071
-393214
-589821
-786429
-1179648
-1310720
-1507325
-1441789
-1310720
-1638398
-1245182
-1376255
-1572864
-1572861
-1572861
-1572863
-1507325
-1114109
196610
917506
1376256
458754
-1245184
-1703935
-1507325
-1638398
-1703933
-1441791
-1441791
-720896
-2621438
4718592
6619136
-4456448
-2752512
-1245184
-786431
-458751
-458751
-458750
-262143
-327679
65536
524291
983042
1572864
1507329
1048576
589826
-65533
-720893
-1048573
-1179648
-1310720
-1376256
-983039
-851965
-917504
-1310718
-1376253
-1245184
-1441791
-1376255
-589822
393216
393219
327681
-786429
-2228222
-2359296
-2555904
-2293757
-2752512
-2097150
-1900544
-2686973
-983040
4521986
4849664
-5505021
-3342335
-2097151
-1966078
-1703933
-1900544
-1900544
-1507326
-1703934
-1245182
-786429
-524285
-262143
-65534
-196608
-851966
-1179646
-1441791
-1638398
-1966078
-1966079
-2293760
-2097152
-1900543
-2162687
-2293757
-1966078
-2097150
-2162687
-2031615
-1507326
-458749
262147
131075
-1703934
-2883583
-3014655
-3080189
-2752511
-2818048
-2752510
-2424830
-3342333
-2162685
8126464
-262143
-5767166
-3014654
-2293759
-1703934
-1310720
-1703933
-1376256
-1376255
-786431
-458752
-196608
524288
655362
786434
393216
65536
2
-393215
-458749
-917502
-1376253
-1048573
-983039
-1114110
-1507328
-1507325
-1376253
-1310719
-655357
327681
1114114
983040
-1245181
-2162685
-2621438
-2555901
-2424829
-2424830
-2162686
-1638398
-2555904
131073
9568259
-1703934
-5963774
-2949118
-1572863
-1769472
-1572862
-1638397
-1376254
-1114111
-917501
-458751
131073
720896
917504
655360
196608
2
-393216
-655359
-1179647
-1179646
-1114109
-983040
-983039
-1048575
-1376256
-1245184
-1507326
-1310720
-393213
851970
-327680
-1966077
-2162685
-2162686
-2228223
-2293758
-2424832
-2097149
-1835006
-3342334
6619137
2818051
-6356990
-3080189
-1835008
-1572863
-1507328
-1245184
-983037
-983038
-655357
3
393218
524291
983041
1376259
262146
-65533
-524288
-851966
-983040
-1179646
-720895
-720894
-589823
-851968
-786432
-851966
-720894
-786431
458755
917505
786434
-589824
-1835008
-2097150
-2359295
-1966080
-2228221
-2228222
-3014656
6488067
1900544
-6029312
-1703933
-1769469
-1507326
-1310720
-1179647
-917503
-262142
-131070
131075
589826
-327677
-851968
-1179646
-1572861
-1638399
-2097149
-1966077
-1835007
-1966079
-1769471
-1966080
-2162685
-2293759
-2359296
-2555903
-2424832
-2686975
-2228222
-983040
-851968
-1048574
-2097149
-3342333
-3473405
-3801085
-3866621
-3735551
-3604477
-3538943
-3866624
2031618
4390914
-6488062
-4980736
-3473408
-3080190
-2621437
-2752511
-2686974
-2555902
-1900544
-1638398
-1114112
-1048576
-589822
-262144
-196607
-524285
-786429
-1114110
-1441792
-2097150
-1966078
-1966077
-1769470
-1703936
-1900544
-1900544
-1900542
-1835006
-1638400
-786429
196609
655362
-196605
-1900541
-2555904
-2818048
-2949119
-2686974
-2555903
-2424832
-1835006
-3014654
196611
8716290
-2228224
-5111807
-2818045
-1441792
-1376256
-1376254
-1310719
-1376254
-851968
-524288
65538
524289
655361
524288
65536
-131069
-196606
-786430
-1245183
-1114112
-1507325
-1179647
-1114110
-1114110
-1179647
-1245183
-1245181
-1441790
-1310719
-458751
327682
917506
0
-1835005
-2293758
-2228224
-2031613
-1835007
-1638399
-1507328
-1703934
-2686976
4653057
6619136
-4915197
-2883583
-983040
-262141
-327678
131072
327683
458755
917505
1179649
1638400
1966082
2359296
2555904
2162688
1507329
1245185
720899
327681
65539
65536
196611
196610
131075
-196606
-327679
-393216
-262141
-393215
65537
1179649
1507330
1572865
0
-851965
-1507326
-2097151
-1703936
-1572861
-1900541
-2031616
-1376256
-2752512
6750208
3473408
-5177344
-2228223
-1638399
-1048575
-917504
-786431
-720896
-655357
-524287
-196607
327682
917507
1441793
1441792
917505
131073
1
-262143
-720896
-1048574
-1179645
-1179645
-1179646
-917504
-1179647
-1114109
-1376255
-1572864
-1441791
-1835005
-2228221
-1572863
-65533
262147
-262141
-1703933
-2621440
-2883582
-2949118
-2883583
-2818045
-2686975
-2752511
-2949119
-3538941
6094851
393219
-6225920
-3407869
-2293758
-2228223
-2031615
-2097151
-2162686
-1769469
-1507326
-1114110
-786431
-262144
131075
131073
-262142
-524288
-851968
-1048574
-1507326
-1703936
-1638397
-1703935
-1769470
-1638400
-1703933
-1703933
-1703936
-1900541
-1769470
-1572863
-1048576
131074
393217
-327678
-2031615
-2752510
-2752512
-2490367
-2818046
-2621439
-2424829
-2228222
-3538943
393218
7995392
-3276797
-5046272
-2621439
-1507326
-1835005
-1507328
-1179647
-1245183
-1245184
-851965
-524287
65538
720899
1048579
720896
262144
0
-131071
-720896
-983040
-983039
-786432
-720896
-786432
-1179647
-1179646
-1179645
-1179648
-1441790
-1245182
-458751
262146
917507
393216
-1572864
-2293760
-2424831
-2490368
-2555903
-2097152
-2097152
-2097149
-3145725
458753
9175040
-2031614
-5111806
-3342336
-1835007
-1310717
-1048574
-1114109
-655360
-786430
-393214
-65535
458753
786432
1114112
720897
327682
-65536
-524285
-720896
-917502
-1310720
-1048574
-1048573
-1048574
-1048574
-1179648
-1507325
-1310719
-1310719
-1245184
-655358
262144
917507
196611
-1638399
-2293760
-2228222
-2162686
-2555903
-2162686
-1703935
-1638398
-2424832
196608
8126467
-1835005
-4456448
-1769469
-851967
-1179646
-589823
-393215
-393216
-524285
-196606
524288
655360
1048577
1179650
983041
720897
262144
-262142
-655358
-786432
-983037
-1179646
-655360
-655360
-720894
-851967
-983038
-1048573
-786430
-786432
-327680
786435
1376258
1376257
131075
-1572863
-2162686
-2359295
-2424829
-2293757
-2228223
-2424829
-2031616
-2883581
6553601
7012352
-3866623
-4521982
-2752510
-2293758
-2228222
-1900541
-1966080
-1638397
-1441790
-1245182
-917503
-393214
-262143
196609
131074
-655358
-1179647
-1572862
-1769472
-2162687
-2162687
-2228223
-1769470
-1507327
-1572861
-1638398
-1835007
-2097150
-2162685
-2097152
-2162686
-1376254
-458749
-524288
-1572861
-3276800
-3670014
-3604479
-3801087
-3866623
-3866622
-3604478
-3080192
262147
5767170
-4718590
-5046269
-3276797
-2621439
-2686974
-2555903
-2293758
-2359293
-1769469
-1441791
-1048573
-393216
-393215
-327678
-851967
-1048574
-917503
-1638399
-1769469
-2228221
-2031613
-1769472
-1835005
-1769471
-1835007
-1900541
-1703935
-1769470
-1376256
-393213
524288
720897
-524288
-2162686
-2490366
-2490367
-2555903
-2359295
-2359296
-2031615
-1835007
-3735550
5570562
5505026
-5636095
-3735550
-1769470
-1441792
-1245182
-786429
-1310717
-1114109
-786429
-589823
-65536
524289
524288
720896
655363
196608
-196606
-655357
-983039
-983037
-1114109
-1048575
-983037
-1048574
-1114109
-1441792
-1703934
-1376256
-851967
-65533
851970
786434
-1114110
-1835006
-2228223
-2555903
-2228222
-1900544
-1769469
-1507326
-2162687
458753
9633792
-1572861
-5439485
-2293759
-1769470
-851968
-655360
-524288
-524288
-327678
131075
524288
1048578
1441794
1638400
1638400
1179649
393219
131074
-458749
-786430
-917504
-917503
-786430
-589823
-524287
-655358
-917504
-1048575
-131071
851971
1376258
524291
-1441790
-1966079
-2424829
-2424832
-2228221
-1966079
-2097152
-1769469
-2883582
2424832
6291456
-4718590
-4128766
-2097150
-1441791
-1179647
-983037
-983040
-589821
-393216
-458749
-65536
524288
1048577
1179651
655363
327683
-393216
-983037
-1245183
-1703936
-1703935
-1703936
-1507325
-1769470
-2031615
-1835008
-1638397
-65533
-65534
-458749
-1507327
-2752512
-3276799
-3538942
-3145726
-3342333
-3276797
-3080190
-3670015
-1966080
6750210
-6291454
-2883582
-2359295
-2228223
-2424831
-2359294
-2097152
-1507325
-1572862
-786430
-983037
-589821
-458750
-786432
-1441790
-1572861
-1966078
-2097151
-2228224
-2555901
-1966080
-1703933
-2228224
-2228223
-2424829
-2555904
-2621439
-2686975
-2949120
-3080190
-2031614
-983037
-1179648
-1769471
-3211263
-3866622
-4194302
-4194303
-3866622
-3997694
-3538942
-3014654
-3866624
-1441790
6684672
-3145727
-5701629
-2883581
-2359296
-2359296
-2228222
-1835008
-1703936
-1638397
-1048575
-1245184
-983037
-131071
196611
131072
-262143
-524285
-720893
-917501
-917503
-1048574
-1048576
-786432
-851968
-917502
-786430
-655360
-851966
-917501
-262142
851968
1835010
1638402
-589821
-1703933
-1376254
-1638398
-1572863
-1638398
-1572863
-851965
-1310718
9240577
2228227
-5308416
-1835008
-720893
-393216
1
131073
-65535
327681
327682
655362
1441794
1769473
1900545
1245186
720897
327680
0
-327677
-393215
-458749
-131070
-458751
-589821
-196606
-131071
-655358
-131071
786435
1507329
1703936
589824
-393213
-1441790
-1703933
-1769470
-1769471
-1703933
-1376256
-1114111
-2621439
5505026
5898242
-4980734
-2818047
-1835008
-589824
-720895
-786429
-393213
65536
131073
720899
1507329
2031616
1966080
1769475
1114115
851968
-65533
-524286
-983040
-786430
-524288
-524287
-262143
-327678
-458750
-327679
-262144
-262144
-589822
-589824
65536
1179649
1376256
1048579
-720894
-1310717
-1638398
-1835005
-1441792
-1114110
-1114109
-2293758
1310723
8585219
-2162686
-3866623
-1245183
-1179647
-851968
-786429
-524286
-327679
-524285
-327678
65539
589827
1179648
1245185
1245184
589827
262144
-327678
-655359
-851967
-1048576
-1048576
-1114110
-917504
-851965
-655359
-1048573
-1376256
-1572862
-1703933
-1572864
-1703936
-1835007
-655357
-131071
-65533
-1114111
-2621438
-2752510
-3014653
-3473407
-3538943
-3145728
-3211263
-2490368
-4456446
2490369
4915202
-5439485
-3932159
-2359293
-2162685
-1900544
-1769470
-1835006
-1441792
-1507326
-1114112
-655360
-327678
393216
589824
327683
-196607
-524288
-1048575
-1507327
-1441791
-1572861
-1769470
-1572863
-1638397
-1703934
-1835006
-1703936
-1966079
-1835005
-1376254
-720896
327681
655360
196609
-1703936
-2686973
-2686976
-2949117
-3014653
-2621437
-2686974
-2424831
-3735550
5701632
4521985
-2228223
-5505023
-3014656
-1835006
-1900542
-1769471
-1572862
-1769472
-1507325
-1179647
-655360
-196606
262145
393217
65539
-458751
-917504
-1048574
-1441792
-1835006
-1703935
-1507325
-1245182
-1179646
-1179648
-1441790
-1769470
-1572862
-1703934
-1703935
-1114109
2
393216
327681
-1310720
-2424829
-2752510
-2555904
-2490368
-2490368
-2424831
-2162685
-2359295
-983039
7995394
-524287
-5308415
-2490366
-1572863
-1572861
-1376253
-983038
-917503
-851965
-589821
-65535
327682
851971
1245185
1114112
720898
-65534
-589822
-720896
-917501
-983038
-1310719
-1114109
-851966
-786430
-851966
-983037
-917503
-1114109
-917503
1
524289
1048579
196609
-917501
-1703934
-1507328
-1769472
-1703935
-1835007
-1703934
-1245181
-2228221
65538
8454146
-1376256
-4259839
-1441792
-1048575
-1114109
-917502
-917503
-983038
-720893
-393213
-131071
327682
589825
1114114
1179649
262146
-131069
-655360
-917503
-1245183
-1376256
-1572863
-1245182
-1048575
-1114110
-1310719
-1638400
-1769471
-1835006
-1966077
-1835006
-1966077
-2228223
-2162686
-851967
-524288
-655360
-1376253
-2818047
-3145727
-3145725
-3407869
-3145728
-2818045
-2752510
-2555904
-4587519
3801091
5505026
-5505023
-3866621
-2293758
-1835008
-1703933
-1769471
-1441792
-1376255
-1245182
-917502
-589823
-131071
327680
720898
524288
65538
-327678
-786431
-1114111
-1441791
-1507327
-1441792
-1376253
-1703936
-1441792
-1572862
-1638397
-1441790
-1638400
-1310720
-851967
131075
786435
1048579
524289
-1572862
-2031615
-2228221
-2490365
-2097151
-1835007
-2162686
-1703933
-2359295
7995392
2293763
-3932157
-4587517
-2293759
-1179648
-1441789
-1245182
-1048576
-1310719
-851967
-589824
-589823
0
196608
262146
-196605
-720894
-851965
-1048575
-1835005
-2228224
-2228222
-2162685
-1703936
-1703936
-1966078
-2097150
-2031615
-1900542
-1966077
-2490368
-2490368
-1376255
-655357
-327677
-1572863
-3473406
-3735550
-3604479
-3604480
-3407872
-3276797
-2818048
-2818046
-4194304
5373952
2949120
-6422527
-3604478
-2490366
-2031614
-1769470
-1703936
-1703934
-1638398
-1376254
-917503
-589822
1
720897
720896
327682
-65533
-327678
-524287
-1179646
-1507328
-1572862
-1441791
-1441789
-1507327
-1376253
-1441792
-1441792
-1638399
-1703936
-1769471
-1835008
-1835005
-720895
-196608
-327680
-1310718
-2490366
-2949119
-2818046
-2228223
-2293758
-2293757
-2490367
-2621437
-3407869
1835011
-6094847
-3342333
-2031616
-2097151
-1769472
-1966080
-1835006
-1703933
-1835008
-1441790
-917504
-458751
-262142
-131069
-524285
-983039
-1507326
-1572861
-2031615
-2293759
-2293757
-2293757
-1966079
-1835008
-1966078
-2228221
-2293758
-2359294
-2293757
-2162686
-2097149
-1835006
-1572863
-524287
-524287
-1048575
-2621439
-3014654
-3211263
-3145727
-2949120
-2883582
-2752511
-2359293
-4194304
-983037
7077891
-2621438
-4849662
-2686975
-2031615
-1769471
-1572864
-1310719
-1572862
-1376254
-786432
-655360
65539
786432
720898
786432
458753
393216
393216
-262143
-720895
-1048574
-983039
-1114110
-983040
-851965
-917501
-983040
-1114111
-786432
-458749
-65533
917506
1638401
1048579
-917503
-1441792
-1835006
-2162688
-1966079
-1835006
-1376255
-1179645
-2883581
2228227
-2883582
-3866622
-1703935
-1048573
-983038
-720895
-589822
-524286
65536
-196607
458752
786434
983042
1179650
1114114
786432
327681
262146
-262141
-262143
-786429
-720893
-327680
-131070
-131070
-524285
-393214
-524286
-393215
-327680
65539
1179649
1835008
1703938
393218
-983039
-1507326
-1638397
-1441789
-1441791
-1114109
-917504
-983038
-786431
8716290
1835011
-4784126
-1835005
-589822
-524288
2
1
131073
196610
196610
589824
1114113
1572865
1966083
1900544
1441792
983042
589826
131074
1
65539
196610
196610
720897
720897
786432
262145
2
196610
2
-65533
917505
1900544
2097155
2031618
589825
-786430
-917502
-1179645
-917502
-1245181
-983039
-851968
-1966078
1572867
7208961
4653058
-4456448
-1966077
-917504
-655359
-524288
-458752
-655359
-524287
-65534
65539
262146
786433
1376258
1572864
1114113
393218
-131070
-851965
-851967
-1179647
-1245184
-1179645
-983040
-917501
-983040
-1114111
-1048575
-1441790
-1376255
-1179645
65536
262145
-327680
-1572863
-2097152
-2555901
-3145725
-3014656
-3014654
-2949120
-2818046
-2555902
-3866622
5505025
1835010
-6488063
-5177341
-3145726
-2424830
-2293759
-2424830
-2359295
-2293759
-1900544
-1441792
-720895
-327680
-196608
-65536
-131069
-720893
-1179646
-1179647
-1835008
-2228223
-2031613
-1835007
-2031613
-1966078
-1966080
-1835005
-2162687
-2359293
-1703933
-917504
-327679
-327677
-2031615
-3407870
-3538944
-3407869
-3538944
-3276799
-3145726
-3014655
-3080192
-4063231
6553603
2097153
-6750205
-3801087
-2359293
-2162688
-2097152
-1638400
-1638400
-1835005
-1245184
-983038
-393215
-65534
262144
262145
-65533
-131070
-524287
-917504
-1245183
-1310718
-1310718
-1179647
-1048573
-1114110
-1114112
-1048573
-1310720
-1245181
-917502
65538
1179651
1441795
327681
-1966078
-2293759
-2555904
-2424830
-2359295
-2162687
-2228224
-2293757
-2228221
7864323
589824
-5046271
-4128765
-1769472
-1572861
-1376255
-1179645
-983039
-655358
-327680
458752
983040
786435
983040
655363
327680
65538
-655358
-786432
-720895
-983039
-786431
-655358
-458752
-917502
-1048575
-720893
-917503
-1245182
-1310717