-12517376
-12451837
-12648448
-12910589
-11796479
-10813438
-9895934
-7995389
-7733247
-7012352
-5701632
-5177342
-4849662
-4849661
-4587518
-3801086
-4063232
-4980734
-5373950
-5308416
-4521982
-2359293
-2752512
-2621440
10223618
7340033
-1769472
524290
4718595
3866624
4587521
6225921
8716290
10682370
10747906
11993089
13041665
12976131
13893634
13959168
14876672
15269889
14221312
13434881
14090240
15073283
14680067
14483459
14942210
12058626
14024706
16384002
16777216
17235971
13631489
13565953
13303811
13631488
12648448
11403264
12648450
12910594
14024704
11010051
11862017
24444929
20381696
9699328
13762560
14876672
14286849
14876673
14548993
14090241
14090243
14221313
15204352
15597569
16252930
16384000
15532033
15532035
15400962
14155777
13631490
12779523
12320769
11927553
11206659
11206657
10813443
11468803
12648450
13107201
12058626
11862019
11730945
10158080
8912899
8716291
7405571
6684672
6291457
5505027
3997699
7077891
18350083
7471107
851969
4521985
3473411
4259840
5046274
5308418
5308416
4980738
5832704
7274498
8257539
8519683
9568256
8781827
6750211
6750209
7667713
6553603
4390915
3801091
3997697
3670019
4456451
5439488
5505027
5046273
5046274
6225920
6356995
5898243
5177347
4784129
4259841
3670016
2490371
2162689
1441794
-1572864
8519680
9764864
-5111805
-3211263
-1703934
-1310720
-1114111
-851965
-1114111
-2293759
-2686975
-2228222
-1310717
-983038
-720894
1179651
2031617
983041
65538
-983039
-1310719
-1835006
-2555903
-3407872
-3080191
-3014655
-3145726
-3342336
-2359294
-2097149
-1572861
-1507325
-2097150
-2818045
-2490366
-3538942
-3932157
-4390911
-4587519
-5636096
-3735551
8126464
1835010
-5505023
-6422525
-3604478
-4063230
-3342334
-2818048
-2949118
-2883583
-2424832
-1179648
196611
917505
851971
196611
-655359
-7602173
-8781823
-10551296
327682
2359298
-12517376
-12058622
-11337726
-12386302
-12451839
-11862016
-11796480
-12320766
-12451839
-12451837
-12779520
-13041664
-13303806
-14286846
-15466493
-16252926
-18022398
-19005439
-19595263
-19922944
-20119552
-19398655
-18612223
-18612222
-19136511
-18874365
-17956863
-18612223
-19726336
-20512765
-22151168
-23330816
-23003136
-21889024
-23986176
-19267583
-5111805
-17301502
-24313853
-19988479
-19988479
-15663103
-12386302
-12713982
-13238271
-14286846
-13631487
-13172733
-11730942
-11206656
-11665407
-11141117
-11272191
-10944510
-9109504
-9764864
-9043966
-6750206
-6815744
-6619135
-5898238
-4456447
-3932160
-4653055
-4390909
-3866623
-4653054
-4063232
-2949119
-2424831
-2228224
6815744
10092544
-4390912
-1900542
-2621439
-2752509
-917502
131074
458753
1310721
2752513
4718594
5111808
3670017
2752512
2949122
1441795
3
-1441792
-2097150
-1179648
-655359
-262144
-393213
458754
851969
1245187
2490371
3866624
3080192
1376256
393219
-786431
-983038
-2359295
-851967
11927553
2883585
-5701630
-1441792
-2686975
-3473408
-2883583
-2555904
-3932159
-5046269
-4521984
-3538941
-2818046
-1966080
-2293758
-4325374
-5767167
-6488064
-5373951
-4915199
-5767165
-5439486
-5505023
-6094847
-5373951
-5767165
-5898240
-4980734
-5832703
-5308414
-6094848
-7864319
-8388606
-7471102
-9043968
-9764861
1376257
3997696
-11534334
-9175037
-8388605
-8781824
-7733248
-7667711
-5832701
-4325376
-4259840
-4194304
-2818045
-655358
-393215
1441795
2424834
2293763
2293762
1900547
2293761
3670017
5505025
7012352
7077888
6488066
7536641
9109506
9568259
9699330
9895939
10551296
10092545
8454145
8126464
7077889
10551296
24707075
14221315
5111811
9633794
9437184
10944513
11665410
11599873
11862019
11993090
13238274
13959170
14155776
14811138
15466498
15990785
14614530
12779520
13172738
17432579
17694723
15138816
14680067
12976131
12779522
13565954
12779523
14417923
15073282
14811136
14680067
13041665
11599874
10747905
10158080
8192002
14155779
21626883
19791872
5177344
7405571
6553602
6422529
7143427
7667714
7471104
7602176
8519682
8585219
10223618
10485761
10485763
11010051
8323073
7274498
6946817
7405568
7143424
8519681
11010049
11468801
11272193
10616832
10158081
10092547
10027008
10616833
11534337
11141121
10747906
9502721
8781824
9371651
7929857
6684675
14483457
18677762
4521985
3670019
5439491
5373955
6488067
7208961
5636097
4718594
5767170
5898242
6225921
6356995
6160387
6029312
5767171
4063232
3407874
3932161
3801088
3276803
4325378
4521984
5111810
5373953
5046274
4784128
4653056
5046272
4784131
4259840
4915200
5242881
3932161
3538944
3670019
4128771
2949121
2883587
1179648
8257538
13631488
2293761
2228226
4915201
4718593
5373955
5570563
4784129
3735553
3801089
4194306
4915203
5505024
5832705
6291458
6750211
6160384
5308419
5177344
5046272
3997696
4390913
3407874
2818051
3801091
5963776
6422528
5767171
7274496
7602179
7929859
7405568
5767170
6619137
6356994
5046274
4259842
2621442
1376258
1245184
262146
2883587
11730947
10682370
-3014656
-5177342
-3211264
-4521983
-3211264
-2818046
-3473406
-4194301
-3145728
-2228224
-3014656
-2031615
-1507325
-2359294
-3145727
-4259838
-5963776
-4325375
-3538942
-3080189
-2752509
-3407872
-3932158
-4390910
-3932158
-2686976
-3801085
-3932159
-4063229
-3801086
-5242879
-5898240
-6750206
-8323071
-9437182
-10027007
-10354688
-9633791
-11010045
-4521984
3932162
-11337727
-15269886
-11599871
-13434877
-12779517
-13500415
-12845055
-12910589
-13565951
-12058622
-11010048
-10944511
-8585215
-8323069
-8978430
-10354686
-9961470
-9699327
-9175040
-10944511
-11599869
-11272189
-10813440
-10158077
-9764862
-8519680
-9764861
-10420222
-9895936
-8585213
-9043968
-10223616
-10158079
-10551296
-9240575
-9830399
-10682365
1507329
-2490367
-12779520
-10158080
-10289151
-9961469
-10551296
-8912893
-9043966
-8847360
-8454143
-6881277
-3211264
-3407872
-3538941
-4915198
-4521981
-7536639
-8978430
-8585213
-7733246
-5570560
-4521984
-3538942
-4849662
-4718590
-4587517
-4849664
-3670014
-2752509
-2490367
-3735550
-4063232
-3997694
-3670015
-2621440
-3604477
-5636093
9437186
-2424832
-3342334
-1835005
-1703933
-1245182
-1572864
-1441790
-1769472
-2686976
-3407871
-3211264
-1507327
-262144
720899
2883584
2752512
1900547
1703936
2424835
1507331
2
-458750
-1703933
-1638398
-1048576
-1441790
-1507326
-1441791
-983040
-1376254
-2424829
-2490367
-3604478
-3735552
-3735549
-5242877
-3407869
8781826
2031619
-6881280
-3538942
-4849664
-5439485
-5242880
-4849663
-4980736
-5111805
-4194303
-4390911
-2883581
-2752509
-3801086
-4063230
-3735551
-3735549
-5046272
-6946814
-7077886
-6684672
-5963773
-4587520
-4325376
-3604478
-2949120
-3407870
-3276798
-3080192
-3145728
-4784128
-6094845
-5898240
-3604479
-3145728
-5177341
4194304
10223619
-5898238
-7929855
-5832704
-5046272
-3997693
-2883583
-2031614
-3473406
-3407872
-2293759
-1507328
-851966
262147
720899
327680
-917501
-262143
3276802
3670018
3145731
2818050
2621443
3342337
3145730
2031618
2555906
1376256
3
327683
-262142
-2359295
-3604478
-3276798
-2883582
-4128766
3932162
10616834
-3211264
-6881279
-4194301
-4128767
-4194302
-2621440
-1835008
-2883582
-2424831
-3276797
-3342336
-2031616
-1048575
-327679
-131070
-524286
-1310718
-2359294
-2883582
-2818046
-2883584
-2359296
-1769469
-1114110
-2031613
-1966080
-1507327
-851967
-196607
-720893
-2752512
-3145727
-3342334
-3342335
-4849661
2686979
8323072
-5898240
-6815743
-4390912
-5439485
-5373949
-4456448
-4128767
-3538944
-2752510
-2818045
-2752509
-2097149
-1310718
-851967
-917502
-720894
-786429
-458751
65537
1638403
589824
1310721
1048579
1638400
2359297
2883585
1900546
2424832
2097154
524291
196611
196610
2
-2949119
-1703935
9568256
524290
-7405565
-4128768
-4063230
-3473406
-3014654
-2555902
-3276799
-3866624
-3801086
-3866623
-3538941
-2228222
-1638398
-2162688
-1900543
-1900542
-2097152
-2555901
-1376254
-786431
-196607
589824
524288
851969
589826
720899
655362
1048578
983042
65536
-851968
-720894
589825
1900546
-524285
7274496
12255235
262146
393217
458755
-1114110
-983040
-65534
-1114110
-393214
983040
786435
1048576
786432
851971
1114114
720899
-327677
-786430
-983040
-851965
196609
1376256
1048579
-131071
-393216
196610
1245184
1966083
2424835
3801090
3538944
2490369
2555906
1966081
2162691
851971
655363
12124162
7798785
-3342336
-327677
-458751
-458749
-262142
-983037
-589823
-1572864
-1638397
-2031614
1507330
6750208
4456450
2162691
-131071
-2097150
-2555902
-3473407
-2818047
-1703934
-1835008
-1966077
-2228222
-1179647
-1441790
-1245184
-1441790
-1048575
-589822
-589823
-1245184
-2359296
-2031615
-1245182
-3080189
2293763
12845056
1179650
-5570559
-2818048
-3080190
-2818047
-2490366
-2228221
-1638400
-1703936
-458749
-262141
-1179648
-786430
0
1638402
2490368
1507331
983040
524291
196610
-458749
-458749
-1179647
-983037
1900546
2818049
-655358
-393216
-589823
-983039
-1835008
-3145725
-3604477
-5242877
-5373952
-7077885
-1441791
7864321
-6029309
-11075584
-8257534
-7995391
-7405568
-7143423
-7798782
-7471102
-6946813
-5439487
-5242877
-5373950
-4063229
-2686975
-3080189
-3801088
-4259837
-4784126
-6160382
-7012352
-6815743
-6881278
-6422528
-5898237
-4980734
-3342336
-2097150
655363
262145
-262142
-1245181
-917504
-1507326
-1835008
-65535
-1048574
5439491
12386307
262147
-917502
917504
-393213
983040
2097152
-1179646
-1900542
1507328
3080195
3735553
4456448
6553601
6356995
4587522
4390914
3735554
3211264
1507329
65538
-262144
0
-65534
589825
655363
-393214
-327678
-655357
-1572861
-983037
-1048573
-2031614
-3145728
-4390912
-5177342
-5373949
-4915199
-6881278
-720896
4390912
-327677
-6815743
-3211262
-3080191
-3473406
-393216
2949123
2752513
2490369
1179651
-1048576
-1835008
-1441789
-589822
-1441790
-1376256
-2162688
-3211263
-2752511
-2031615
-1507325
-1703936
-1703936
-786432
-983037
-1245184
-851968
-589823
-458750
1
-262144
-851965
-327678
-720894
-983040
-983039
-917502
-1179648
-1835008
8781826
8060931
-3997695
-2686974
-2686974
-2752511
-1507328
458752
1048576
786434
1048577
786433
-393214
589826
1703937
4456451
7143427
5570561
3997698
1310721
-1245182
-2097151
-2555901
-2686973
-3276799
-3276800
-3145727
-3538944
-3145728
-2228223
-1900543
-2031615
-1703935
-2752509
-4521982
-5636096
-5439488
-5832701
-8519679
6488064
-7208960
-6815744
-6029311
-5832704
-6488062
-6160381
-5046271
-4456446
-4194303
-3145725
-2424830
-1769470
-524288
-65534
-393213
-1441791
-2293760
-3407870
-3080191
-3407870
-5111807
-7143422
-6750207
-6488064
-5832703
-5373949
-5177341
-3670014
-2949117
-3080191
-3538941
-4718591
-5767167
-5832704
-4456447
-4784128
-2555904
10616834
851970
-9764863
-5701629
-5701630
-5570560
-4390910
-4259837
-4849661
-4718590
-3538941
-3145725
-3080190
-2949120
-1835006
-524285
-917501
-2097150
-2424830
-3145726
-2818046
-2031616
-1310718
720896
786432
-458750
-65534
-917501
-1900543
-1900543
-3276798
-4718589
-4784128
-4718590
-4390910
-4390909
-5177343
11272195
-131071
-8978430
-6356991
-8519677
-7012351
-5570558
-6029312
-5832704
-5963774
-6553600
-4653055
-4194301
-3342333
-2555902
-2555902
-2883582
-2359295
-1376256
-1572863
-1572862
-917501
458755
327683
-196605
-1769470
-1835005
-1179647
-1310720
-1048574
-1441791
-2228224
-2621440
-3407869
-3538943
-4063229
-5439487
5767171
-9043966
-8454143
-7143421
-6488064
-6881279
-6356990
-5242878
-4325375
-4128765
-4456446
-4718589
-3145726
-2359296
-2555903
-1441792
-1310717
-2293759
-1638397
-1310718
-786429
-589824
-983037
-1114110
-2031616
-2424832
-3211263
-2949118
-2293760
-3080192
-3014654
-2686973
-1114110
-589824
-1114112
-1048574
196610
3
10485761
5308417
-5308415
-2097151
-1638400
-851967
-262141
2
-196608
851968
589825
-1048574
-720893
-1114109
-1376255
-786432
-393216
-1048573
-1114112
-1310719
-1835007
-851968
196609
65536
262147
65537
131073
1900545
1900544
1966083
2293760
1966083
1900547
2228225
983043
131075
-1114110
-851968
-2555902
131072
10813443
2359297
-2555901
-393215
196609
131074
851968
1048578
589826
-524285
-65536
1376256
3145731
3538947
3407874
3604480
3997696
4194305
2752515
2228225
2228227
2424832
2162688
2883585
2949121
2228225
1376259
786432
589826
1114115
2555906
3145729
1835010
1245187
262144
-589824
-393214
-720895
-1048574
-1507325
9043971
11665409
1310720
-1703934
983042
786432
458753
-196606
1245186
1769473
1835008
2752514
2818048
2686976
2228224
2097152
1966082
1310720
524288
327683
917506
1114114
393217
-196606
-655357
-524285
-262141
-1572863
-1310717
-1376255
-458750
-262144
-458752
-1048573
-2818048
-3342333
-2686973
-2293760
-3145726
-5832703
3276800
6750210
-6422526
-5439486
-4325376
-3473407
-2883584
-2621440
-2621437
-2752511
-2949119
-2686976
-1835008
-1835005
-1638399
-1245181
-1441790
-1703933
-2228222
-3211264
-3145728
-3932159
-3211263
-2752509
-2359295
-1703933
-1507328
-851965
-720893
0
-327679
-1376255
-1245182
-2686976
-3735549
-3866623
-4784128
-4390911
-6422528
327681
8126466
-6094845
-8191998
-6815742
-7208957
-6815741
-5832702
-5767165
-6029310
-6422526
-5505024
-4980736
-4063229
-4521984
-3407870
-2424830
-3997696
-5177341
-5570559
-5963773
-6488061
-6553599
-6291454
-5439486
-6356989
-6488063
-6225920
-6422528
-5177344
-5308416
-5767166
-4587517
-5046272
-5242880
-4653055
-5308415
-6488064
-5636094
6815745
3276802
-9895934
-6815743
-6225919
-6291454
-7077886
-7536640
-8388605
-8650751
-8454141
-7208958
-5963776
-5832702
-5505022
-6160382
-7274493
-7340032
-6422528
-6684671
-7798782
-9240575
-7733248
-6291455
-5636096
-4390911
-3080190
-2097151
-1179646
-1245183
-1310718
524290
589825
3
-851968
-589821
131074
-655358
-720894
9633792
6946816
-4521984
-2228222
-1441792
-1966077
-2162685
-2424829
-2686976
-1966078
-1376253
-589822
786435
393219
-327677
196609
65538
-196605
-458749
-589824
-1376255
-1376254
-393213
262146
1179648
1376259
2555904
2686976
3473408
3145730
2752513
3473411
4849664
3342336
2031618
786434
786434
1114114
-851966
6946818
10813443
-1310719
-2424830
-1048573
-720895
-1048576
-851965
983040
2031619
2162688
2228224
2031618
2097154
2621441
3276802
3080192
3276803
3145731
3014656
2490368
2097154
2097154
2359299
3145731
3342339
4456448
4587522
4653057
4849666
5439490
5505026
4980737
3342337
2621440
1376259
917506
1703939
-131071
3276801
13303808
2818049
-3014653
-1441790
-720894
-851966
-1441791
-1376256
2
720898
524288
720897
786432
1048578
1179649
1376258
655360
-458751
-589821
-786430
-1179648
-917503
-1245184
-1310719
-458750
-655360
-524286
-458752
-1048576
-786431
-1114110
-786430
-655359
-1703935
-786432
-393215
-262141
-393215
-458750
4587522
983042
-3473405
-458750
-1179648
-1507325
-1703933
-2949117
-3801088
-3932160
-3145726
-2752510
-2490367
-2818047
-3407869
-2031616
-1966077
-1310717
-1572862
-2359293
-2228222
-2490365
-2359294
-589824
65538
-458752
-1179645
-2555902
-3145728
-1638398
131075
2490368
524288
-655359
-720896
-1507328
-65534
-196605
1245187
12845056
4915200
-5242877
-1179646
-2228223
-786430
-917504
-1376256
-1703933
-2686974
-3014654
-3014655
-2162685
-2162687
-1507325
-1245183
-1310720
-1572861
-3145728
-3473406
-4718591
-4456448
-4259837
-4063229
-3604480
-3997696
-4325375
-3932158
-3473408
-2818045
-917502
65536
720899
-655357
-1507325
-1114109
-1310720
-1703933
-3211261
-1769469
9502722
3538945
-5046272
-1638400
-2031613
-1900541
-1966077
-1179648
458754
2686977
2359296
1507331
1245187
851968
1114114
458752
-65535
-589824
-1376254
-2752511
-3997695
-4194301
-4063231
-4456445
-4784126
-4849663
-5111805
-4980736
-5177342
-4980736
-3801088
-3342334
-2162688
-1703936
-2490367
-3538942
-3014654
-3801087
-4521984
-3735552
-5308415
655360
7012354
-4980735
-6160384
-4390911
-4980735
-4849661
-5046269
-4718591
-3538943
-2752509
-917504
-1376253
-851968
-917501
-786431
-1048576
-1179647
-655358
-458750
-917504
-917501
-851965
-393214
-589821
-655359
-851968
-917503
-524285
-262143
65538
524291
-327678
0
983043
1572865
1179649
-262142
-65533
262146
983041
65539
-524285
8323073
10747905
-2293759
-1114112
-1507327
-2424831
-786430
262146
1179648
917504
786435
1769472
2162689
2883585
3276802
2555907
2097154
3211264
2490370
1441793
1769475
1245187
1638403
1572867
1900545
1966082
655362
-589823
-327677
196611
393218
262147
983042
1507331
393217
-1114110
-786431
-458752
-1638398
-393214
-1900542
4063234
13828097
1966081
-1703933
-655358
-1638398
-1703933
-1048574
-1048574
-851967
-720896
-393215
458752
327683
917504
524291
1310720
2555907
2686976
1966082
1179650
327682
262144
-851968
-196605
-262142
-393215
-327679
-1638399
-1441792
-720896
-1376253
-1048573
-131069
-786429
-2883583
-4390909
-4325376
-4456445
-3670016
-4063232
6029312
8519681
-4587519
-4849664
-4128768
-5242879
-5046272
-4587517
-3407871
-3670016
-3473408
-2097152
-1507328
-589824
-917504
-1179646
-1048576
-983040
-851967
-1835005
-2555901
-1376255
-589821
-524287
-1376255
-655360
-983039
-2162686
-1572861
-1638398
-2293760
-1835006
-1900541
-2293758
-2686975
-3604477
-3145726
-2949119
-3014656
-4325376
524290
7405570
7733250
-5570559
-4194302
-4063229
-4325376
-3932158
-3735552
-3538944
-3997693
-3538942
-3670014
-3670014
-3145728
-1179647
524289
-262142
-1638400
-2359293
-2293758
-2949120
-3080189
-2949118
-2359296
-2621439
-2949117
-2686976
-2949120
-3866623
-4653054
-4194303
-3997693
-4128768
-3866623
-3735549
-3538944
-2949119
-2293757
-2359293
-3604480
3080194
9895939
-2949118
-5046271
-3604479
-3014655
-3997696
-3211262
-3211261
-1900544
-1703935
-3276798
-3211261
-2621440
-3211261
-3145726
-3211262
-3538941
-3473408
-2359295
-2424832
-2818048
-3342336
-3866624
-3473408
-2555901
-1769470
-1245184
-1572863
-1310717
-1441791
-1572863
-1245181
-786431
-720893
-983038
-1376254
-2228224
-1703934
-2228223
3145729
11141121
-327679
-2883583
-196605
-196606
65537
-65534
131074
917504
393216
1572867
2621440
3014657
3145731
2097152
2490370
2686979
1835010
1507328
1245186
917507
196608
-458751
-524288
-1048575
-1048573
-983040
-1638400
-2097149
-1966078
-1900543
-851967
-524287
-1507326
-2097152
-2686974
-3407870
-3342336
-5373949
-3932158
7667713
655362
-9175038
-7340031
-6881280
-5373949
-5373950
-4587520
-4849663
-5111808
-5373951
-6094845
-5636095
-5832701
-5570560
-4849661
-6291456
-7274495
-7733246
-8191998
-8060927
-7471102
-7995390
-7995391
-7405568
-6160382
-6094847
-7274495
-7208957
-7143424
-7012351
-6946816
-6094845
-6291455
-7733248
-7929855
-6946816
-6094847
-6422528
-7471103
3866624
3276802
-5308416
-9895936
-6356992
-7667710
-7012352
-6422527
-6094848
-6094845
-6488062
-6684670
-6094848
-5701630
-4980734
-4456446
-3997696
-3997696
-4521981
-4063232
-3932160
-4521983
-3211261
-3145728
-2883582
-1966079
-1310718
-983038
-655358
327683
-65534
720897
917507
1769472
1179648
-65535
-1179648
-917501
65539
-1048573
-1376255
12320770
8585218
-3670013
-851968
-458751
-458752
262145
786432
196609
-720894
851968
1572867
2097153
2555907
2293761
2359297
1835008
1769472
851970
-524287
-131069
131075
1769472
2097152
1572866
2293760
2097154
2228227
1048578
-851966
-1507328
-2490368
-2162686
-917503
-851967
-1376255
-1310717
-720894
-65533
262145
-2097149
5111811
11534337
-1376255
-3145727
-2424829
-1900544
-1310717
-1114112
-917502
-1245183
-131071
327682
851968
1114114
1310722
1703938
2359296
2621442
2293760
1966081
2031618
2490370
2293762
1572864
1769474
1441793
2228227
3735555
3538946
3473408
3604482
2424834
2031618
2293761
2359297
2818049
2228227
2031617
1376259
1114115
1703936
1638403
1703937
12189696
8257537
1245184
-1245183
1441792
851969
589824
1245184
1507331
1638400
983042
1507330
2883586
3276800
3342338
3407875
3473409
2686979
2097153
1703936
2621441
2752513
2228226
2359299
3145728
3407874
2621441
2686977
2686979
2359298
1638403
1507330
1638401
2097153
2555906
2097152
2293760
2883587
2555906
2359296
2293763
2490369
2097154
12255234
10092545
-1245181
1048576
589824
-458751
327683
720896
196611
196609
196610
983041
1900544
3932160
4390914
4456448
4063234
3342338
3211264
2097154
1376257
393219
-458751
720897
131075
262146
-65535
131072
262145
458752
-524285
-589823
-720893
131074
131072
327680
458753
-655359
-327679
-458750
-589824
-1769470
196609
11927553
4194305
-5177342
-3932159
-3014653
-3866621
-3604477
-2490368
-1769471
-2555901
-2949117
-2228221
-1179648
-1048574
-524286
-65535
-196608
-524285
-131072
65536
-851968
-1507326
-1441792
-851965
-1245181
-524285
393217
-983040
-1966079
-4194304
-5177342
-4915198
-3997696
-3735549
-3735549
-4587518
-6160381
-5898239
-6619134
-7208959
-8323071
-6291455
7602176
4718592
-7471104
-5111807
-5963774
-6094847
-5046270
-4325375
-4390910
-3932160
-2228222
-1769472
-2228224
-1376254
196611
131073
851969
2555904
1441792
-65534
-262144
-851968
-983039
-917503
-1310720
-1179645
-589824
-983038
-917501
-1638399
-3276799
-2097150
-589821
589825
-327679
-983040
-2490368
-2162688
-2293760
-4259839
851969
11534339
-196607
-5570559
-2490367
-2883582
-2752509
-2818045
-2949120
-2686975
-3014655
-3473405
-3145727
-2031616
-1703936
-1703935
-2359294
-3801085
-4194304
-5701631
-6094847
-4325376
-1769470
-1507325
-2490365
-2097149
-2162688
-1310719
-1114111
-4390911
-4980733
-3276800
-3080191
-2752511
-1441792
-65536
458753
-327678
-589822
65538
655360
-917503
1638400
10682369
1376259
-3276799
-1572864
-786430
-1441790
-1114109
-589823
-589824
-1769472
-2293759
-2490368
-1835008
65537
0
-917503
-1376256
-1245183
-1638400
-1769470
-1900542
-4063230
-4325374
-3801085
-3801086
-3276800
-2097149
-2162686
-2621440
-2359293
-2228222
-2686974
-1703935
-1703934
-524285
786435
524290
-131070
851968
-1179645
-1441791
8126467
5832706
-5373952
-3604477
-3407869
-3080192
-2883581
-2621440
-1769472
-1703936
-1507328
-1179647
589825
1441792
1114112
2293762
1835010
0
131075
262145
3
-524285
983042
1114113
589826
589825
720896
-131072
-65533
524290
851970
917507
2097152
2228227
1310721
1179648
1310722
589825
-917501
-720894
9633793
5505027
-5111808
-2686976
-2818046
-2162685
-1966078
-2162688
-2490368
-2621439
-2752510
-3276797
-4784126
-4456446
-3866622
-3080189
-1245184
-1572861
-2293760
-3014653
-3276798
-3473408
-4128767
-4128768
-3080191
-1376253
-589824
-262142
1048576
2424832
1310723
786432
1638400
1441793
1441794
2293761
851968
1245187
12910595
8519681
-4915198
-2818047
-3276800
-3932157
-3932159
-3211264
-2621438
-2818046
-1310720
3473411
4194306
3473408
4063232
3342338
2949121
2621441
2031617
1114112
327682
262144
262145
786433
65539
-1114112
-2097149
-2031614
-2162685
-1179647
-1638398
-3604480
-3538943
-3538944
-3735550
-3080192
-4653056
1638400
11403265
-2490367
-7274495
-4325375
-4784126
-4915198
-3932158
-4063231
-4259840
-3932157
-3538941
-3473407
-4128766
-2949117
-1900542
-2031615
-3342335
-4718592
-5046272
-5111805
-5505021
-5308414
-5046269
-4456447
-4325373
-4063231
-4390911
-4521981
-4456447
-4063230
-4718591
-5439487
-4915199
-4915200
-3997693
-2490367
-4915199
-1507327
10551299
393217
-6815743
-3997695
-5963773
-5963773
-5898238
-6160383
-6029309
-4587517
-3735551
-3932159
-3473407
-2490366
-1245183
-786429
-2555904
-4456445
-4784128
-3604477
-3342336
-3342333
-2686975
-1703933
-1572861
-1703934
-917503
-655360
-786432
-786431
-393216
-524285
-262144
-983037
-1376253
-983038
-2555902
-2293758
-3866621
3407874
9175040
-2752510
-3276800
-1835005
-3342334
-3866622
-3014654
-3080190
-3145727
-2818047
-655357
327682
-524288
-589821
1376257
1703937
1114113
1114113
917506
1703939
1507330
1310722
1507329
1310720
786435
262146
131074
-131072
0
-2031613
-2490368
-1769472
-2097149
-983038
-983037
-2031614
-2031616
-2228221
-1769471
-2555902
-2490366
9502723
11993090
720899
-1769470
196608
589825
917506
-131071
-327678
65537
720897
524290
1703937
3145730
3342339
3604483
2949123
2555905
2097154
1310722
786432
2
589826
1114115
1179650
851968
524288
524291
1179649
1179651
917506
1900545
393219
327683
1179648
1114114
65536
-917503
-1572861
-1703935
-851965
-786431
-589821
11141123
11534337
-1572861
393217
1638402
2424833
2949123
2097152
1966081
2621440
1245184
1966083
1376257
786433
917505
1048576
-196608
-1048576
-1179646
262145
1048577
458752
1310720
2818049
1769472
1245187
917506
1835010
2555907
3080195
2752514
2424834
2293763
2621440
2228225
1638403
1441795
1572866
1048578
655361
-1310718
-1179647
9502723
2293763
-8585215
-5373952
-5373952
-7012349
-5570560
-4784128
-4521983
-4128765
-3014655
-1966079
-1376253
-1441790
-131071
-524286
-1048576
-1376255
-1966078
-2621439
-3538944
-5242878
-4980734
-3276800
-2228224
-3276797
-2818046
-2752510
-3735550
-3604478
-3211261
-3735552
-2490368
-2293757
-1703934
-1966078
-2752512
-2424830
-2359296
-2031614
-3670015
-3014655
8192001
4128770
-7274496
-3866622
-3604478
-3604479
-3473407
-3670015
-2490365
-3997693
-3670015
-3407870
-3866624
-3801087
-3014654
-2818047
-2686976
-3145728
-3407871
-2949120
-3080192
-3473408
-3342335
-2228223
-1441792
-524286
-262143
-327679
524288
196610
-327678
-196607
-327677
131073
196608
131075
-1769471
-1966078
-1048576
-1638400
-1835005
-2752512
-1376256
10158081
4259840
-4063229
-1441791
-2621437
-2555901
-2883582
-4063231
-4063230
-3932160
-3866622
-3211264
-2686976
-2228223
-2359293
-2031614
-3211264
-5767165
-5242879
-5177342
-4521982
-3080192
-2293757
-2949120
-2949118
-2031615
-1572861
-1638400
-917501
-196606
262146
262146
-327678
-1048573
-851966
-655358
-393214
-393213
-1179646
-2097152
-2424829
-2424832
-3276797
-4784128
-524286
8650755
-3145726
-7602174
-4063231
-3080192
-2752511
-2818046
-3211263
-3014656
-2097151
-917502
-589824
1
589826
1048576
393218
-327680
-262144
-262141
-327678
-1245181
-262141
-131071
-1572862
-1769470
-983039
-917504
262144
1048579
720898
3
131072
1507330
2228225
1703939
1245187
393216
65537
-851965
-327677
-2097152
-3932160
7274496
4259840
-6815743
-3473407
-4063231
-3801085
-3407871
-3735550
-3801085
-3276797
-3276800
-3670016
-3407872
-2949119
-2621440
-2162686
-2097152
-2359295
-2555901
-3014654
-3604479
-3604479
-3997693
-3342334
-2162685
-3342336
-4390909
-3407869
-3997694
-4653054
-4587517
-4915200
-5046270
-3276797
-1966077
-720896
-1507326
-2555902
-2621438
-4325376
-4325376
-5767165
-131071
6881283
5177345
-7733245
-6422526
-7602175
-7536640
-6946813
-6422525
-5505023
-5505023
-5439485
-4849664
-4194301
-4063232
-3473406
-5373949
-5505023
-3866624
-5046271
-4784126
-4718591
-5636096
-5242880
-4456446
-2883582
-3080189
-3407870
-3670014
-3473405
-3407871
-4128765
-3407872
-2686973
-2621437
-2949120
-3670016
-4587517
-4587518
-5046271
-5832702
-7340031
524291
9830402
-4521983
-7077887
-2293760
-3407871
-2818045
-2555903
-3473408
-4128768
-3997693
-3145728
-3604479
-1966080
-720896
-1048576
-393213
-393214
-1900542
-2883581
-1900544
-1245182
-1114110
-1114112
-1310718
-1638398
-3211262
-2359293
-1835007
-2162686
-2031615
-393214
393216
1703939
1703936
851968
-655359
-720894
196611
65537
-262141
12124161
9502722
-3604478
-983040
-1703935
3
720899
786432
983043
1638402
2293760
2686978
3145730
4456451
5308416
4915201
4194307
3997699
3866626
3670016
3276800
2818049
3080193
3211267
3014659
1900544
1638401
1048579
720896
262144
-786430
-720895
-262144
393217
-589821
-3407872
-3735550
-2293757
-2490367
-2621439
-1048575
10944514
4915203
-2293760
-3866623
-2162687
-524286
1572865
2752513
3080192
2818050
1376258
1507331
1966083
2686976
2818049
2359299
1638402
1966081
2162688
1572866
851969
1572864
2097155
2097154
2228225
2031618
1245184
1376258
1835011
1114113
-131070
262145
983043
1703939
1769475
2031616
2293761
1245186
589825
-262143
327682
983042
-524288
9502721
9633792
-2490365
-1703934
3
393217
65539
-524286
-131070
131073
589826
1048578
1310721
1703936
2818051
2097152
131073
-524288
-1310717
-2031616
-917502
-458749
-393213
-1245182
-1179648
-1310718
-2621439
-2359296
-1835008
-851967
-1114110
-1310718
-589823
-524287
-851967
-851968
-131072
-983039
-2752510
-4521983
-5636095
-5242879
-4128766
-5767165
786434
7929856
3145728
-6684671
-5701629
-4980733
-4653054
-4259840
-3735551
-4194303
-3080190
-2555904
-1900543
-1835008
-2097149
-2162685
-1638400
-2228224
-2818046
-2686973
-3473406
-3538943
-4259837
-3735551
-2949118
-2621437
-1966077
-1441789
-1310719
-786432
-589822
-1900544
-1703934
-1638398
-2031615
-2293758
-2162688
-851966
-524285
458755
589826
-524287
-458752
-196608
458752
-1310719
917504
12517378
4128768
-5963775
-3407871
-4456448
-4587518
-3932159
-3080190
-2949120
-2621440
-2424830
-2490367
-1835007
-1835008
-1966077
-1572864
-1966080
-2097152
-2031613
-3080191
-4325373
-3407870
-3145727
-2949119
-1835006
-1114110
-1179645
-1310717
-589822
196610
131074
-655358
-1310718
-1966080
-1376255
-1310718
-1048575
-65536
1
-851968
-589821
-2293760
-2883584
-2293760
-2097150
-2883583
5308418
12517377
-1966078
-4194302
-2359296
-2228224
-1703933
-1703933
-589823
-589821
-1441791
-2424832
-1310720
-1310719
-720896
-327678
524290
458754
-458752
-1048576
-851966
-1245182
-1835007
-1572861
-1114109
-1310719
-262144
65536
-589822
-196607
-1048575
-2097151
-1310718
-1507326
-2097149
-2031615
-2424832
-2424829
-1507326
-1048576
-589823
-262143
-786429
-1900544
-2424829
-1900543
-2097152
-2228224
-3145728
5832705
6750211
-7208959
-6356992
-5767165
-4784127
-3407871
-3670015
-4194304
-3342335
-3014653
-3145725
-3276800
-2097150
-1507327
-2293758
-3014653
-2359295
-1572864
-1966077
-2752512
-3342334
-3407870
-3407870
-3276797
-2621437
-2031614
-1245183
-1245181
-131072
-262141
-720894
-786430
-1048574
-2162685
-2228223
-1835007
-2293757
-2228223
-1048576
-327680
458753
327681
-524285
131073
262145
262147
917505
1507329
2031617
1310723
9961474
10092544
-2818047
-1310720
851970
524288
786433
786435
917506
1245185
786434
-327679
917507
2555906
2424835
2359299
2162690
393219
-851966
-1507325
-1507325
-1441790
-1835008
-1835005
-983039
-983038
-786429
196609
196611
-720893
-524288
-327680
-131072
393216
786434
917505
1310723
327682
458753
524289
458752
1245185
1114112
1245186
0
-1179645
-786431
-131070
-196607
-1245182
3342337
14024706
3538945
-1376256
2228226
655361
1703936
2359296
2097152
1638403
1179650
1703936
2031617
2490369
3211265
2883586
1835009
1245184
983041
720898
720896
524290
-655360
-589824
-393214
-983038
-65533
196610
-262142
-262144
-2359296
-3604478
-2097149
-1769472
-1048574
0
-589821
-1441790
-2818045
-2621437
-2162688
-1835008
-2949117
-3276800
-3276800
-3866621
-3342336
-2949118
-4784127
3670018
9043970
-3997696
-4718591
-3276798
-3473405
-2883581
-1769469
-1179648
-1507325
-1900541
-917501
-917503
-589823
0
262144
131072
-1638400
-3276799
-4653053
-5046269
-4718590
-4521984
-4587518
-4128767
-5242879
-5046271
-5308416
-5963775
-5177342
-5111807
-5046271
-4653056
-4849664
-4521981
-3145728
-2883582
-3407869
-2031615
-1638398
-1703935
-1835008
-2031614
-2359295
-3997695
6619139
11599872
2162691
-6029310
-3801086
-4390912
-4063229
-3735549
-3211261
-2228224
-2031614
-2031615
-1835006
-1507327
-655360
196610
1114114
983042
1179649
1048576
2
-589824
262146
65537
-655357
-917502
-786430
262144
262145
-196605
-65535
-1245183
-1966080
-786432
-262143
-1048576
-458752
-327678
-589824
-131072
-1179647
-3145728
-3080191
-3014655
-2686974
2359299
9961473
-1900544
-4259838
-2883584
-3145728
-3473405
-4259837
-4653055
-5505023
-3997693
-3276797
-3080191
-1114110
-196608
393219
589826
-196605
-1376253
-2621440
-2293758
-1638400
-2490367
-2818045
-2949117
-2228224
-2031615
-2228223
-1507327
-1638397
-1310717
458755
327681
524289
720899
1507331
1835008
1048579
1179650
-327677
131072
-131069
-4456445
327681
8978432
-2359293
-5898237
-3080191
-2555903
-2031613
-1507327
-1703933
-1048575
-196605
-65536
720898
2359296
1507331
327683
65539
-1441792
-2883583
-3080191
-2883581
-2555901
-2228223
-2097152
-2686974
-2752509
-2162688
-65533
-917503
-2949117
-3080189
-3342336
-3145727
-2621438
-2686976
-3014655
-2949118
-3997695
-4456445
-3801086
-3604478
-4587520
-7143421
4259841
1376258
-12713983
-9895935
-9633789
-10027008
-10354688
-9109503
-9633792
-9830400
-9961472
-10420223
-10551294
-10354688
-10223613
-10027006
-9895933
-10813440
-11010047
-12845055
-16252928
-18219007
-17956862
-14483455
-13828096
-13697024
-14286847
-15859711
-16121855
-15925247
-16187392
-17039359
-16515069
-16056318
-15925245
-15925245
-17367037
-18743293
-19136511
-19988478
-20054015
-22872061
-15466494
-8388607
-13959167
-25165822
-22282240
-22085632
-22151166
-22151166
-22151165
-22020096
-21561342
-21168128
-20185085
-19595261
-18350077
-16908286
-16580605
-16646143
-16842749
-17694717
-17956862
-18022400
-18284543
-17694719
-17694717
-16515070
-15007743
-13500416
-13565951
-12451838
-11665408
-10878975
-10420221
-9109501
-8585213
-6881278
-5308416
-4390912
-4521983
-5111805
-4587518
-3997695
-4849662
-2949117
9961475
4587520
-4587518
-589822
458754
2293762
1769475
1572866
2293763
3932162
5177345
5177346
5963779
6815746
6684675
6881281
6422529
5636098
5373955
5505025
6160386
6291456
5636099
5636097
5242881
4784131
4849666
5898241
7143426
7340034
7733249
8388609
7995393
7274499
9306114
10944513
11730945
11599873
10747906
11075587
11796481
11665408
11337728
8650754
10616834
22413312
16449537
7143426
9568259
9371649
9633793
9109507
9371651
8978434
9306115
10485762
10420226
10289153
10485761
10878978
11010048
11075586
10485762
10223618
9502720
9437184
9699331
10747906
9306115
8519680
9437185
9502722
10027008
10092545
10027009
10027011
10485761
10813441
10485761
11599873
11599874
11141122
11010049
10551296
10027011
9699328
9895939
10551299
8388611
14024707
23789568
10747907
6160384
8716290
8126465
8126466
8060930
8519682
9175043
8912896
8781826
8781826
9502722
10616833
10616835
10158081
9961475
9830403
9437187
8978432
8847363
7929856
8519682
8781827
8126464
7995394
7995394
7864321
8257536
7733251
7405571
7143424
7471105
7012352
7274497
7667714
7405569
6094850
4784131
4980737
5636096
5636096
4325377
3407874
16449537
13369345
-196607
2293763
2031619
2031619
2752513
3735552
3997699
3801091
3538945
3014657
1769475
2031616
1966080
2293760
1966080
983040
720896
524290
393216
-327679
-720896
-917503
-851965
-851967
-131069
-458750
-327679
327682
720897
655361
-262141
524291
917504
1703939
1769475
262146
-65535
-1310720
-1572862
-786432
-1769470
6750209
11468802
-4325375
-5701631
-3538941
-3866622
-4390911
-3342336
-3538942
-3866621
-3145727
-3014653
-1835007
-655360
-393215
-851965
-196605
720898
1245184
655363
-720896
-589822
-327679
-2031614
-2818047
-2162686
-2424830
-3342336
-3538944
-4587518
-4849661
-5767166
-6356989
-6225917
-5439487
-4456447
-4521984
-2555903
-1835007
-3407872
-3276798
-2424831
-1245183
-1310718
-2686973
5373952
10878979
-3932157
-5111806
-3932160
-5242877
-4063231
-3473405
-2949119
-3473407
-3014653
-1310719
-1835006
-2162687
-1507326
-524286
-983038
-2031613
-2621440
-3604479
-4784127
-5111808
-4521982
-4980736
-5111807
-4521981
-3866622
-3145727
-2162688
-3670013
-3932157
-3670014
-4653056
-3997694
-3342334
-3407869
-3014654
-2359294
-2359295
-2686973
-2883581
-4784126
-4521982
-3866621
-5570559
1245186
8847363
-2949118
-6619135
-3735552
-3407872
-3276798
-2686976
-2555901
-2883581
-3014655
-1638400
-720893
196609
1114115
1179651
1114113
655363
327680
262147
-1114110
2
655363
851968
720898
-720893
-851965
-196607
-65534
917507
1048576
-131072
327682
655362
-655357
262147
2031618
393217
-131072
786433
917504
720898
262144
262144
393217
-1048576
7536641
12845057
-786432
-2883583
-1179648
-1966077
-786431
-524286
-720895
-196608
-131071
589825
1638401
1966083
2490370
2686976
2228227
1376258
262146
196610
-196605
-524286
-327678
-65535
393219
851969
2359298
2752514
2031618
2162688
2031618
1245185
262145
-786432
65538
1376259
2031617
2359296
2949121
1376256
786432
1310722
1769475
0
-720895
9371650
11730945
-2490365
-2293757
-2490367
-2883581
-2359294
-2293757
-2818048
-3604477
-3735551
-3014653
-2883583
-2424829
-983038
327680
327681
65536
-1179646
-2228223
-2818045
-3145725
-2949120
-2883581
-3342335
-3145727
-2686976
-3735550
-3276799
-2621440
-2424830
-2883582
-1966077
-2097150
-1245182
-1114110
-1048574
-1048575
-2162685
-3407871
-3211261
-1966080
-3604480
-2228223
10289154
1966082
-8519679
-5046269
-4325376
-3932158
-3604477
-3997693
-4194303
-3080190
-3342335
-2424831
-1441790
-2555902
-589823
-524288
-1900541
-3473407
-3997696
-4521981
-4653055
-4653053
-4390912
-4980733
-5832704
-5373951
-5046269
-4587519
-3801087
-4128767
-4194301
-3080190
-2490366
-2752509
-2818046
-3080191
-2228221
-2621438
-2228223
-1966079
-3080191
-2293757
-2228221
-3080191
4521987
10944514
-2097149
-4063231
-2818047
-2293758
-2424829
-4063231
-3407872
-3276797
-2752511
-2293758
-1703936
-1966080
-983040
-262141
-655358
65536
-1638399
-2883584
-3080190
-3276799
-2686976
-3014653
-2686973
-2818045
-4456446
-3735552
-2752512
-1966080
-1966078
-1048574
-1572862
-3014653
-2490367
-2621438
-2359295
-1507328
-393216
-1376253
-2686975
-2686976
-1769470
-524286
-524286
5898240
14417920
5832705
2621443
3670018
2490371
2097155
1769474
851969
917505
917504
196610
-131070
-655360
327681
393217
-131069
-458749
-786431
-1703933
-2031613
-2621439
-2359296
-2621439
-1966077
-1507328
-2162685
-1900541
-2293757
-2359294
-1900544
-1835008
-1703933
-1114110
-1703935
-1638397
-1245182
2
131073
327680
0
-327677
0
1507330
1245187
1245187
393216
6422529
12255232
65539
-2686974
-1376255
-786432
-1769470
-2162688
-1966077
-1245182
-720893
-1114111
-2424831
-1376255
-655359
-131071
1048578
-589822
-1572861
-1507325
-1179645
-786431
-1376254
-1114110
262145
262146
-524288
-655359
131074
458755
655361
-458750
-917502
-1703933
-2490368
-2883583
-1572862
-917502
-589824
-262143
-1114112
-1441792
-2555902
-2555902
-2621438
-4587517
1441794
10092547
-1900543
-6225917
-3670016
-3538943
-2490367
-2621439
-2752512
-2162687
-2097149
-2162687
-1769471
-1179646
-917503
-327680
393216
2
-524285
-917501
-1835007
-2752510
-3014653
-3145727
-3080191
-3538941
-3473405
-3014654
-2752512
-2621439
-2228224
-2162685
-1966080
-458751
393216
1572867
2162689
2293763
2293761
1966081
589827
-917503
-2490365
-2293757
-3538943
2097155
12648449
-131071
-5242879
-2490368
-2228224
-2949117
-2555901
-3538941
-5373950
-4784127
-3604480
-2818047
-2162686
-524287
-983037
-917502
-327678
-458750
-917503
-2097149
-1441792
-2359293
-2883583
-2359295
-2293757
-2228224
-2490366
-2555901
-3473406
-3211262
-3014653
-3080191
-2424832
-3145726
-2293757
-1966080
-2883581
-3407869
-4063232
-4194304
-4718590
-5046269
-4194301
-5832701
-1310720
9633792
-786430
-7536640
-4128767
-3932157
-3735552
-2490366
-2031613
-2359296
-2818045
-1703936
-131072
-196607
-1507327
-2293759
-2949118
-3211262
-3342335
-4653053
-5177342
-5308415
-5439486
-5111805
-5308416
-5046270
-4653054
-3538942
-3342335
-3670015
-4194304
-3735551
-4194304
-4063231
-2686974
-1966079
-2162685
-1245181
-655360
-589824
-1441790
-1769470
-2883581
-2949119
-1114109
-1966080
-3080192
4653056
9633795
-2490366
-3407869
-1769470
-1310720
-655360
262147
-1310720
-1507326
-1703933
-2228221
-851966
65539
262144
1114115
786432
-917502
-1310720
-1638399
-1572862
-2031613
-2424830
-2031616
-1900543
-1376256
-851965
-786431
-589822
-131070
-196608
-917504
-1310718
-1179648
-1114112
-589823
-917501
-1179645
-589823
-524287
393216
-196606
196611
655363
524291
196609
655360
131073
8585218
12386306
2883587
-3211261
-196608
-1114111
-1114111
-589822
-131070
-851966
-262142
851971
720899
851969
1703936
2424832
2818051
2424835
1835011
1114115
327683
131075
-655358
-1245182
-1179647
-262144
-327677
-851966
262144
786433
1310720
1310721
1310721
655363
1638400
1835009
1572866
1835011
2097154
3014659
3407872
3211265
1703936
655360
458753
327683
327682
-851968
1048577
13238272
5570561
-1441790
-2228222
-1769469
-3014654
-1769472
-1048575
-1048573
-589821
655361
786433
655363
983040
786433
655363
851969
-131070
-851968
-851968
-1900542
-2686973
-2359294
-1703934
-1441790
-1310717
-458751
-458752
-458749
-131072
-327679
-458752
-131071
-655359
-2162685
-1900542
-2228223
-2031613
-1114111
-720895
-393215
-786432
-1638400
-2686975
-3014655
-4128768
-4718590
-5046272
6946819
6488066
-7995391
-6422526
-4915200
-5046272
-4980736
-4063230
-3604477
-3604479
-4128768
-4128768
-3342336
-2293760
-2097149
-1900543
-1638400
-1900543
-2490368
-3342336
-4390912
-3997696
-4653055
-3801086
-3080192
-3866624
-3145725
-2949117
-2818046
-2555904
-2555901
-2752512
-2359293
-1900544
-2424830
-2686976
-2686974
-2424830
-2818047
-3670013
-3211263
-3080189
-3014653
-3538943
-3276799
-3211263
-4390912
-3342335
-3932157
4653057
9699331
-3538941
-3407870
-2162686
-2949118
-3080192
-3145727
-2752511
-2752509
-2490366
-2490366
-1703935
-1048574
-786430
0
131074
-458750
-720895
-1900543
-3014654
-3145727
-3276799
-2097152
-1572861
-1769471
-720894
-720894
-917501
-917504
-1179647
-983038
-720895
-786431
-196605
-65534
-1048575
-1835005
-1703934
-1638399
-2097152
-2228223
-917501
-458751
-65536
-196607
-1703935
-1310718
-1179645
-655359
65536
-2228222
5505027
11075585
-1048573
-3014653
262145
-589821
-262144
851971
458752
1048577
65537
655361
1703937
1441793
2293763
2097152
2031618
2424834
2031617
1179649
393218
131074
-1114111
-1310720
-1114109
-1835006
-2293757
-1835007
-1245183
-196606
327683
131073
-131071
196610
-655359
-786430
-1179645
-458752
-327680
-851967
-786430
-393213
589826
196610
1
262145
262145
1048576
-917503
-720893
11337729
5308417
-4456446
-3145728
-1507327
-1638399
-1310719
-1310717
-1572862
-2031613
-2359294
-2424831
-2097151
-1507325
-1048576
-851965
-917501
-1114111
-2097152
-2818045
-2686976
-2818046
-3211263
-3342334
-3014656
-2621438
-2031614
-1572861
-1441792
-2162685
-2162685
-1769472
-1900542
-1507325
-1966077
-2228221
-1441791
-720893
327680
65537
-983039
-1376256
-1245182
-720896
-786431
-1245184
-2162685
10354689
8323072
-5308414
-3145728
-2621440
-2293760
-2359294
-3211263
-3211261
-3014653
-2752510
-1638399
-327677
-131072
-1114110
-1245184
-851968
-2228223
-2686975
-2752510
-3473405
-3276800
-2621439
-2293757
-2490365
-1769469
-2097151
-2228221
-1441789
-1900542
-3014655
-2883581
-2555901
-2818045
-3538942
-3670013
-3342333
-2818046
-1966079
-2883582
-3997694
-4128768
-3997696
-4456446
-5963776
-4259838
9109507
1507331
-8978430
-5636096
-5898238
-5570559
-4980733
-5046269
-4718591
-4325376
-4063229
-3866621
-3407871
-1769469
-1245184
-1376256
-655357
-1310718
-1507327
-1900542
-2818045
-3211262
-3342333
-3211261
-2949117
-2818047
-2293757
-1703934
-2359293
-1966080
-2359296
-2686976
-2818045
-1703934
-917502
-458752
-196605
1114112
-131069
-1900541
-1572863
-1507325
-1441791
-1966077
-4128768
5373954
9437185
-4325373
-6488061
-3735552
-4128766
-4259838
-3801086
-2949118
-2031616
-393216
655363
131074
327682
1441793
1114114
786433
1245184
-589822
-2162685
-2097150
-1310719
-1245181
-1769472
-1441791
-1048573
-1507327
-851966
655360
-458751
-1638399
-1572863
-65533
-1179646
-1245182
-1966080
-2293759
-1572861
-262142
-131072
-589824
-851965
-917504
-917504
-655359
-2097150
1507328
11403267
2359298
-4390912
-2031615
-2293759
-2097149
-2031614
-2359295
-1769472
-2228222
-2162685
-851965
-524285
327680
1900544
1703939
1048578
917504
262146
-327677
-851968
-1376255
-1638400
-2097151
-1900542
-2228221
-2949120
-2686973
-2621438
-3407871
-3342333
-2621438
-3342335
-3538942
-2686976
-3342333
-2949118
-2752509
-2686973
-1376256
-786430
-917502
-1114112
-1572863
-1376254
-393214
-720893
-1835006
393216
10813442
2293763
-5177344
-2359294
-3145726
-2883582
-2490366
-2359293
-1310717
-851968
1376257
1835010
2228225
3211266
3407874
3735553
4259842
3604480
3211266
1966082
1507328
1507331
786434
720897
1179650
458753
-196608
131072
-262144
-524285
-196606
-196605
327682
720899
196609
65536
2424833
2555906
2686977
3342336
3604483
3866624
2949123
2818048
2949123
2490369
2293763
1376257
5177346
15400961
5308416
-2883582
-196607
-327679
-393216
131072
393218
1179648
1441795
786434
917504
1179649
1769475
2424833
2752512
2162691
983042
1114112
983040
1114113
1310723
-851965
-1441792
-1376256
-1441791
-851967
-589821
-851965
-983038
-1245182
-1638399
-1507326
-1114110
-1245182
-65536
-720896
-720894
262147
-327678
-983039
-1703934
-1441789
-2162687
-2555902
-3145725
-5308414
1900546
10485763
-3407870
-7012349
-4128767
-3801085
-3932159
-3407871
-3211264
-3211262
-2883584
-3145727
-4194302
-3670014
-2228224
-1441792
-327679
-1507328
-2752509
-3080192
-4456447
-3997694
-3735549
-4325373
-4653053
-4784128
-4456448
-2949120
-2752512
-3538943
-3538942
-4325373
-3866623
-4390910
-4456446
-3997693
-2883584
-2818045
-2293758
-2555903
-3211262
-2555903
-2293760
-1310719
-2424829
-393214
11534336
9633793
-4653055
-4194302
-3145728
-3997695
-4128765
-4128767
-4259837
-3473405
-2949117
-2424832
-2031616
-1441791
-917503
131072
2
-917501
-1245181
-1638399
-1769469
-2752511
-2883584
-3866623
-3670016
-3538944
-3604477
-3932158
-3604477
-3407871
-3866622
-4390911
-4456448
-6815743
-7208959
-6422526
-5898238
-6029312
-5898237
-5570558
-6094846
-7143423
-7667712
-6815743
-6291455
-6488063
-3932159
7798786
589824
-8847360
-5701630
-5177341
-3997696
-2949117
-2162686
-1245181
-1900543
-2490365
-1638400
-524287
-655357
-327677
-983038
131074
524290
-1114111
-1638400
-1179646
-786430
-1376253
-1376255
-655359
-131072
131073
-589821
196609
655361
983040
1310722
1245184
-196607
-196608
65537
-1638397
-1703934
-1835006
-917502
-131071
-327677
-720893
-1703936
-1966077
-786430
-917503
-917504
-1572863
6356993
11403266
-1245182
-2883583
-589821
-524286
-458752
-327679
262145
1114115
851971
786432
262146
-131072
786434
1179650
655360
-393215
-1114109
-2031616
-2686973
-2621438
-2490367
-2228223
-2359296
-3080192
-2555901
-2031613
-2490365
-2359294
-2424832
-2293757
-1310719
-655359
458754
-327677
-720896
-851966
-196607
655361
1507328
1966083
2752512
2162691
1048576
327683
393216
2031618
786433
3
11927552
8060930
-2490366
196609
327681
0
720898
1507330
1048576
917506
1638402
2883587
2621440
2686976
3801088
5046272
4194304
2752515
2686977
1835008
655362
720897
589824
2
-917502
-327679
-65536
524289
589826
1900547
2490368
3407875
3538947
2228224
1703939
1835010
1507331
720898
1114113
1245185
1310721
1114115
196609
196611
393217
-196608
-655360
-1310717
12058626
8716290
-4259837
-1900544
-1638398
-2883584
-3538941
-3211264
-2686976
-3342333
-4259839
-3538941
-3866621
-2555902
-2228223
-1638397
-851968
-1703933
-2490367
-3997696
-3866624
-2949120
-3997695
-3866621
-3538944
-3145728
-2490365
-1572861
-1900542
-1966080
-1179648
-1441789
-1310717
-524285
-393214
-65534
-786430
65536
-262143
-917502
-1769469
-1703934
-1507326
-655360
-1245184
-2359293
5636099
13762560
-262142
-3604477
-1114111
-2949117
-2949118
-1638397
-1507326
-1572864
-1835006
-1310718
-524285
327682
1179649
1638401
524291
983042
-589821
-1703933
-2359293
-3080192
-2883583
-3670014
-3735552
-2424831
-2686975
-3014654
-2359296
-2555903
-2097150
-917503
-1441790
-524287
131073
65537
589827
786435
589824
131074
-786432
-2949120
-2686975
-2555901
-4456446
2949123
12451843
-1507328
-5701632
-2490368
-2424830
-2818048
-3538942
-2752511
-2424829
-2949120
-3473408
-2555903
-1900544
-1769470
-1376256
-1048576
-327678
-917502
-1572861
-2424832
-3014654
-3080192
-1507325
-1703933
-2228223
-1245181
-458751
-327680
-1441790
-2621439
-1376255
-1703934
-1900541
-1900543
-2949118
-2424830
-2228221
-1966077
-1179646
-262142
-524287
-1900541
-1769470
-1441791
-2162686
-2031615
-3801087
-196608
11862017
1638402
-6160381
-2818048
-3014656
-2752509
-2162687
-3014654
-3080191
-2359296
-3080192
-2162686
-917503
-262142
393217
524288
458754
589826
-65536
-917501
-1310719
-1769471
-2818045
-2621440
-2752512
-2162688
-2031613
-1835008
-2424831
-2424829
-2162688
-1179647
-1179647
-1048575
-524287
393219
524288
327683
-851968
-655360
-655358
-589821
-327680
-196608
917504
-655357
-1048576
0
-1441790
-2555903
-2883581
-4587519
5046272
6619136
-393215
-7340032
-4980733
-5963773
-5963774
-5505022
-5701630
-4653055
-3276798
-2686975
-2555902
-1769472
-1179646
-1441790
-1179648
-1179647
-1441792
-2228223
-3473408
-3801087
-4259840
-3604480
-2949118
-3342336
-3801088
-3342335
-2686975
-3932159
-3932158
-3538941
-2359296
-2818045
-3211261
-2031615
-2293757
-3145728
-2883581
-2686974
-2162685
-1048574
-524288
-196607
65537
524290
196609
-196606
196610
1507328
1900547
1179651
327682
9699330
10944514
-1507327
-589821
917504
1048579
1310721
1966083
2686978
2686977
2228227
2228224
2162691
2818048
3080192
3670017
4390913
3407874
2621441
1900547
2555905
2424833
1900545
1900544
1966082
2097153
2031616
3080193
2949120
2752514
2818048
2752512
2228227
1638402
917504
-131070
-196608
196610
-65535
131073
65539
524290
-655360
-2097150
-1572863
-1572863
-655360
-983038
-1507327
8519683
15204352
1245185
-1310717
262147
65537
65537
2
393216
-589824
-1048576
3
65537
262146
1507331
1441792
1769474
1114113
-1703936
-2883581
-3473405
-3342334
-3080189
-3014653
-2949118
-2752511
-1835006
-1703935
-1179648
-327679
-655358
-65535
-65533
-917504
-1048573
-1179647
-1048574
-1048576
-458751
-1179648
-1507328
-1114110
-327680
-65534
-3407872
6881283
8847360
-6750208
-6356992
-5111806
-4849663
-4194304
-3604477
-3342334
-4128767
-3997696
-4390912
-3866623
-3014654
2621441
6422528
4456449
4325378
3014658
2228224
1114113
-655358
-1310718
-1703933
-2031616
-2424830
-2949120
-3276797
-3670016
-4063232
-5111807
-5963774
-7602175
-8323072
-8388608
-8519677
-7995389
-7536640
-7864319
-8060928
-7471101
-6815743
-7405565
-7995390
2949123
4718595
-9764861
-7405565
-5570557
-6356991
-6291454
-4915200
-4587518
-4521984
-4194303
-3997693
-3932157
-3211264
-2686976
-131072
851968
-786429
-2097149
-3014654
-5046269
-5570560
-5963776
-6356990
-5963775
-5898237
-5242879
-4325376
-3866624
-4521984
-4653056
-3801085
-3997695
-3735551
-3342334
-3473405
-3538943
-4259839
-4521983
-5439486
-5505021
-4915198
-5767167
-4456447
6684674
524288
-8912894
-5439485
-5373952
-6488062
-5963775
-5046269
-4980736
-5308415
-6619135
-6684672
-5570560
-4784126
-5177343
-3473405
-2621440
-3538944
-5046270
-5767167
-5439487
-5963773
-6684671
-6291456
-4849664
-4063231
-3538941
-2162687
786432
1572865
1572866
1376259
1114113
917504
720898
1048578
1703937
2293763
1638403
655363
327680
-131070
-917503
-131072
-1048573
-851965
10616833
4980736
-5636093
-2293757
-1966078
-1310719
-2031613
-1900542
-1703934
-1114109
-196606
589825
1114115
2359297
3276802
2949120
2686979
1441794
917506
524289
2
-1310720
-1769470
-1441790
-1572862
-1245183
-1048575
-393215
-983037
-983037
-1310720
-1703933
-983040
-1114111
-1507325
-589822
-262143
-393215
-983039
-1507328
-917503
-393216
-393213
-1900543
-327677
5701635
10027008
-4063231
-4063230
-851966
-655360
-458751
-196605
-196605
786432
1376257
720898
1966080
2228224
2490370
3670018
4128770
4194307
3014657
1900545
1245187
-327677
-131071
524289
720898
1179650
1376259
1376259
1572866
589824
917507
589824
-65535
1310722
917504
786433
655362
327682
393216
720899
1048577
-131071
327683
1835011
458754
10223619
11468802
-1966079
65537
262147
-917504
-2031614
-458749
196608
-131069
458754
262146
786435
1245186
1376258
2293763
2752514
2555907
2228227
983040
917504
589827
589824
-458751
-917502
-1179646
-589821
-917504
-1114112
-1245181
-1507327
-1703934
-720894
-851968
-589823
-262141
655361
-851966
-1245181
-1245181
-1114112
-851966
-2818047
1441792
12910592
1900546
-3997693
-589821
-655360
-851965
-2162686
-1966080
-1769469
-2162688
-2359294
-1703934
-786429
-1179645
-1114110
2
-65534
-589821
-1835008
-3211262
-3538941
-3735550
-2949118
-2424830
-2359296
-2818048
-2162688
-1966079
-2293758
-1310717
-1376253
-1441792
-1900541
-2621439
-2949117
-3538942
-3276799
-3538944
-3276798
-4325375
-2097150
10420225
1703936
-6225919
-3670013
-4325374
-4259840
-4915197
-4325376
-3866624
-4194301
-4194304
-2949117
-2424832
-851966
917506
2031616
851970
-262142
-1114111
-1638398
-1441792
-1114109
-262142
3
-524288
-262141
-458752
-1966077
-1572861
-1310719
-1769469
-1572861
-1769469
-2031615
-2162686
-786432
-196607
-196608
-786430
-2097152
-2883582
-1507328
-589822
-2293757
589827
11468801
3342339
-3407869
196610
262146
2
-196608
-458751
262147
1179648
1441795
524288
983042
2359297
2424832
4718593
5177345
4325377
3473411
2818048
2621440
2555907
2424832
1638402
1048577
851970
1769473
1572865
655363
983042
1179649
1048579
458754
-65533
-589824
-196606
917506
655361
-458752
-589824
-589823
-1245182
-589821
-458750
-917501
-1179647
-2424832
-2031614
-1966079
-1769472
-1572861
-3145727
5111809
10158080
-2686975
-2359296
-786431
-2228224
-2293757
-2490367
-1572863
-1441791
-2031615
-2031615
-983039
-327680
327682
524288
393218
65538
-1048573
-1376256
-3080191
-3670014
-3932160
-4128766
-3604478
-3538942
-3211263
-2752509
-2162688
-1507325
-1900544
-2228222
-917502
-1507328
-1638397
-1376255
-2162685
-2031614
-1114111
-1114109
-524288
458752
262146
786435
-524287
-1310717
-1114112
-1179646
-655358
-2097151
524291
12648451
3145728
-6619133
-3801087
-4390909
-3670016
-2949118
-2228222
-2686975
-3014655
-1835008
-917502
1
786435
1048577
1966080
2555904
2031619
1048576
-196606
-1441790
-1966078
-2424830
-2555904
-2949117
-2883582
-2424829
-2228222
-3014655
-2686975
-2293759
-2818048
-2883581
-2752510
-2293758
-1835007
-1703936
-2228223
-2097149
-2228221
-1835007
-1966080
-2031615
-3145728
-2162687
-1900541
-2752512
-1769469
10747907
5636098
-5701631
-2031614
-1310717
-1179648
-1835005
-1310719
-917501
-2031614
-2490367
-2228222
-655360
393218
393218
655361
2031617
1703938
-196608
-1769470
-2424830
-3276800
-3604478
-3801086
-3670013
-3473405
-3014653
-3538944
-3080189
-1441792
-1966079
-2359294
-2162688
-2490368
-2031615
-2752511
-3342335
-2686974
-2162686
-1638398
-1114111
-1048575
-1245183
-1507328
-1835008
-1179648
65537
-2490367
-3473408
5767171
11599875
-2031616
-2949117
-2490368
-3473408
-3014654
-2359295
-2883583
-3211262
-2949120
-2621439
-2621437
-1245184
-196608
-131070
-1179645
-2228222
-2883582
-2883583
-3276800
-3473405
-3145726
-3080191
-3473407
-3735551
-3407869
-2162685
-1114111
-1507328
-1179646
-1376255
-2621438
-2555902
-2818047
-2686973
-2752509
-3342336
-3342333
-2162686
-1638399
-1769469
-2293757
-2621438
-2686975
-2359294
-3407871
-4325375
-2752509
7995392
4915201
-5701631
-3473407
-3407871
-3211262
-2490367
-2555902
-1966078
-2293758
-1900544
-589822
-65535
589824
1310721
2228227
2621441
3211267
1441793
-327679
-131071
327683
983041
786433
458754
1638400
1966080
1048577
1245184
1769475
2818051
3014656
2621440
1572864
917504
983042
1507329
1310722
1572867
2752512
2490368
2162690
1900546
1114114
1179650
1638401
1638403
-524287
5242881
10944515
7012354
-3604480
-1703936
-1310719
-2097151
-1245182
-1048573
-1376253
-851967
-1310717
-1703933
-917504
-851965
-589824
-327678
-262141
-458751
-917504
-1310717
-1769469
-2228223
-2293758
-1966079
-2752510
-3014654
-2097150
-1900543
-1572862
-917502
-1245183
-1179647
-2097150
-2293760
-1572863
-2490365
-2555901
-1376256
-917501
-393214
131074
262146
-65533
-196605
131075
-786431
-524286
11272193
8454146
-4063229
-3866623
-1703933
-2162688
-1769471
-1966080
-1441789
131074
196609
327683
720899
786432
1376256
2097155
2162691
1245185
1310720
917506
589827
-65533
-1376253
-1900541
-1966077
-2031616
-2162687
-1835006
-1572864
-1441791
-1900542
-1966078
-1638397
-1507326
-1048573
-393214
196609
-131070
-1441790
-1703934
-1507326
-1245184
-589824
-1441790
-1114110
11337729
7012353
-5570560
-2752509
-3276797
-3211263
-2621438
-4063230
-3932158
-3473405
-3735549
-2555903
-1310719
-393215
327682
196608
-393215
-458750
-1507325
-1769469
-2228223
-2686975
-2883581
-1638397
-1638397
-2031615
-1966077
-1572864
-1441790
-851968
-393214
3
-393216
-393216
3
458755
851971
-458749
-786432
-2293757
-1638400
-262144
-2097151
6225923
11993089
-1441792
-4653054
-2555904
-1441792
-655360
-1114112
-1638399
-1245182
-1310720
-1769472
-327678
-1966079
-1376256
-589821
-458752
-655360
-1572862
-3080190
-4784127
-5242880
-5636094
-4915199
-4194303
-3342334
-2621439
-2883582
-2818047
-3014654
-2490368
-2621437
-2555901
-2097151
-1966078
-2752511
-4653054
-4521982
-4128768
-5439488
-4390910
7012354
1769473
-5570559
-5439486
-4653054
-4653056
-4718591
-3735551
-4259839
-4587520
-4325375
-3538944
-3604478
-2228222
-1179647
-1638399
-3014655
-3145727
-3342334
-3801088
-3735551
-3866623
-3407871
-2818045
-2818048
-2490366
-2162688
-1507328
-786432
196610
327680
-327677
-720893
-1376256
-1572862
-1245184
-1376254
-2228221
3211266
12255234
0
-3735551
-1376254
-1835005
-1441789
-1179645
-1310720
-1114111
-1638398
-1441792
-917503
-524286
-65535
589824
2097152
1507331
983040
655363
131075
-1048574
-2031613
-2162685
-2555903
-1310717
-1376256
-1179648
-655357
-65533
2
-196607
-196605
458755
-327678
-786429
-1114111
-458751
-917502
-2293758
8192000
11272192
-3145727
-4456445
-917501
-2228222
-3342335
-3211262
-1835007
-3080192
-3407872
-3538942
-3014655
-3014653
-2686975
-2031614
-1507325
-1900544
-1966080
-2424829
-3735552
-4390909
-4915197
-3145728
-3932157
-2293760
-2162686
-2621439
-2490365
-1769472
-917501
-1441792
-2162686
-2949118
-2883584
-2883584
-3211261
-2752509
-4653054
-917502
12320768
2162691
-5701632
-3145725
-3342336
-2818048
-786432
-851967
-1310718
-1048575
-1441791
-1179648
-196606
1114114
1114112
1048578
262146
-458752
-1900543
-2490367
-2162688
-2228221
-2293760
-2621438
-3145727
-4325374
-5046269
-5373952
-6356989
-6160381
-3997696
-5046271
-7602174
-8388605
-9043967
-8257536
-7733245
-9240573
-5373952
5570562
-4456446
-11665408
-8716288
-9830398
-9895935
-10223616
-11010046
-11010045
-10747901
-10420221
-9830398
-9961470
-10682365
-10420221
-10158080
-11075582
-12320765
-13172735
-14876671
-15138816
-15269886
-15990782
-17104894
-17235967
-16777213
-17432576
-17563648
-16711678
-16056319
-16121856
-16187391
-16449534
-16646143
-15925247
-16121854
-16383998
-17039360
-16711677
-17956864
-15925248
-4980734
-13565952
-21037053
-17825792
-18087933
-17891328
-17956861
-17825792
-16842752
-14680064
-13369342
-12386302
-10485760
-9830397
-9043967
-9306111
-8978429
-9502719
-10092541
-9895934
-9502718
-9830397
-10027005
-9568255
-8257533
-7471101
-6619135
-5767168
-5373952
-4521984
-4587517
-4718589
-3932158
-4325376
-3014655
-655360
393216
4063233
4849664
3342337
3014656
2555906
2686979
2031616
13500419
10682369
-65534
1966081
3014659
3801088
3145731
2818048
2949121
3211265
4128770
4784130
6160384
6029315
6029315
6160387
5505025
4390912
3342338
3473408
3473409
3670017
3735552
3407875
3538947
3997696
4194306
4653058
4521987
3866626
4259843
5963776
5636098
5963779
6225921
5046274
5570562
5963779
6160385
6684675
4718595
13697027
19202048
3735553
1245184
5308417
5570560
5832706
5767168
5701635
5767170
5242883
5505024
6488066
7471106
7798787
8257536
8388611
7471107
5963779
4390915
4325379
3866627
4128769
4390913
4587520
4063235
3014656
3145731
4063235
3801090
3342336
3932162
4390913
4259841
4390914
4587520
5832705
5046274
4325378
3538947
3342339
3211267
2949120
1703936
12386305
17235968
2359296
2490371
4194305
3342337
3538945
3932160
3932161
3997696
4128768
3670018
4128770
5373954
5177344
5505026
6291457
5308417
3866625
2883587
1900544
1769475
1245184
1114115
1703939
2228226
2162688
2162689
2949120
3866625
5373953
4915201
4128768
3080192
2883584
3538944
4521985
5242882
6160386
6094848
5963779
4587522
3670018
2883584
2359298
3014659
3342339
3211265
15597571
11534337
-1179647
1441794
720899
196608
327683
-327680
-327680
-131069
65538
196611
1
524291
1245184
1310723
1179650
1507330
196611
-196605
-917501
-1245183
-1376256
-1376253
-917501
-1048574
-1048575
-1376256
-1179646
-786430
-589824
-458750
-131071
458754
-262142
-327678
1
-1179647
-983039
-786430
-917501
-393215
1048577
14155778
13631488
-2621439
-4259840
-3735550
-3735550
-3276800
-3080191
-2424829
-2686974
-2883582
-2293757
-1638399
-589823
-65534
524290
1966082
1703938
524288
-917502
-1900543
-3145725
-3604478
-3014655
-2162686
-1376255
-1310719
-2031615
-2097149
-786432
-1245183
-1638399
-917502
-720896
-983040
-1507327
-2424831
-2293760
-1703934
-1966078
-3670015
3866624
13434880
-393216
-4587517
-1572864
-1310717
-851965
-1114111
-1572861
-589824
131073
-65533
720899
1376257
1572865
2097153
2686976
2621441
1900544
1114115
3
-65533
65536
262146
2031616
1441795
-131071
-262141
131073
-131071
-458751
-1835007
-917502
-1376256
-1572862
-1245183
-1966080
-1966078
-1507328
-3342335
1179650
12320768
917507
-5767166
-2555902
-2686975
-1703934
-1507328
-1835008
-1572861
-1572863
-1376255
-524288
-327679
3
1441792
2031618
1572867
655361
196610
2
-851967
-851968
-1310719
-1966079
-1310719
-1572863
-1703936
-1179648
-917503
-262142
131075
-131071
1
196610
458752
-851967
-393213
458753
458753
-1966078
5373954
13697027
-1703933
196610
131073
393217
1572867
1572865
1310720
1310722
1310720
1048579
1376256
1769473
2555904
3538945
3801090
3604483
2424833
2293760
2097155
1507331
786435
327681
-720896
-1179648
-1310718
-720896
-196607
262147
131075
786434
1572867
2097152
1900547
458753
-589821
-131072
-65535
131074
-131072
-1048573
6881281
14614528
-3342333
-2031613
-2293758
-2359294
-1703935
-1376255
-1376253
-524287
-393213
-786432
262146
1376259
2752513
3670017
3342338
2621443
2293763
1245184
524289
131074
-65536
-131071
-524287
-983040
-2490366
-2293759
-1900544
-1835007
-1507325
-327678
720899
393218
-1441792
-1769469
-2228224
-2621437
-3997694
3014656
13565952
-196607
-2555902
720898
524291
1114113
851968
458752
262145
-65536
-131071
0
-655359
-327678
-524285
-1441790
-1048574
-1703934
-2359295
-2359293
-3145727
-4325373
-4325375
-4521983
-4456446
-4063231
-4521982
-4718590
-5242878
-5242878
-4653056
-4587519
-4718590
-3801085
-4194304
-4915197
-3866621
-3080192
-5505024
-3342333
10158083
1376256
-5505024
-5308415
-5373951
-5177341
-4980735
-4718592
-3801086
-3932157
-3145725
-2883581
-2818048
-2949119
-2621440
-2424829
-2752511
-3735551
-3801086
-4128765
-4587520
-4521982
-4128765
-3538942
-3276799
-3342335
-3604480
-3604477
-3145725
-3080192
-2818047
-2293758
-3342335
-3997695
-3473405
-3342334
-4128766
-2818048
-3932160
-4325376
8192000
10092546
-2949118
-6094847
-3342335
-3866621
-3670014
-3997694
-3080189
-2883582
-3276797
-3604477
-2686973
-2097150
-1441791
-720894
393219
1376256
2031617
655361
-589821
131075
917504
1572866
851969
1114114
1638402
1245184
1245185
1310720
655362
393217
983040
1441792
1245184
655361
-917504
-1769470
-2424830
-2949120
-3342333
-3276798
-2752510
7798787
1
-4456447
-5046272
-5111806
-4849662
-3866624
-3211261
-3407870
-3473406
-2752511
-1114112
262145
917506
1179649
524288
196610
196609
-983037
-2097152
-2490367
-2949120
-2883582
-3211263
-2555901
-786432
-393214
-589822
-1048573
-1572862
-2031616
-2752512
-2621438
-1245182
-2424831
-2097149
-2031613
-3014655
-1507328
-1507326
-2031614
-1179646
-917504
-983038
-2621438
2
11141120
3211265
-4194301
-1703936
-1376254
-262141
393218
917507
1179648
1310721
1376258
1966081
2097152
1376258
2883584
2752513
1441793
1114114
1114112
786434
131075
-65534
-327679
-720894
-327679
-917502
-262141
1507329
983042
-589821
-1507325
-1507325
-1900544
-1572864
1
655362
-65535
-393216
-589822
-1507326
-1507328
-1835006
-1900542
-4063229
2490371
9502721
6488066
-5177342
-1376254
-851967
-1572863
589826
1310723
-65533
-786432
-1835007
-786432
393219
655361
458753
589825
196611
-917501
-1703934
-1638399
-2228224
-2555903
-2359296
-1507328
-1179645
-589823
-458751
-983037
-1048574
-196605
1048577
786434
-851967
-786431
-1769472
-1769469
-1114112
-2490366
-3670014
-4456446
-4325374
-3866622
-4784125
-2621440
10420227
1703938
-7012349
-3604480
-3735552
-3342333
-2293758
-1966077
-2293758
-2228222
-2359293
-1900541
-720894
-1114111
-1114110
-327680
-655358
-1048575
-2228221
-2883581
-3211261
-2097149
-983040
-1638400
-2162688
-2490368
-3932159
-4325374
-3670015
-3997693
-3866623
-4390910
-4587519
-4587520
-4784127
-4456445
-4063232
-4390912
-5308415
-4521983
-3276798
-4390909
-5570558
5767170
8912896
-2555904
-7143424
-4587517
-4456447
-3604477
-2752511
-2293757
-2359296
-2293759
-1703936
-1179648
-1114112
-917503
-589821
393219
786433
-524287
-1179647
-983039
0
1245187
786432
917507
-983038
-1245183
0
-458751
-1048573
-917502
-1048575
-524286
-196606
3
65537
-720893
-1048576
-1245182
-1507326
-1114109
-2228223
196608
11862019
4325378
-3801087
-327677
720897
327683
-131069
-1638397
-2097150
-2818045
-2424830
-1638398
-1769472
-262141
720896
458752
-327678
-1703935
-2097152
-2293758
-2031615
-1966078
-2228224
-2686975
-3211262
-2883584
-2883583
-2949120
-2555901
-2359293
-2162688
-524288
65537
65539
-65535
-720896
-1114109
-1572863
-1245182
-1900543
-720893
10682369
5177344
-5373950
-1900544
-2621437
-3145726
-1966080
-1507325
-1245182
-655358
983042
1835011
589824
-983040
-589821
65537
655363
983041
-65534
-1572861
-2228223
-1900544
-2228224
-3473406
-3801086
-2883582
-3211264
-3473406
-3735549
-3342334
-3211262
-3801088
-3538944
-3473407
-4849663
-5767167
-5898240
-5963774
-6553598
-7929853
3604480
4915203
-2883584
-9371647
-6160384
-7208960
-7077886
-6356991
-6488064
-6619133
-6684670
-5111808
-5505022
-5177343
-6225919
-6422526
-6291453
-6160383
-5767168
-5767168
-6291453
-7274493
-7602173
-7471104
-7340029
-7208958
-6422525
-5832703
-5767165
-5373951
-3735552
-3801087
-3866623
-3932157
-5505021
-5570557
-5767168
-5701632
-6946815
983041
8519681
3670018
-9830400
-7208959
-7471103
-6815742
-5701631
-4849663
-3407872
-2228222
-4653053
-5636096
-6029311
-5898238
-5111806
-2752512
-2949120
-2883582
-3604478
-4063232
-4128765
-3801086
-3997694
-4259839
-3932157
-3735549
-3080191
-3407872
-3145725
-1114110
1179651
1310720
589827
-131070
-1703936
-3014653
-3080192
-3670013
-3866623
8454147
9502720
-5308416
-1966077
-458751
-655359
-655358
-524287
1703936
1966083
917504
327680
-720894
-917502
-589823
65536
-262144
65537
-458752
-1572861
-1900541
-851967
65536
131074
1114113
1179649
786435
917504
786435
786432
851971
1245187
1048578
131072
-786430
-1507325
-1900541
-1376256
-1835008
-2097151
10682370
9306112
-4653055
-3211263
-917503
-393215
-524286
-1048576
-1703933
-2097151
-1245182
262144
458752
327680
1048577
1835008
2293762
2752512
1966081
393218
327680
589826
655363
655363
1245184
1572865
1441794
1572865
1114114
1310720
1310723
983041
1638402
1769475
1245186
1
-65536
1
-655359
589827
-196605
6619137
13893634
1310722
-1376253
0
-327677
393217
524290
1179648
1245184
2097153
2949120
2555904
2686977
3407873
3080194
4718592
5242881
4521986
3342339
2949121
3538946
3211265
3014658
3735554
3538947
3866626
4587522
4784130
3997699
3473411
3538945
4521984
4915203
5636098
5570562
5046274
4784130
4063233
4521987
2424834
4653058
11141120
14286848
1376256
2031616
2818049
2359299
3145728
3211264
3473411
3538945
2949122
2424833
2686978
2752512
2818051
3211265
3342337
3604483
2424832
1900545
1114115
524290
327683
458754
655361
589826
917504
720896
196610
655363
524290
983041
1572865
2424834
1703936
1245185
720897
327682
458755
327680
-2228221
3211264
13041667
327681
-4390909
-2031613
-3014655
-3145728
-2883581
-3276798
-3211263
-1900543
-1835005
-1900543
-2031613
-983039
-589824
-393214
-851967
-1572863
-1900543
-3014654
-2424832
-1507325
-917502
-2031614
-3473405
-3997694
-3670014
-3342336
-3211263
-2621437
-2162688
-1376255
-1572861
-1703935
-2555904
-2752511
-3407869
-3801086
-3997694
-4849664
7471106
7208963
-7405565
-5832701
-5177343
-4587520
-4063232
-2752510
-1835007
-2228222
-2424831
-1966079
1507328
1310723
327681
-458751
-720893
-327679
-327677
-655358
-1638399
-1572861
-1179645
-1703936
-2359296
-1900541
-1703934
-2424831
-2228223
-2359294
-2883581
-2162687
-786430
-1179648
-851965
-1572861
-2621440
-2031616
-1703936
-3735550
2228226
12124160
-1048574
-6094846
-3473407
-3276800
-2883583
-2424829
-2424832
-2162687
-2293759
-2031616
-1048573
-983038
-131070
262146
3
-1114110
-2031613
-1900542
-3407870
-3670016
-3407871
-3932158
-4128768
-4784128
-3801085
-1638400
-2293758
-5177343
-5439486
-5046272
-4849662
-4325376
-4653053
-5439485
-6225917
-7602173
-7733245
-6946815
-8126464
-8847360
1
4521985
-9568254
-10092542
-8323072
-9764863
-10158080
-9764862
-9830397
-9306110
-9109503
-8912895
-8191997
-8650751
-7864319
-7536640
-8519679
-8585215
-8781821
-9568254
-9699325
-10223614
-9895933
-9764861
-10027007
-9699325
-9437182
-10092544
-8716285
-7798784
-10158079
-11075581
-9699328
-9109504
-9043966
-9109504
-9240573
-10027006
-10747901
-9043965
-7995391
-10158078
-1966077
5177347
-7864319
-9109501
-5898237
-5832702
-4980736
-4784127
-4259839
-3997694
-4194304
-4390909
-4128765
-2555902
-2162688
-655359
851970
720897
720897
917505
327683
65538
-393215
131075
983043
983041
1245184
1048576
524290
983041
327681
524289
1376257
2621442
2883584
2162688
983042
-983038
-1048574
-327677
131074
-1703935
6225923
14352385
8388609
-2752510
65538
1179648
1835011
1966082
2949121
3014659
3604482
4915201
4849665
4653059
5898242
5832705
5177347
5242881
5242881
4980739
4980737
3997699
2949123
3276802
4259841
3801090
3538945
4128769
4325376
4128769
3538945
5308417
5505026
4587520
3801090
2621441
2031619
2097155
2490371
2490369
65536
6291459
15859713
2359298
-1638400
1310723
393216
1
0
-65534
-131072
262146
327683
-196605
327683
327683
524290
1114115
327682
327681
131073
-786430
-1441791
-1310719
-917503
-655360
-655357
-393216
65536
-65536
-655358
-327678
-65533
851970
1835009
1179649
327681
-589823
-458750
-458750
-65536
-1572864
5701632
13893635
-1638399
-3866621
-1114111
-1835006
-1900542
-1835005
-983039
-589823
-524286
-655357
-131070
655363
524289
524290
1507329
1376258
262146
-524288
-720893
-851965
-1245182
-655359
-393214
-327679
-262143
-327679
-65536
131072
262144
-393216
-524288
327682
589824
-458750
-393215
-851968
-720893
-65534
-1966079
2883584
13565952
1835011
-3407869
-1245181
-262144
-655359
-655359
-393213
-1048573
-1114111
196608
393218
-851965
-262143
917507
589826
1048579
2293763
1245186
720898
262147
196611
131073
196609
-65533
-851966
-1245182
-2031614
-2162685
-2555901
-2490367
-2228223
-1441790
-983038
-1179648
-2097150
-2818047
-2097151
-1769472
-1441789
-2359293
-3276799
7798785
6619137
-4587518
-2818048
-1638400
-851967
-1114110
-983038
-196605
-65535
131074
131073
589825
1179649
1572867
2097154
1703938
1572864
1376259
1114114
262145
131072
589827
458752
131073
524290
851968
1310721
1835008
1703936
1245184
720899
1966080
2555907
2949121
1966083
851968
327683
720896
1114114
1507328
-786431
7667712
12976128
65539
-720896
524289
-65536
131074
786435
851968
1376256
1310721
851970
786435
917505
1769474
2818050
2752513
2555905
1835008
1179649
524291
1179649
1048579
1835008
1572864
2359299
1835010
1572865
1572864
1507329
1638403
1966083
589826
-589823
-655360
-851967
-589822
-1507325
10485761
5963778
-2228223
-5046270
-2490368
-3473407
-2097151
-2162686
-2097149
-1769471
-1441792
-393216
-327680
-196607
65536
458752
327682
-458750
-327677
-1310720
-2228223
-3014654
-2949117
-2555904
-2686975
-2949118
-3014654
-3473407
-3145726
-2490367
-2162688
-3014653
-3670016
-3670014
-3538943
-4915198
-2359293
11141121
1441792
-4784126
-4521981
-4063230
-3670013
-3145726
-3080189
-2883581
-2621437
-2555902
-1900542
-786431
-851967
-720893
-2949120
-2949118
-2949119
-3211264
-3735551
-3866624
-3932157
-3211262
-3080191
-2555904
-1900542
-1638398
-1048573
-2555904
-2490366
-2555903
-2686974
-2490368
-4325374
10813440
-3342334
-7929854
-5111808
-5636093
-5111807
-5242880
-5242880
-4718592
-4325374
-4325375
-4259838
-3997694
-1179648
-1769469
-917503
-1310719
-2031614
-1900544
-2228223
-2424829
-2686975
-2818046
-2228223
-2555902
-2621440
-2818048
-3604478
-3407872
-3801085
-4587518
-4915200
-4521981
-4849664
-3538943
-5046271
2752513
9306115
-4063231
-5111806
-2818048
-2949119
-3211262
-2621440
-2162686
-2359294
-2424831
-1835006
-1376254
-983037
458754
-131070
-720895
-786431
-786432
-1048576
-1048576
-1507328
-1572864
-1441789
-1572864
-1441791
-1966080
-2031616
-1245184
-196605
720898
1900547
1048577
393218
131074
262146
196608
-1703933
196608
5701632
-2818047
-1114111
393216
-655357
-327679
-327680
0
655360
1114113
1048577
720899
917504
1441795
2359297
1966083
1179649
655363
524290
327683
65537
-393214
-1245182
-1179645
-1638400
-2097149
-1703933
-2424830
-2555901
-1900541
-1638400
-1572862
-1703933
-1310720
-1507326
-2162688
-2228223
10616835
11927552
-2293757
-4849663
-2752509
-1900542
-1769469
-1245182
-1048575
-1114111
-1114110
-1376253
131075
458754
262147
1048576
1179650
983041
327683
-524285
-983039
-1310717
-524286
-851966
-1769472
-1441792
-720895
65537
-65533
-262141
65537
196608
327682
851969
262146
-327680
-1507328
-2490367
-2097149
-2686975
-983039
11927554
3801089
-6619136
-1835005
-2621439
-4063230
-3670015
-3342336
-3342334
-2818046
-2686976
-2293759
-2490365
-2228222
-1900543
-2097150
-2424829
-3014653
-2949117
-2752510
-3801088
-4325374
-3997695
-3014656
-2621439
-2424831
-2490366
-2555903
-1900543
-2162686
-1507328
-851965
-1572862
-1376256
-2621440
-3538942
-4390909
-4128765
-3932157
-6160381
655361
9699328
-4718592
-8060928
-5439487
-5505024
-3735549
-3145727
-3211263
-3276797
-3604479
-3080192
-2949120
-1572861
-1441791
-1441789
-983038
-1048575
-1638397
-1507326
-2097150
-3407869
-3735550
-3080189
-2097150
-2228222
-3211262
-2686976
-1638397
-2490365
-1966078
-917502
-720896
-589824
-1179647
-1179648
-1703934
-1179647
-1507327
-1572861
-1507328
-3145727
3866627
9764867
-2949118
-5701630
-3276797
-2949119
-2555904
-3276798
-3276798
-2686976
-2162685
-983038
-1179646
-1507328
-1245183
-851967
-1376255
-2228221
-2031616
-1900542
-2424831
-3342333
-2686973
-3276800
-2883584
-1966077
-1769469
-2686974
-2686975
-2097149
-1507328
-1179646
-720893
-655358
-589822
655361
720896
917505
0
-327677
-196607
-327678
393216
-786431
4980736
12582912
720896
-2752511
327682
-262142
-393215
65537
458753
327680
458755
1245184
1114114
1245184
1310721
1638400
2752512
3211266
2621442
2228225
2752512
2752513
2686978
2490371
2293763
1966083
1900547
1507328
2097153
2752513
2228225
1441792
1310721
1048578
851968
2162691
2686978
2424832
1507331
-65536
-786429
-524288
2
-2555901
4980737
11272192
4849665
-5439487
-3145727
-2686975
-1966078
-1507325
-1835006
-524286
-720893
-1048575
-393214
-917502
-720896
-327677
-393213
-786429
-1114110
-1507326
-2490367
-2686974
-3145726
-3080191
-2490367
-2490365
-1769471
-1245182
-393216
-786432
-1179646
-1048575
-1114111
-1245182
-327680
1
262146
-393215
-917502
-851968
-720893
-65535
-1835008
1441792
13172739
2490368
-4718590
-1769471
-2031615
-4063231
-4587517
-3932158
-3670015
-3538944
-3080192
-3342336
-3473405
-2228221
-1769472
-1507325
-2293759
-3014655
-3342336
-4456446
-5242877
-5177344
-4915199
-5046272
-4653056
-3997694
-3342336
-3407870
-4259840
-3145726
-2621439
-4390912
-3735549
-3473405
-2686975
-4194303
-3407870
-3342334
-3014654
-4653054
-720893
10223617
196608
-5505023
-3473405
-2686975
-2424829
-2031616
-2031615
-1703935
-1441790
-1114109
-720895
327683
-196607
-327679
131074
655362
786435
327681
262145
-1114112
-2359294
-2949118
-3276799
-2621440
-3276798
-3342333
-2752509
-3670014
-3604478
-2883581
-5046269
-5308415
-4063229
-3997696
-3670016
-3080190
-3801088
-4259838
-3604479
-3276799
-2752509
-4653053
2097155
9895939
-2293759
-5177341
-2424831
-3997694
-3801088
-3407869
-2818048
-2686974
-2621440
-2293760
-1441792
-655359
262147
720897
65539
-262141
-458749
-458750
-917501
-720895
-655358
-393214
589825
983043
589826
-65535
589826
-131070
-1179647
-1048574
-917503
-196605
524290
720896
524291
-131071
-851967
-1441789
-1376254
-1441789
-2490365
3866627
11468802
-786432
-3866622
-917504
262146
3997697
2883584
2359297
1703937
0
-1441789
-1572862
-1572863
-1048574
-458752
-65533
262146
-393215
-589822
65539
-327677
-851968
131075
-589824
-2031615
-1835007
-1966079
-1900542
-2359294
-2293760
-2424832
-2818046
-1835006
-1310718
-1376254
-1376254
-2097149
-1769471
-1310718
-1441791
-3211264
-3604477
7405571
9437186
-4653054
-2686975
-1900541
-3473405
-3080192
-3014655
-2621438
-1966080
-1835005
-1245183
-851965
-1114111
-1835008
-2031613
-720896
-327678
-1572864
-2097149
-2752511
-2031615
-1900541
-1638397
-1507328
-1245181
-1048576
-1245184
-1310720
-720895
-851965
131073
-65536
-131069
393219
-393216
-1310718
-1048576
-327679
196609
-589821
1441795
14286851
7143425
-2883584
-65533
-1507328
-1572861
-1048576
-1376256
-983039
917504
327681
-1048575
-393215
720897
1572866
1376257
1376258
1703939
131073
-1179647
-1310718
-1310717
-720894
262145
1769474
589827
851970
1441794
65538
327681
131072
851971
1376256
1572864
1048576
458753
-393214
-1310717
-393215
-65536
-2883582
4718593
11468801
-3604479
-6160382
-4063232
-4653055
-3604477
-2883583
-2031616
-1638398
-2293760
-2818045
-3014655
-2228224
-65533
2
-786432
-1310717
-2555904
-3145728
-2883584
-2949119
-2424832
-2031616
-2490366
-2818047
-3276797
-2555903
-2293760
-1376255