-1245184
-1245182
-1245183
-1048575
-1114110
-983040
-1114109
-1048575
-917503
-1114109
-917503
-1048575
-1114109
-1048576
-983038
-983037
-851967
-851967
-851965
-786431
-786431
-851966
-1114110
-1310719
-1507325
-1245183
-1114111
-1245181
-1114110
-1114110
-1048573
-1114112
-1179647
-1114110
-851968
-983037
-917501
-917501
-983040
-1048575
-1114110
-1048576
-983039
-1048575
-1048576
-983038
-1114109
-1114109
-917503
-983038
-1048574
-983038
-851968
-851967
-983038
-1114109
-1114109
-1114110
-1048575
-1048575
-917504
-1048574
-786432
-851967
-1048573
-917504
-1048576
-1048574
-1114111
-851966
-1966079
6291456
-262143
-5570557
-851968
-1572862
-1376255
-1310717
-1376254
-1048576
-917503
-1245182
-1179647
-917504
-917502
-917502
-917503
-851967
-786429
-655360
-720893
-851967
-983037
-1048575
-1376254
-1245182
-1048573
-983039
-1114109
-917504
-917504
-1114111
-917501
-1048576
-1048576
-983039
-1048574
-983039
-1048574
-983039
-1048575
-1179645
-1114109
-1114110
-983040
-917502
-1048573
-983039
-983039
-983038
-983037
-983039
-917503
-1114110
-851967
-655359
-917501
-786432
-983038
-1048573
-1114112
-1114109
-1179646
-1245181
-2097151
5111810
917505
-5832701
-3014653
-1376256
-1441792
-1245183
-1179647
-917501
-1048575
-1114112
-1179648
-1179645
-1048575
-1048573
-917503
-917502
-917504
-786431
-851966
-917502
-1114112
-1376256
-1507325
-1245181
-1179647
-1310718
-1179646
-1179645
-1048574
-983039
-1048576
-1114109
-1114112
-1179646
-1179645
-1245183
-1114112
-983040
-1245182
-1245182
-1114109
-983038
-1048576
-917504
-917504
-1179646
-1245182
-1310720
-1114112
-1179647
-1048576
-917502
-1835005
983041
5308419
-5308416
-2752510
-1376253
-1572864
-1376253
-983038
-1048574
-1114111
-983038
-917502
-983038
-983038
-983037
-917503
-786432
-589823
-786429
-720896
-851965
-1114112
-1179645
-1310718
-1245184
-1048575
-1114109
-1245184
-1114111
-851967
-1114111
-1114112
-851968
-1114109
-1114112
-1114111
-1114110
-1179646
-917504
-589823
-1114109
-1114111
-1048575
-1114110
-1245182
-1179646
-1114110
-1048575
-2293759
3670019
2490370
-6225920
-1245183
-1900542
-1114111
-1310720
-1114112
-983040
-1114109
-1114110
-1179647
-1245181
-1048576
-983039
-786432
-917502
-917504
-917502
-1048573
-1310718
-1376256
-1441790
-1376254
-1048574
-1179648
-1245182
-1114109
-983037
-851968
-1048573
-1245181
-917504
-983040
-1048576
-917504
-1114112
-983037
-1179645
-1048576
-1048576
-1179648
-1048573
-1048576
-1245183
-1114111
-1048576
-1245181
-1048575
-1048574
-983040
-786432
-1048575
-983038
-1114111
-1376255
-1114110
-917503
-786431
-1114109
-2162686
5373954
131073
-5701629
-786432
-1900542
-1376254
-1179647
-983040
-1048575
-1048576
-1114110
-1179645
-1048576
-786432
-851967
-917503
-720896
-851968
-720896
-851966
-1179647
-1245184
-1376253
-1245184
-1245181
-1310717
-983040
-1048576
-1179645
-917502
-1114110
-1048573
-1048575
-1114109
-1048575
-1245181
-1179646
-983037
-1245184
-1179648
-1114110
-1114112
-1048576
-1245183
-1048575
-983038
-1179646
-983038
-983040
-1048576
-917501
-1048576
-1114109
-1048574
-1048576
-1114110
-1048576
-1114109
-1048574
-983040
-1245181
-1179648
-983040
-1179647
-1048573
-786429
-851966
-1048575
-1114110
-983038
-983037
-1245182
-1114110
-1114112
-917504
-1114111
-1769471
6029314
-851966
-5373949
-786432
-1966077
-1310719
-1245181
-1114111
-1245184
-1179646
-1048573
-983040
-1048575
-851966
-786429
-720894
-720895
-786430
-786430
-1114109
-1179648
-1310720
-1441792
-1179646
-1310717
-1245183
-1114112
-1114110
-851967
-1114111
-1179648
-917503
-983040
-1048575
-1114111
-1114110
-1048574
-1048573
-851967
-917504
-917501
-1245183
-1310718
-983039
-983040
-983038
-1048574
-917503
-720894
-917502
-1048575
-1114109
-1114109
-786432
-851968
-851965
-851965
-1310717
-1245184
-917502
-917502
-917501
-851965
-1703933
655362
5767168
-4849664
-3080191
-1114111
-1638398
-1376254
-1114109
-983040
-983038
-1048576
-1310720
-851966
-983038
-1048576
-851966
-851967
-720894
-720896
-851967
-851966
-1048575
-1114112
-1376255
-1703934
-1572864
-1703935
-1441789
-1179648
-1310719
-1245181
-1114109
-1048573
-1179645
-983038
-1179645
-1114112
-1114109
-1179646
-1114109
-1179645
-1114112
-1179648
-983040
-917504
-1114112
-1179645
-1048576
-1179647
-983039
-1048575
-917503
-917501
-983040
-1376253
-1179647
-983039
-1179646
-1114112
-851966
-2162688
4390915
2162690
-5898238
-786430
-1769472
-1179646
-1376254
-1179648
-1048574
-1114111
-1114112
-1048574
-983037
-917504
-983037
-851966
-851965
-589822
-655357
-720895
-851966
-1114112
-1179648
-1310719
-1376253
-1245183
-1310718
-1310718
-1114112
-1114111
-1179648
-1114111
-983039
-983039
-1114111
-917503
-983040
-1114110
-1048573
-1114110
-1179648
-1179646
-983037
-1245184
-1114111
-1114109
-1179648
-851968
-983037
-983039
-983038
-1114112
-983040
-1048574
-917501
-851966
-1114109
-917504
-983037
-1048576
-917504
-983038
-917503
-786432
-851968
-1114111
-1114111
-1048575
-1048574
-851965
-1048573
-2228222
4915201
1769472
-5898238
-1179647
-1835005
-1310719
-1310717
-1048576
-1048574
-1114112
-1310717
-1310719
-1114111
-1048576
-1114109
-983037
-720895
-720894
-786431
-720893
-983037
-1310718
-1179645
-1179647
-1310720
-1048574
-1114112
-1179646
-917501
-1048574
-1048576
-917502
-1245182
-983038
-1179645
-1245181
-1245181
-1114112
-917501
-1048573
-983038
-1114109
-1179647
-1179645
-1179645
-917501
-983039
-1179645
-983039
-917501
-983038
-1114111
-1114112
-983039
-1048573
-851968
-1048575
-983038
-917504
-917501
-917504
-983039
-917504
-983039
-917504
-1114109
-1048573
-655357
-1703935
196611
6160384
1376259
-6094845
-786431
-1966078
-1245182
-1310719
-1245182
-1048573
-1245183
-1310718
-1048575
-1179646
-1114110
-983039
-851965
-786431
-851965
-655358
-851967
-983038
-1245184
-1441789
-1310720
-1376254
-1376254
-1245181
-1245181
-1179645
-1179648
-1114110
-1179645
-1245184
-1048573
-1245184
-1114112
-1179646
-1245184
-1179647
-1114110
-1114112
-1245181
-1114110
-917504
-1048576
-1179647
-917502
-983039
-1179648
-1114112
-1179646
-1179647
-1114112
-1114112
-917504
-1048576
-917502
-1114110
-1114109
-1245181
-1048574
-1114112
-1048575
-1769470
327681
5898242
-4653055
-3473405
-1376254
-1703934
-1572861
-1245181
-983039
-1114110
-1114110
-1048576
-1048573
-851966
-917504
-851967
-851966
-720896
-786430
-720893
-655359
-983040
-1245184
-1310717
-1179647
-1245182
-1179646
-1179647
-1114111
-1048573
-1179646
-983039
-917501
-983037
-1048574
-1114111
-1048576
-983040
-1179645
-1245183
-1114109
-1179648
-1114109
-1179648
-1048575
-1048576
-1245182
-1179648
-1114109
-1048575
-1179647
-1179648
-1114109
-1048576
-1048575
-1114112
-983040
-1114109
-1048575
-851966
-983039
-1048573
-1048575
-1048576
-1048576
-983039
-1114110
-1114110
-720893
-983037
-983037
-1114110
-1179648
-983039
-786430
-1638397
-327679
6291458
-3801087
-3670013
-1114112
-1572864
-1441791
-1179648
-983038
-1114112
-1179648
-1245182
-983040
-1048573
-917504
-851967
-1048574
-917504
-655360
-655357
-851965
-1114112
-1441789
-1441789
-1310717
-1310720
-1179648
-1179647
-1114109
-1114110
-1245184
-983039
-1114109
-1179647
-983040
-1114110
-1245181
-1179647
-1179646
-1114109
-1048574
-1114112
-1048575
-1179648
-1114110
-983040
-917503
-917502
-983040
-1114109
-1048573
-983037
-1114110
-1048573
-983039
-917503
-917502
-1114109
-1114110
-917502
-983038
-1048574
-1179646
-983037
-1114110
-1114110
-917501
-983039
-1114109
-1048575
-983039
-1179647
-1179648
-917504
-2228222
2883585
3801091
-6160381
-1572862
-1703934
-1114111
-1245183
-1048573
-1114109
-1245181
-1179646
-1114111
-1114109
-1114111
-1048575
-851967
-983039
-786432
-786432
-786430
-786432
-1310720
-1441792
-1245183
-1310719
-1245184
-1179647
-1114112
-1048573
-1114112
-1179647
-1048574
-1114111
-1245184
-1179646
-1114112
-1179645
-1310717
-1245182
-1179645
-1245184
-1179647
-1048574
-1179645
-983039
-1048576
-1245184
-1179645
-1114111
-983040
-917502
-1048576
-1114111
-1245182
-1310719
-1245181
-1114112
-983039
-1769469
458752
4915202
1048579
-6029312
-1114109
-2162687
-1310719
-1310718
-1114110
-1114110
-983039
-1245183
-1179645
-1048576
-1179645
-983040
-917501
-1048574
-786431
-720895
-917503
-1376254
-1376256
-1310719
-1245181
-1310718
-1376254
-1114112
-983038
-1048574
-1179647
-917502
-1114110
-1048573
-983038
-983038
-1245182
-983037
-1179646
-1114110
-1114110
-983040
-1048574
-1179647
-917502
-655359
-983038
-1048575
-1048575
-1048575
-1245182
-1048575
-1048576
-917504
-2424829
3276800
3604482
-6029311
-1572861
-1835007
-1179648
-1245181
-1245184
-1179647
-1048575
-1179648
-1245182
-917501
-851966
-1114109
-917502
-589823
-917503
-851965
-786429
-720896
-1048574
-1245181
-1441790
-1245181
-1179647
-1310718
-983040
-1048573
-1114111
-917503
-851965
-851967
-1048576
-1048576
-917503
-983038
-983038
-1179647
-1179648
-1245183
-1179648
-1114111
-1048576
-1114110
-1179646
-1048573
-917502
-1048576
-1048576
-1179648
-1114110
-1114111
-1114110
-983039
-917504
-983037
-917504
-983038
-983039
-851968
-917503
-983038
-851968
-1048574
-983038
-786431
-851967
-786432
-983037
-983040
-851967
-851966
-1048575
-917502
-1310717
-1048573
6422529
-2555902
-6029310
-1703936
-1966079
-1310718
-1376254
-1245182
-1114111
-1245182
-1114110
-983038
-983038
-983040
-851965
-786430
-720894
-786431
-720896
-720896
-1048576
-1114109
-1376255
-1245181
-1376254
-1179647
-1114110
-1048573
-1048576
-917504
-655360
-917502
-1114109
-1048575
-1114112
-1114111
-1048576
-1048573
-1114109
-1048576
-1048573
-1179647
-917504
-851966
-1114111
-917502
-1048576
-1245184
-1114111
-1048573
-1048576
-1114111
-983040
-917502
-1114111
-917503
-1048575
-1114111
-1114112
-983037
-720894
-2031616
2424832
6291459
-1245182
-5308413
-655360
-2097152
-1048574
-1310717
-1245182
-983040
-1179646
-1048575
-1245184
-1245184
-917504
-917503
-917501
-786430
-720893
-851967
-917501
-1114112
-1441790
-1441790
-1441792
-1245181
-1114112
-1310718
-1114110
-1048574
-983037
-1114110
-1245184
-851968
-983040
-1114110
-1114109
-983039
-983037
-1179647
-1245183
-1245182
-983040
-1310719
-983037
-786430
-917503
-851967
-983038
-1179647
-1048574
-1048575
-983040
-983039
-983038
-2097152
2359296
4653056
-5963774
-2097151
-1572863
-1310719
-1245184
-1179646
-1376253
-1179647
-1048576
-1179646
-1114110
-983039
-1179646
-1048575
-917502
-786430
-655357
-851967
-851965
-1048573
-1441790
-1376256
-1245182
-1245181
-1245181
-1245183
-1179646
-1179646
-1048573
-917502
-1048573
-1048574
-1114110
-1245183
-1179646
-1310719
-1048574
-1310718
-1179648
-1048576
-1048573
-1245181
-1245181
-1179645
-1114111
-983037
-983040
-917503
-1114112
-1048576
-1179647
-1048575
-1114110
-917503
-851968
-1048573
-1179645
-1048575
-1048574
-983038
-983038
-983037
-983037
-1048573
-1048574
-917503
-983040
-1179648
-1048576
-917501
-1114111
-851966
-1507326
-589822
6422530
-3276798
-4128767
-1114109
-1441790
-1048574
-1310717
-1114112
-1179645
-1048575
-917502
-1048576
-917503
-983038
-983037
-786429
-851966
-720895
-720895
-851965
-851968
-1179647
-1245183
-1245181
-1179646
-1376254
-1179647
-1048574
-1114109
-1048575
-1048575
-917502
-1114112
-983040
-983038
-917504
-1048574
-1245182
-1245183
-1048576
-1048574
-851968
-1048575
-1245181
-1179647
-1114110
-851968
-1048573
-1114112
-1245181
-983037
-983038
-983039
-1048574
-1048576
-917504
-917501
-1114110
-917503
-786432
-983038
-1048575
-917503
-1048575
-917503
-1179646
-1114109
-983039
-1179645
-983039
-851968
-1048575
-1114109
-983037
-983038
-1179647
-917502
-983039
-2097150
5963779
5701632
-5570559
-2621440
-1703933
-1507327
-1376256
-1310719
-1310717
-983038
-1179645
-1114112
-1114110
-1179645
-1048573
-917501
-786430
-851967
-851968
-655360
-655359
-1179647
-1310719
-1507327
-1376253
-1179645
-1179646
-1245181
-1114112
-917504
-1114111
-1179647
-1179645
-1114110
-1310719
-1179648
-1114111
-1179646
-1245184
-1245183
-1114112
-1114111
-1114109
-1179646
-1114110
-1179648
-1048574
-1114111
-1245183
-1179646
-983039
-1048574
-1179646
-1179647
-1245182
-1245182
-1048573
-1179647
-1179646
-1114109
-1310718
-1114111
-1114112
-786432
-917502
-2162688
5177345
983041
-6094847
-1048576
-2293760
-1245183
-1245182
-1245181
-983040
-1179645
-1114109
-1048574
-1114110
-1179645
-1114112
-851968
-1048575
-983039
-720896
-851965
-1048573
-1245182
-1376256
-1441792
-1245183
-1245182
-1441789
-1114111
-1114110
-1114109
-917503
-851968
-851968
-917503
-1114110
-1048576
-1048576
-1048574
-1048574
-1048574
-917501
-1114111
-1179645
-1114110
-1179648
-917503
-1179647
-1179645
-1114111
-983040
-851967
-983039
-1048573
-1179646
-1245181
-983039
-1048573
-1048574
-917502
-917501
-983040
-1048573
-1048573
-1048573
-917501
-983039
-786429
-983039
-1114111
-1048576
-1114112
-917501
-1507325
-2359293
4063233
3538945
-6291455
-1507325
-2031616
-1245184
-1376254
-1245181
-1114109
-1114111
-1114110
-1179645
-1048573
-851966
-917502
-720895
-851966
-589823
-655360
-720893
-786431
-1310719
-1376255
-1376253
-1179647
-1114112
-1245183
-1048576
-983040
-983040
-1048573
-983038
-1114109
-983038
-983038
-917501
-1048576
-1245183
-1048573
-1179646
-1245183
-1048576
-983038
-983038
-786431
-1114112
-983038
-1048575
-1048576
-983039
-1114109
-917503
-983039
-1048576
-917502
-917503
-851967
-983040
-917501
-983040
-983038
-983039
-917502
-851967
-1048575
-1114112
-1048574
-1048574
-851967
-983037
-1966079
5963776
-131072
-5439487
-2490368
-1441792
-1441792
-1376254
-1114110
-1048573
-1179647
-983038
-1179645
-1114110
-1114111
-917504
-917501
-851968
-786431
-786430
-917504
-851966
-1179647
-1376253
-1245184
-1245182
-1245184
-1245184
-1114110
-1114111
-1245183
-1245182
-1114111
-1114109
-1048576
-1310718
-1310718
-1114111
-1179645
-1114112
-1048575
-1114111
-1048575
-1048574
-1048574
-1048576
-917504
-851967
-1048574
-1376255
-1179647
-917501
-1114109
-1114111
-1114111
-1310718
-1048574
-983040
-2359293
4849664
1245185
-4784127
-3473408
-1376255
-1769472
-1441790
-1179647
-1179648
-1048575
-1179646
-1310719
-1048573
-1114109
-1048573
-786431
-917503
-851966
-655359
-720895
-983037
-1048574
-1376254
-1310719
-1245183
-1441789
-1245184
-1179646
-1048574
-983039
-1114111
-1048576
-1048573
-983037
-1179646
-1048576
-983037
-1245183
-1114110
-1048575
-1114112
-983038
-1114110
-917502
-786431
-851968
-983037
-786431
-1048574
-917503
-1048575
-917502
-786432
-786431
-851968
-786430
-917501
-1048574
-983038
-851968
-720896
-2359293
3932163
3145728
-3211261
-4128765
-1245181
-1835006
-1245184
-1179645
-1048573
-1048574
-1048574
-917503
-1179645
-983040
-983040
-983037
-983040
-851965
-655359
-720893
-851967
-1048573
-1441792
-1310718
-1376256
-1245184
-1179647
-1179647
-1048576
-1048573
-983037
-1114111
-1114111
-983039
-1114109
-1114109
-1114111
-1114111
-1179646
-1245181
-1048573
-786432
-1048575
-1114112
-1048576
-1114112
-917501
-786432
-917503
-983037
-1048573
-1179645
-1245182
-1048574
-1114110
-983040
-2228223
1769473
5570563
-5636096
-2555904
-1638397
-1441789
-1441792
-1179647
-1114109
-983040
-1114112
-1245182
-1048573
-1048576
-917502
-851967
-786429
-655358
-589821
-655358
-720895
-983038
-1310718
-1310718
-1245183
-1179645
-1179645
-1114109
-1048576
-983040
-1048573
-917503
-1048576
-1114111
-1048573
-1179646
-1114110
-1114110
-1048573
-1245183
-917503
-1114109
-1179646
-917501
-1048576
-1179648
-1114112
-1179646
-1310718
-1114109
-983039
-1245181
-983038
-983037
-917503
-983037
-1048574
-1179645
-1179647
-1048576
-1048574
-1048573
-1048574
-851965
-1835005
196611
6356994
-4390912
-3407870
-1245183
-1966079
-1245182
-1310718
-1048576
-983040
-1114109
-1048576
-1114111
-1048575
-1048575
-983038
-983038
-983039
-917501
-720894
-786431
-983038
-1376255
-1310717
-1310720
-1310720
-1376256
-1245183
-1114112
-1179646
-1048576
-1114111
-1048576
-983038
-1179645
-1179647
-1114110
-983038
-1114110
-1245183
-1048576
-1114111
-917504
-1048574
-1310720
-983040
-917504
-1048573
-983040
-1179646
-1048576
-1310718
-1310717
-1114109
-917502
-1572861
-458751
6160385
-3670016
-3997696
-1114111
-1769469
-1310717
-1310720
-1310717
-1179648
-1245183
-1048573
-1048574
-1179647
-1114110
-983040
-983039
-917504
-720895
-917502
-917501
-1245183
-1441790
-1441790
-1376255
-1179646
-1114112
-917502
-1048576
-1048575
-1048573
-1048575
-1114110
-1048573
-1048573
-1114111
-983039
-983037
-917502
-983040
-1048574
-983038
-1114109
-1048574
-1048573
-1114109
-917504
-983040
-1245182
-1179645
-917504
-983038
-917504
-983038
-1245183
-1114112
-1048573
-1179647
-1048575
-786432
-2162686
2490370
6225921
-1441792
-5242877
-917501
-1900544
-1245182
-1114111
-1376253
-1179647
-1114111
-1048573
-1048575
-983040
-917504
-1048573
-851968
-589823
-786429
-851965
-786430
-983040
-1245184
-1310720
-1310718
-1245184
-1310717
-1245183
-1376253
-1048575
-983039
-917501
-1114109
-983038
-1114109
-1048575
-1048575
-983039
-1048574
-1114109
-1114109
-983038
-1048573
-1179645
-983039
-983037
-1245181
-983040
-1048574
-1048575
-983038
-1048576
-1114111
-1179647
-1114109
-1179645
-917501
-917502
-786430
-917503
-1048574
-917503
-917502
-917502
-851966
-983040
-1114109
-917503
-983038
-1114111
-917504
-1245184
-524288
6619139
-3080189
-4194304
-1572864
-1966077
-1179647
-1441789
-1114112
-1179647
-1114110
-786430
-1114110
-1179648
-917504
-917502
-917503
-917504
-786431
-786429
-851968
-786429
-983038
-1376253
-1245184
-1179646
-1179646
-1114111
-1179647
-1114109
-983040
-1114109
-983037
-1114110
-851968
-1179648
-983037
-1048576
-983040
-1048576
-1114111
-1114110
-983038
-1048574
-1114111
-1245181
-1114109
-1179645
-1114111
-917501
-1114109
-1245182
-1048575
-851965
-851965
-917503
-917501
-1245184
-1179645
-983038
-1114112
-851965
-917503
-2359295
3670016
3407875
-2883581
-4390909
-851968
-1769470
-1441789
-1245183
-1048573
-851966
-1114109
-1310719
-1179647
-1179646
-720895
-720894
-851968
-786429
-851965
-851968
-720896
-1048575
-1310720
-1376253
-1310717
-1245182
-851967
-983038
-1114111
-983037
-1114109
-1048574
-917501
-983040
-1179645
-1048574
-1048574
-1114112
-983037
-1048574
-1179645
-1179647
-1114110
-1114111
-983038
-917504
-917504
-917503
-1048575
-1310717
-1114111
-1179648
-1048575
-851967
-2293760
3670019
3080194
-6225919
-1441789
-2031613
-1245181
-1376253
-1245183
-1114110
-917504
-917503
-1114109
-983038
-851967
-851968
-851965
-851966
-720894
-720894
-851966
-983037
-1441792
-1572862
-1179645
-1310717
-1310719
-1114112
-917502
-983039
-917503
-851968
-917503
-983038
-1048576
-917503
-983040
-1179645
-983038
-917504
-851965
-1114109
-917503
-1114109
-983037
-983038
-983038
-1179648
-1179645
-1441789
-851966
-1114111
-1441789
6225921
-1441789
-5046271
-1900543
-1572862
-1572861
-1310717
-1114112
-1114112
-983040
-1048574
-1114111
-1048573
-917503
-1048576
-1048573
-851965
-589822
-589824
-851967
-851966
-1179645
-1441792
-1114109
-983040
-1245184
-1179645
-1048573
-1048575
-983037
-983039
-1245182
-1245182
-1048576
-1048573
-1114109
-1114110
-1245183
-1048573
-917502
-917504
-983038
-917502
-1048574
-851968
-1114109
-1114111
-983039
-1376253
-1179645
-983039
-1048575
-1245183
-1179647
-983038
-1179648
-1114112
-1048573
-917503
-983037
-851967
-786430
-1114109
-1114109
-1179646
-1114109
-851968
-786432
-983038
-2293758
4784130
2490369
-6225920
-1179648
-2031613
-1179645
-1310719
-1048574
-1048575
-1245184
-983040
-983038
-983037
-1048574
-851967
-917503
-851966
-655359
-655359
-786430
-720895
-983039
-1245184
-1376255
-1179645
-1048573
-1179646
-1114109
-851968
-917501
-983039
-1179645
-1245182
-1179647
-1114111
-917502
-1048576
-1245182
-983040
-1245181
-1179646
-1048573
-1114110
-1048574
-983039
-1048573
-1245182
-917503
-1245181
-983040
-1048575
-983037
-1048576
-851966
-851966
-1179648
-1245181
-1245181
-1179647
-1245181
-786431
-1179646
-1703934
6160386
-1572864
-5242880
-917504
-1966077
-1376256
-1441790
-1179646
-1048576
-983038
-1179645
-983038
-983039
-1048576
-1114112
-983037
-851965
-720896
-851968
-917504
-983040
-983038
-1245183
-1441792
-1114111
-1179646
-1245183
-983040
-983037
-1048573
-983038
-917504
-851966
-983037
-1048576
-1114109
-1179645
-1245184
-1179645
-1310717
-1048576
-983040
-1114111
-851966
-786430
-851968
-786431
-1179647
-1310717
-1114110
-1048573
-1114112
-851967
-1507326
-524288
6422529
2621442
-6356989
-1179646
-1900544
-1310719
-1376253
-1048575
-1179648
-1048574
-1114109
-983037
-917501
-1048575
-1048574
-786432
-720893
-589823
-851968
-851965
-851968
-1376256
-1310720
-1376255
-1310717
-1376256
-1310720
-1310718
-1114110
-983040
-1048573
-1114110
-1179646
-1048573
-851967
-1179646
-1179648
-1048576
-983037
-983037
-1114111
-1114111
-983040
-1245181
-1179647
-983040
-983040
-1114111
-983037
-786430
-1048574
-1114110
-1114111
-1245182
-1245184
-1179647
-917504
-786432
-2424831
5111809
1638403
-6094845
-983040
-1966079
-1572864
-1376256
-1114112
-1114111
-1114110
-1114110
-1048575
-1114110
-917502
-786430
-786429
-851968
-786432
-851968
-786430
-786430
-1048576
-1114112
-1310719
-1310720
-1179648
-1310718
-1114111
-917503
-1048574
-1179645
-1114109
-983040
-1048573
-1179646
-1048574
-1114112
-1179646
-1245182
-917504
-1048574
-1114112
-983037
-1114111
-1114111
-1114109
-1114111
-983039
-1048576
-1114112
-983037
-1048573
-1179647
-917502
-917502
-1048575
-1114112
-1114109
-1048575
-1114112
-1245181
-1048576
-1048574
-1048576
-983038
-983039
-1114112
-1114110
-1114110
-1114109
-1048575
-983040
-2293759
5373953
1507330
-6225920
-1048576
-2031614
-1245182
-1310719
-1310717
-1048576
-1114110
-1114111
-1048575
-917503
-786432
-983040
-786429
-917502
-786430
-720893
-786431
-983037
-917501
-1310717
-1441791
-1179645
-1179645
-1179646
-983040
-1048576
-1114109
-917503
-917503
-1114112
-1048574
-983037
-1114110
-1048576
-1048573
-983040
-1048576
-1245181
-1245184
-1179645
-1048575
-917504
-1048573
-1245183
-1048574
-983040
-1114112
-917503
-983039
-1048575
-1048575
-1048574
-1114110
-1048573
-983037
-1114109
-1245184
-1114112
-1245182
-983037
-786431
-2359296
3932161
3080194
-6291455
-4390912
-1048574
-1703934
-1310720
-1179648
-1179647
-1245183
-1310717
-1179646
-1114110
-917501
-917502
-851968
-983038
-1048575
-786431
-655358
-917502
-1310719
-1376253
-1376255
-1310720
-1376254
-1245182
-1048574
-1114111
-1114110
-1048574
-1048574
-1048574
-1114112
-1179646
-1310717
-1048575
-1048574
-1179645
-983039
-983037
-917504
-1114111
-1179646
-1048576
-1179648
-1179646
-1114110
-1114111
-1114109
-1114110
-1310717
-1114110
-917503
-983039
-1048574
-1179646
-1376254
-1179645
-1048573
-1048573
-983037
-2424830
2818051
4521985
-6291455
-5177344
-983037
-1966079
-1441789
-1310717
-1048575
-1441791
-1114111
-1048573
-983040
-1048574
-983039
-917503
-851965
-786430
-458751
-655357
-851968
-1048573
-1376256
-1376253
-1114110
-1507325
-1179646
-1048575
-1048574
-1048574
-1048574
-851967
-983040
-1179645
-1048575
-1179648
-1048576
-1048574
-983037
-1048574
-1048574
-983039
-1179647
-1048576
-786431
-917501
-983040
-1048575
-1048576
-851967
-786429
-983040
-917503
-786431
-983038
-983037
-1048575
-983037
-917504
-917502
-851965
-851965
-917501
-786432
-983037
-983039
-983037
-1179648
-983038
-917502
-2228224
4063233
3801089
-6160383
-1441792
-1900543
-1376255
-1376255
-1179646
-1114111
-1048576
-983038
-1114109
-1114111
-1048575
-917504
-1048574
-851968
-720895
-589824
-720895
-786431
-851967
-1179648
-1245183
-1376253
-1179646
-1179647
-1114110
-1114111
-1114112
-851968
-917503
-1114111
-917504
-983040
-1114112
-1048575
-983039
-1114109
-917504
-786431
-983040
-1048573
-1048574
-1048574
-1048573
-917504
-1048574
-983037
-786430
-983037
-1179645
-1048575
-1245183
-1310717
-786432
-786431
-1114109
-1048576
-1245181
-1245181
-851966
-1114109
-1835006
6094848
-851965
-5570557
-589824
-1835006
-1310717
-1376255
-1179645
-1245182
-1179647
-1310719
-1179648
-917501
-917502
-786432
-983040
-1048574
-655360
-983040
-917501
-1245181
-1376255
-1310720
-1376256
-1179645
-1245184
-1245181
-1114112
-1048573
-1310718
-983039
-1048573
-1245181
-1245181
-1048575
-1114110
-1179645
-1179646
-1179648
-983037
-851968
-1048576
-1114111
-983039
-1114111
-1245184
-1245184
-1310717
-983039
-983037
-1179647
-1114110
-1114109
-983039
-1179646
-1114109
-1245183
-1245181
6356995
-2490368
-4915199
-1048576
-1966078
-1376253
-1179646
-1114112
-1310720
-1245183
-1179646
-1179647
-917502
-1114109
-1048573
-786432
-917502
-655360
-851967
-917503
-917502
-1310720
-1376254
-1310720
-1245184
-1245183
-1179646
-983038
-1114112
-917502
-983038
-1114111
-1114110
-1114110
-1114110
-983040
-1179646
-1245182
-983039
-1114109
-1048575
-1245184
-983039
-1114109
-1310718
-1245182
-1048575
-1179645
-1048575
-851966
-1114109
-1179647
-1048575
-983040
-1179645
-1179646
-983037
-917501
-917504
-1048575
-983038
-983040
-1179645
-917502
-851967
-2424830
4849667
2293762
-6291454
-1048573
-1048576
-1638399
-1245183
-917502
-983038
-1114109
-1048573
-1245182
-1114112
-1048573
-1114112
-851968
-917504
-786431
-917501
-1048573
-983038
-1376254
-1376254
-1114110
-1310717
-1376256
-1114109
-851968
-1179648
-1114109
-851966
-917502
-1114111
-1179646
-1048573
-917502
-1048576
-1179648
-1048575
-1114110
-1245181
-1048575
-983038
-917504
-983038
-851968
-983039
-1048573
-851967
-1114112
-1114110
-720895
-2424830
4653058
2621443
-6291453
-1179647
-1900543
-1441792
-983040
-786430
-1179648
-1114111
-1310717
-983038
-917503
-917502
-917501
-786431
-851968
-720894
-720893
-655359
-720893
-917503
-1179647
-1179645
-1114111
-1114110
-1376255
-1114109
-851966
-983039
-1048576
-1048573
-983040
-1048576
-1114111
-1114111
-1114110
-1114110
-1114110
-1179648
-1310720
-1179645
-983039
-917503
-851966
-917504
-1310717
-1245184
-1245184
-917504
-1048575
-2162686
5832705
-393214
-5963774
-2752512
-1638398
-1376253
-1310719
-1376253
-1114109
-1048576
-1310718
-983040
-1048576
-1048573
-983040
-917501
-983037
-917502
-851968
-851967
-983038
-1310719
-1376253
-1114109
-1376253
-1179646
-1114109
-1245183
-1179648
-1114111
-1114109
-917504
-1114112
-1048575
-1245184
-1310717
-1179645
-1245183
-1179647
-1114112
-983040
-851966
-851967
-1114109
-1179648
-1179646
-1245184
-1179647
-1310717
-917504
-1900544
917506
5505025
458755
-6094845
-1048574
-2031616
-1179647
-1245182
-1048575
-1179647
-1245183
-1114109
-917504
-1048575
-1048573
-917504
-917504
-917503
-655359
-917503
-720895
-917501
-1245182
-1310717
-1310720
-1376255
-1179647
-1048576
-1179646
-917502
-917503
-1114112
-983038
-1048575
-1245184
-1114112
-917503
-917504
-917503
-917501
-1114110
-1114109
-1114109
-983040
-983037
-1179648
-917501
-720896
-1048574
-1114110
-655360
-655359
-983040
-1048576
-851968
-786431
-983040
-851967
-917503
-983040
-983037
-851968
-917503
-917502
-917501
-983038
-655357
-786432
-917504
-786430
-2031613
2031617
5963776
-5505021
-2359295
-1507327
-2097151
-1441789
-1179647
-1179646
-1114111
-1048575
-983038
-983037
-917502
-851965
-917504
-786429
-589821
-589821
-720896
-786430
-917501
-1245182
-1179645
-1310717
-1245184
-1179646
-1245184
-1114110
-1114110
-1048574
-983037
-1048576
-1114109
-983037
-983039
-1048575
-1179647
-1048574
-1048574
-1245183
-1179645
-851965
-983038
-1245181
-1114110
-1048573
-983038
-1245183
-1179647
-917502
-851968
-1114111
-1114110
-1048575
-917503
-786432
-1114111
-983040
-1048574
-1048574
-1114112
-786431
-2031615
1703937
5439490
-393213
-5636096
-720895
-1966080
-1245182
-1245182
-1310720
-1245182
-1179647
-1310717
-1179645
-1114111
-1114112
-917502
-917502
-983038
-720893
-720896
-917501
-917501
-1245182
-1376256
-1245184
-1310720
-1376253
-1179648
-983038
-1048573
-1179645
-1048574
-1179646
-983040
-1048574
-1114109
-983040
-1048573
-1179646
-1245181
-1114111
-1114111
-1245182
-1114110
-851966
-1245184
-1179647
-1114110
-983040
-851966
-1179648
-1048575
-983040
-1114110
-1179647
-1048575
-1048575
-983037
-2359296
2424833
4521984
-6094847
-2031615
-1835006
-1966080
-1376254
-1245182
-1048576
-1048576
-1179647
-1048574
-983037
-1114112
-917503
-983037
-786430
-786429
-851965
-786431
-655360
-917502
-1179646
-1441792
-1179646
-1048575
-1114112
-983037
-983040
-1179648
-1179645
-1114109
-1114109
-1114110
-1048576
-983037
-1114109
-1179648
-1114111
-983039
-1114110
-983039
-1179646
-1179647
-1179647
-983040
-983040
-1114112
-1048574
-1245181
-1179647
-1114110
-1114112
-1048576
-1048574
-1245181
-1048574
-851967
-1048575
-1310719
-1048576
-917501
-1114110
-1114112
-851968
-1114112
-1245182
-917501
-1638400
-655358
6684675
-3670013
-4325373
-1048576
-1900541
-1638397
-1245184
-1048576
-1179648
-1310720
-1048576
-1048575
-1048573
-917502
-1048573
-1114109
-983037
-589823
-655360
-720896
-983038
-1114112
-1310717
-1310720
-1245181
-1376255
-1310717
-1048573
-1114110
-1114111
-1179647
-1048576
-917503
-983038
-983040
-983037
-1048575
-983040
-851968
-1048574
-983039
-917503
-851967
-851968
-1114112
-983040
-983040
-1048576
-983038
-983037
-917503
-983039
-851965
-720895
-983038
-917501
-786432
-917501
-917504
-851967
-917501
-917502
-851967
-851968
-917503
-786430
-2228222
3276800
4063234
-6160384
-1638399
-917501
-1638400
-1310719
-1310718
-1310720
-1179648
-1179648
-1245184
-983038
-983040
-1048573
-1048574
-917502
-786432
-917501
-851966
-917502
-851967
-1245182
-1245182
-1572861
-1310720
-1245183
-1245184
-1179647
-1114111
-1048576
-1048574
-983038
-1114112
-1245183
-851968
-1245184
-1114109
-917503
-1245183
-1114110
-917504
-1179645
-1114111
-983040
-1048573
-851968
-720895
-983039
-1179648
-1114110
-1179646
-851966
-1376255
-1245183
6553601
-2424830
-4718592
-851965
-1769469
-1376254
-1310719
-1179646
-1245181
-1048573
-1179648
-1245183
-1048575
-983039
-917502
-786430
-786429
-720895
-786430
-851968
-1048575
-1376253
-1376256
-1310717
-1114110
-1179645
-1179647
-1179647
-1114112
-917501
-983038
-1114111
-1179646
-1179645
-1048576
-1179646
-1310718
-1245181
-1245181
-1114112
-1048575
-1114110
-1179645
-1048575
-851966
-1114110
-917502
-1048573
-1179645
-1245181
-1310717
-1245183
-1179647
-1179645
-2424830
4325379
2490368
-6356991
-1310717
-2097152
-1835005
-1441789
-1376255
-1179646
-1048573
-1179648
-1114111
-1114110
-983040
-983040
-983037
-851967
-786429
-786431
-786431
-720895
-1245182
-1441791
-1572862
-1245183
-1179648
-1245183
-1114112
-851968
-983037
-1048573
-917502
-983038
-1179648
-1048573
-983037
-1048575
-1245181
-983040
-786432
-983038
-1114109
-851966
-786429
-1048573
-917504
-1048576
-1048575
-1048575
-983039
-1048576
-983040
-786429
-917504
-851967
-917501
-851965
-786430
-917502
-917504
-917501
-983037
-917501
-983038
-851967
-983038
-786432
-851968
-1114111
-983040
-786431
-786429
-786431
-851965
-786431
-1048573
-1048576
-1048573
-851968
-851967
-1835008
655363
6356994
-4653054
-3342335
-1179647
-1507327
-1376256
-1179648
-1245182
-1310718
-1179648
-1114112
-1048574
-1048573
-983040
-851967
-851967
-720893
-589822
-655360
-720896
-983040
-1310720
-1376254
-1245183
-1310718
-1179646
-917503
-1048575
-851968
-983038
-1048573
-1114110
-1048575
-1114110
-786429
-786429
-1048576
-1114112
-1048576
-983040
-917504
-1048573
-1114112
-1048573
-1114109
-1114109
-983039
-1114111
-1114111
-1114109
-1114111
-1179645
-1048574
-786430
-720896
-1048573
-1179648
-983037
-1179647
-1114109
-1048573
-983039
-786432
-1114109
-1245181
-1179646
-1048575
-1048576
-983039
-2293759
4653058
2162690
-4128765
-1245181
-1769471
-1441789
-1245184
-1179646
-1310717
-1245183
-1179647
-1114111
-1114112
-1114111
-1114109
-983039
-983039
-1048575
-983040
-1048576
-917504
-1179647
-1441791
-1376256
-1441789
-1310717
-1114111
-1048576
-1310718
-1114109
-1048576
-1114110
-1245182
-1179648
-1245184
-1048573
-983038
-917502
-1114109
-1048574
-1179648
-1245181
-1310717
-1114110
-1048576
-1310720
-1114109
-1048576
-1114109
-786429
-655359
-851966
-983040
-1245183
-1179646
-983039
-917504
-1048574
-2228223
5570563
851970
-6094846
-917504
-1441790
-1507328
-1441792
-1376255
-1114109
-1179647
-1048574
-917504
-1048573
-1048576
-851968
-917501
-917503
-851966
-720896
-917502
-983040
-1245184
-1507327
-1179646
-1310717
-1179648
-1245182
-1048575
-851968
-1179646
-851968
-851967
-983038
-917503
-1114110
-983039
-983040
-1114110
-1048574
-1048575
-983039
-851968
-1179645
-917501
-1179645
-983037
-1048575
-1179647
-1179647
-1048573
-983038
-1048574
-1048574
-983039
-1048575
-786429
-983040
-1048573
-851967
-851966
-851965
-851967
-1114109
-1245182
-1048573
-851967
-917503
-720894
-2293759
3211267
4849666
-6160382
-1703935
-1703935
-1441792
-1310720
-1114112
-1048575
-983037
-1179645
-1048573
-983039
-851967
-655360
-786429
-720896
-524285
-655359
-851968
-851965
-917504
-1310719
-1507325
-1245183
-1245182
-1048576
-1048574
-1114112
-1048574
-983040
-1048576
-1048573
-1179648
-1179646
-917503
-1114111
-1114110
-1114109
-1114110
-1114112
-1114112
-1114111
-1048573
-851968
-983039
-1048574
-917502
-1048576
-1179646
-1114109
-917502
-983037
-1114110
-1048576
-917503
-1114111
-1179647
-1179645
-983039
-983037
-1114110
-1048576
-983038
-1048576
-1245181
-917504
-851967
-1179645
-1179646
-1114110
-1114110
-1114112
-720893
-1507326
1
6684675
-3997693
-3997694
-1114110
-1703936
-1376254
-1310720
-1179645
-1114111
-1048573
-1114109
-1114112
-1376253
-1245182
-1048574
-1048574
-1048574
-786432
-917501
-851968
-851968
-1114112
-1441791
-1507328
-1245184
-1310718
-1310719
-1114110
-1048575
-1114110
-1245184
-1179648
-1048574
-1114111
-1114111
-1245182
-1048574
-1114111
-1179646
-1048575
-1048574
-1245184
-1179648
-1245181
-1310718
-1310717
-1114109
-1179647
-1048576
-1179647
-1179648
-983039
-786429
-851965
-786429
-1245183
-1245183
-851968
-1245184
-1245184
-983038
-983037
-2424831
3080195
4194304
-6291455
-1835007
-1966079
-1441789
-1376254
-1245181
-1245181
-1114109
-1245181
-1114111
-1114109
-1114110
-917502
-1048573
-720894
-720893
-720895
-786430
-1310718
-1376254
-1245183
-1245181
-1376255
-1114110
-1048574
-1245182
-917504
-851968
-1179645
-1048573
-917504
-983037
-1179646
-1048576
-917502
-1048576
-983039
-917502
-983037
-1114110
-917502
-983039
-1114112
-1114109
-1048575
-1048575
-1114111
-983039
-917501
-1048574
-983039
-983039
-1048573
-851965
-851965
-917504
-851968
-983040
-1310717
-1179648
-1114109
-1245182
-1048574
-1114111
-2031613
6619136
-458749
-5701630
-786432
-1900543
-1245182
-1179648
-983038
-1114112
-1048575
-1048574
-1114112
-851966
-720895
-720894
-983037
-851966
-655357
-720895
-851968
-983038
-1245182
-1310719
-1310719
-1114109
-1245181
-917503
-917504
-917504
-983037
-851967
-851965
-983038
-1179648
-917503
-983040
-1114111
-851967
-1048576
-917504
-983040
-1245182
-1179645
-917503
-1048575
-1048574
-917501
-1048576
-1114110
-983040
-983037
-1114109
-1310718
-1179648
-1310718
-1048574
-1179647
-2097151
1441795
5701633
-5636096
-2949118
-1638400
-1638398
-1507328
-1179647
-1245181
-1245183
-1310720
-1310717
-1179645
-1048576
-917503
-1048573
-720893
-720896
-917502
-917504
-851966
-1179647
-1376255
-1310717
-1245181
-1179647
-1376253
-1048573
-1179645
-1179646
-851968
-1048574
-1114109
-1179645
-1179645
-1114112
-1245184
-1245184
-1114109
-1179646
-1179648
-1114112
-1179646
-1048573
-1114109
-1048574
-1114110
-1179645
-1179646
-1179645
-1114110
-1048573
-1114110
-1179647
-1048576
-983040
-1114109
-1048575
-917501
-983038
-1114110
-1114111
-1048573
-917502
-1114109
-1114111
-917501
-1048574
-1179646
-917503
-1507325
-917503
7012354
-2752509
-6356991
-1572863
-1769470
-1179647
-1376254
-1114111
-1048576
-1114111
-1245182
-983037
-983037
-655360
-786432
-983038
-851966
-589824
-589823
-655360
-720895
-1114109
-1310717
-1376255
-1245184
-1179646
-1310717
-1245182
-1048575
-1114112
-1179647
-1179645
-983037
-1179645
-917502
-917504
-1179647
-1245181
-1179647
-1179648
-1179646
-1048573
-917503
-983037
-1048573
-1048573
-983039
-917504
-1114110
-1179646
-917504
-1179647
-1179646
-1048573
-1048576
-1114110
-1114110
-917502
-983040
-1245181
-983038
-983037
-786432
-1048575
-1376254
-1114110
-1048573
-1310718
-1048575
-1703933
196609
6684674
-4063230
-3866623
-1179646
-1966080
-1245184
-1572861
-1245184
-1376253
-1245182
-1179645
-1048576
-1114110
-1179647
-1048574
-1048575
-851965
-720894
-720895
-917502
-917503
-1179646
-1441789
-1441792
-1310718
-1245184
-1179648
-1114111
-983039
-1114109
-1048576
-1179647
-851965
-1179645
-1114112
-1048576
-851968
-1245182
-1310720
-1048575
-1048575
-1048575
-983040
-983037
-1310718
-1179646
-1114109
-1114111
-1114111
-917504
-983037
-1114111
-1179645
-983037
-1048576
-1114109
-1048575
-1048576
-1048576
-786430
-917504
-2162688
5832704
6094851
-5308414
-3014653
-1441791
-1572862
-1441791
-1179647
-1179647
-1048575
-1048576
-1114112
-1114109
-983038
-1048575
-917503
-655357
-720893
-786432
-851968
-1114109
-1376254
-1376256
-1179646
-1245182
-1245181
-1179648
-1245181
-1245183
-1048573
-1179647
-983037
-983040
-1048574
-1179645
-983038
-983037
-1114110
-1114111
-1048574
-983037
-1114112
-1048574
-1048574
-983040
-1114111
-983037
-720896
-1114111
-1114110
-1114110
-917501
-917503
-1048576
-1048574
-1048576
-983039
-917502
-983039
-983037
-983037
-983038
-1114109
-1310717
-1048575
-1179646
-983040
-720895
-2424829
4456448
3538947
-6553598
-1507326
-2097151
-1900543
-1572862
-1245183
-1114111
-1114109
-1114112
-1114109
-917503
-1048574
-851965
-1048573
-720896
-589823
-786431
-589823
-720896
-851968
-1179648
-1376255
-1376254
-1310719
-1048573
-1114111
-1114109
-1245182
-1179647
-1048575
-1114111
-1114109
-1114111
-1179648
-1048575
-1114112
-1048575
-1114111
-1048575
-1048576
-1179647
-1114112
-851966
-1048575
-1114109
-1048574
-1048576
-917502
-1048573
-851967
-786431
-983040
-917501
-851967
-851968
-1048576
-1114112
-1048574
-983039
-1179647
-1179648
-1114110
-2031616
6094848
-262141
-5963773
-2686973
-1572864
-1376254
-1376256
-1179645
-1048575
-1114111
-1114109
-983038
-983038
-1048576
-983037
-1048573
-983038
-720895
-786430
-917502
-983039
-1048573
-1376254
-1376253
-1310720
-1310718
-1114111
-1114111
-1114111
-1376253
-1179647
-1114111
-1245181
-917501
-1048575
-1048574
-1179645
-1179647
-917504
-983038
-983040
-917502
-786430
-917502
-983037
-917503
-983039
-720896
-786431
-983038
-1114112
-1048575
-1179645
-1114112
-983038
-786431
4390914
3276802
-6488062
-1507327
-2031616
-1310718
-1245184
-1114112
-1179645
-1179647
-1179646
-983039
-983040
-983037
-589823
-786429
-655359
-655359
-524288
-983037
-1048576
-1114109
-1376253
-1376253
-1376254
-1245183
-1048575
-983038
-983040
-983038
-917502
-786430
-983039
-1114109
-983038
-1179645
-1179645
-1048575
-1310717
-917504
-983037
-1179645
-1179647
-1114111
-1245184
-1310720
-983040
-1048573
-1048573
-917501
-983039
-851966
-1179645
-983038
-917503
-983039
-1048576
-1114110
-1048574
-1114109
-1114112
-983038
-1441790
-1179648
6946817
-2031615
-5046272
-983040
-1835005
-1376253
-1441789
-1179646
-1114111
-983039
-1114109
-1048573
-786431
-983037
-917501
-851966
-720894
-655357
-851965
-851966
-786431
-1048573
-1310718
-1376253
-1310717
-1114109
-1245183
-1114111
-1048575
-983040
-1114112
-1179648
-1048573
-983037
-1048573
-917502
-851967
-983039
-1048573
-1048575
-1114111
-1179647
-983040
-983039
-1114111
-1179647
-786429
-655360
-1048573
-1179648
-1179645
-1179646
-1048574
-1114112
-1179647
-1769469
-2293760
4784128
2031618
-6619136
-1114111
-2097151
-1376254
-1441789
-1310718
-1245182
-1114109
-1245182
-1310719
-1179645
-1245181
-1048574
-851967
-786429
-720893
-786429
-917501
-917504
-1179648
-1376254
-1179646
-1179648
-1245181
-1245183
-1179647
-983037
-1114111
-1048575
-1048575
-983038
-983039
-1179646
-1114111
-1048573
-917504
-1114110
-1048576
-917503
-1179645
-1114109
-1114109
-1114111
-1179647
-1114110
-983038
-1114110
-1048574
-786431
-1114111
-1179645
-1179648
-1048575
-1245181
-1245182
-2359294
2490371
5373953
-6029310
-2228224
-917501
-1966078
-1310720
-1179646
-1048576
-1048573
-983039
-851965
-1048573
-917501
-917504
-983037
-589822
-720895
-851966
-655360
-917503
-1310717
-1310720
-1179648
-983040
-1245183
-1310718
-917504
-917503
-983039
-917501
-983039
-983037
-917504
-1114110
-983037
-983040
-1048576
-1114110
-1114112
-1114112
-1179646
-1179648
-1048576
-1114112
-917504
-983040
-1114111
-1114110
-1048574
-1048575
-1114109
-1048575
-1179645
-983038
-1114111
-983038
-851965
-917504
-917504
-983038
-983039
-1114111
-983038
-851966
-983038
-983040
-1048573
-1114110
-1245183
-1310717
-917503
-1310717
-1376254
7012352
-2162685
-1900543
-1900541
-1441792
-1572862
-1114109
-1048576
-1179647
-1179646
-983037
-1048575
-786429
-851965
-786432
-851966
-720894
-589822
-720896
-786432
-917503
-1310719
-1310719
-1310720
-1441789
-1245184
-1245182
-1114109
-983040
-1245184
-1114112
-1310718
-1179648
-1245181
-1310718
-983038
-1114110
-1310719
-1114112
-1114109
-1179647
-1114109
-1245184
-1179647
-983040
-1114109
-1310720
-1114112
-851968
-1114109
-1048574
-1376253
-1310720
-1310717
-1245184
-1179647
-983037
-2490365
2818050
4390915
-6356992
-2031614
-1835008
-1441790
-1441789
-1441789
-1179648
-1114112
-1048576
-1179645
-1048574
-1179646
-1179645
-1048576
-1114109
-786430
-786429
-983037
-1048573
-983038
-1310720
-1638399
-1376254
-1310719
-917502
-1179645
-1310719
-1114110
-1048574
-851968
-983040
-1310719
-1245181
-1245181
-1114110
-1179647
-1179647
-983038
-983039
-1114112
-1245181
-917504
-1179646
-1179647
-1048575
-1179646
-917504
-1114109
-1114110
-1048573
-983037
-983037
-917502
-983040
-1048576
-1310718
-1245181
-1179648
-786430
-1310717
-1376254
7012355
-2359293
-5111807
-1900544
-1835008
-1441789
-1441790
-983040
-1245183
-1114112
-1048576
-917501
-1114111
-983039
-851967
-786430
-655360
-589824
-589821
-851966
-917504
-1114111
-1245181
-1507327
-1310717
-1179647
-1179647
-1048576
-1114110
-1048573
-1048573
-1179647
-1179646
-1048575
-851968
-1179646
-1179646
-1114112
-1179646
-1048574
-1048573
-1048574
-1179647
-1376254
-1114109
-1048575
-1048573
-983037
-1179647
-983037
-983037
-1179645
-1179645
-1114111
-917503
-720894
-1114111
-983039
-1179647
-1245182
-1114111
-851968
-1638400
-720894
6946816
3473409
-6422526
-1507326
-1966078
-1376256
-1441789
-1179648
-1114110
-983038
-1048574
-1179645
-1245182
-983040
-917504
-983038
-851965
-786432
-851968
-786431
-917501
-1048576
-1310717
-1376254
-1310718
-1310718
-1179647
-1114111
-1179648
-1114112
-1179648
-983037
-1114110
-1114111
-1245182
-1114109
-1114112
-1179645
-983039
-1048576
-1245183
-1114109
-1048573
-917503
-851968
-1114111
-1245184
-1245184
-1310717
-1048576
-2555904
2621442
4653059
-6225918
-2228224
-1703936
-1441791
-1572862
-1114110
-1376255
-1114109
-983038
-1179645
-1179647
-983040
-1114111
-851967
-851965
-720896
-720895
-917503
-983037
-1179648
-1245183
-1441792
-1441791
-1310720
-1179647
-1048575
-1179648
-1048575
-1048576
-1048576
-917501
-917502
-983039
-1048573
-1114109
-1114110
-1245181
-1179645
-1179645
-1114110
-1048573
-1048573
-917503
-983037
-1048574
-1114111
-1114109
-1114109
-786432
-1179645
-1114111
-917501
-917504
-1048573
-917502
-720895
-720896
-720894
-851967
-983038
-1114110
-1048575
-983038
-851965
-1966080
1572864
6422529
-5439488
-6225918
-983039
-1966079
-1376254
-1376253
-1048576
-983037
-983039
-1048574
-917501
-786429
-917504
-720895
-720893
-720894
-655360
-655360
-655359
-917501
-983037
-1179646
-1310717
-1179647
-1245183
-1114111
-1048573
-1048573
-1179645
-1179646
-917503
-786431
-851967
-1048575
-1310717
-983040
-917502
-917503
-1048573
-917504
-983039
-1114111
-983040
-1048576
-1179647
-1048574
-1179646
-1048576
-983037
-1114109
-1048574
-917503
-1048573
-917501
-1048573
-1114112
-1114109
-1179647
4521986
3080193
-3538942
-4259839
-1048575
-1441791
-1179648
-1310720
-1114109
-1048574
-1048574
-786432
-1048573
-1048575
-917504
-851966
-589824
-1114110
-1310720
-1245181
-1376253
-1376255
-1310719
-1310717
-983038
-1114111
-1179647
-1114109
-1245182
-983040
-1114111
-1179647
-1114112
-1179648
-1179646
-1114109
-917504
-1114112
-1048574
-1114110
-1179646
-1114109
-1179645
-1245184
-1245181
-983039
-1114110
-1900542
-262141
6553603
-3997696
-3932160
-1179647
-1835007
-1179646
-1310718
-1310718
-1179645
-1245183
-1114109
-1048574
-1245182
-917503
-1179646
-786432
-917504
-1048574
-917503
-1179647
-1507326
-1507325
-1245184
-1245182
-1179648
-1114112
-1245182
-917502
-983040
-1245181
-1179646
-1179647
-1179645
-1376253
-1245184
-851967
-1048576
-1179648
-1048575
-1114109
-1114111
-1114111
-1048575
-1114110
-720895
-851966
-983040
-983040
-1114109
-1245182
-1376256
-851965
-720893
-1048574
-2228222
5832704
983043
-6094845
-917503
-1441792
-1703933
-1441792
-1179645
-1179647
-1114109
-1048574
-983038
-1114111
-983040
-1048573
-851967
-720895
-655357
-655359
-786431
-720894
-1179646
-1114111
-1376255
-1441789
-1114112
-1179645
-1048573
-1179645
-917503
-983040
-1114111
-1114110
-917502
-983037
-983039
-1114110
-1179646
-851965
-983038
-1048574
-1179645
-1245181
-720896
-1048574
-1179646
-1114110
-1114109
-917501
-917503
-1114110
-983039
-983039
-1048574
-1048575
-983037
-983038
-983040
-1048573
-1048575
-983039
-1114112
-917504
-851967
-917504
-983039
-917502
-786429
-851968
-851965
-983039
-917503
-1048576
-1048575
-786432
-2359294
2424835
5570563
-5963775
-5505023
-851967
-2097151
-1507327
-1245181
-1179648
-851967
-851967
-983040
-1048574
-983039
-851967
-851965
-917504
-851965
-655360
-655358
-720894
-786432
-1310718
-1179645
-1310717
-1245181
-1114109
-1114109
-1048574
-1048575
-917504
-1048573
-983039
-851965
-983039
-1245181
-1179648
-1310717
-983037
-983039
-1114110
-1179647
-1048574
-1048575
-1114112
-1048575
-983037
-1048573
-1179646
-1048574
-917504
-983037
-917503
-983037
-1114110
-1048573
-1114109
-1114111
-851965
-2097151
2621440
4915203
-6094847
-5308413
-786431
-1900544
-1376255
-1245184
-1179646
-1114111
-983038
-1048576
-1048575
-1048575
-1114109
-983038
-983038
-983040
-786430
-655357
-720893
-983037
-1114111
-1310719
-1179647
-983038
-1376253
-1310719
-1114111
-1114110
-1048573
-851967
-1048576
-983040
-1114112
-1048576
-1114110
-1114112
-983040
-1179645
-1179646
-983038
-1048574
-983040
-1114111
-1048573
-983039
-1179647
-1048574
-917503
-1114111
-983037
-917501
-1114109
-1179647
-851966
-1048576
-1179648
-983040
-1310718
-1179647
-1179645
-917504
-2359296
1769472
5832704
-327677
-6094846
-1048573
-1966080
-1376254
-1376256
-1179648
-1114112
-1048576
-1114111
-983038
-1048573
-983038
-720894
-786429
-720894
-720896
-786432
-917504
-1179648
-1179647
-1310720
-1048574
-1048575
-1114112
-1245183
-1114111
-1048575
-1048575
-1048573
-786431
-1114111
-1179646
-983038
-851967
-1114111
-1245181
-1179647
-1114109
-1114109
-983039
-851967
-917501
-1048574
-1114110
-1048575
-917504
-851968
-983038
-983037
-983039
-1179645
-1048574
-851966
-1048575
-1114111
-917502
-917503
-917503
-1048573
-655358
-655358
-1114111
-1114111
-1114112
-1048575
-1048573
-917502
-2031615
917505
6619138
-5046269
-3407871
-1441792
-2097150
-1310718
-1114112
-1245183
-1048574
-917502
-1179646
-1048573
-917504
-1048575
-786431
-1048574
-917502
-786429
-786429
-655359
-786430
-1048574
-1310720
-1441789
-1441789
-1245182
-1048576
-1048576
-1114111
-917503
-917504
-917503
-1048573
-983037
-1179648
-917501
-1048573
-1310719
-1114112
-1179646
-983037
-1114109
-1114109
-851965
-917503
-1114109
-983039
-1048576
-983040
-851967
-983037
-917504
-983039
-1048573
-1114109
-1114109
-1179647
-1310718
-917501
-1376253
-1048575
7077888
-2228222
-5242877
-851967
-1835005
-1507326
-1376255
-1114109
-983040
-1179646
-1245182
-1179647
-1048573
-917503
-917504
-917502
-720896
-786429
-786431
-851967
-917502
-1114109
-1441789
-1507328
-1310717
-1245183
-1114112
-917504
-1048576
-983039
-1114112
-851968
-983039
-1114110
-1114110
-1048576
-1114112
-1245182
-983039
-917502
-1179647
-1114111
-917503
-1114110
-1114111
-917504
-1048573
-851966
-983040
-1048576
-1048574
-1114110
-1114112
-1048573
-1179646
-1835005
6881281
-917502
-5439488
-720895
-1900544
-1245183
-1179648
-1114111
-1114111
-1114109
-983040
-983037
-1114112
-1048576
-917501
-983039
-851966
-655360
-720895
-786431
-720895
-1048573
-1310720
-1638398
-1179646
-1245183
-1245182
-1048574
-983040
-1048575
-1048576
-917504
-983037
-983037
-1048574
-1179646
-1114111
-1048573
-1048576
-1048576
-1179645
-851968
-1048576
-1245182
-1245181
-1048574
-1114111
-1114109
-983037
-983039
-983039
-1048576
-983037
-1048576
-1048573
-1114111
-1048574
-1114110
-1048574
-983040
-851967
-917501
-1114110
-917504
-917504
-1310718
-1310718
-983039
-917504
-1835006
589824
6946816
-4653056
-3538944
-1245184
-1507328
-1310720
-1048576
-1441789
-1048576
-1048574
-1245183
-1114109
-1048575
-1048574
-917503
-983039
-851968
-851967
-524288
-720893
-1114109
-1376255
-1310720
-1245184
-1245184
-1179645
-1245183
-1179646
-1114112
-917503
-1048574
-1310717
-1310717
-1245183
-1179645
-1048575
-983037
-983040
-1245183
-1245184
-1114112
-1245181
-1179646
-1310720
-1310718
-983040
-983039
-1048574
-1048573
-1310717
-1245183
-1310717
-1310718
-1179645
-917503
-2359296
2818049
4784128
-6356989
-2097151
-1769471
-1900544
-1245182
-1245181
-1179645
-1245182
-1114111
-1048574
-1048576
-851968
-786430
-851967
-983037
-720894
-851966
-851967
-1245183
-1572862
-1376255
-1245182
-1310719
-1179648
-1114110
-1114110
-983040
-1179647
-983038
-917501
-1048576
-1179645
-1048575
-1048574
-1179648
-1179645
-917504
-1310720
-1310718
-983040
-1179645
-983038
-1048576
-1245183
-1310718
-1310720
-1310717
-1114109
-1114110
-1179645
-2228223
1572864
6160387
-5767168
-2818046
-1507325
-1376255
-1376255
-1179645
-1245183
-1179645
-1114110
-1048576
-851965
-1114110
-917503
-917502
-851965
-720893
-851967
-1310719
-1376255
-1245182
-1245181
-983039
-1179645
-1048575
-1048574
-1114109
-983040
-1179646
-1114111
-1048574
-983040
-1245183
-1245182
-1179646
-917503
-851967
-983038
-1048574
-1048576
-1114109
-1048573
-1179645
-983038
-1245182
-851967
-917501
-1114112
-851967
-851966
-1114110
-1245181
-983037
-851965
-851968
-1048574
-1114111
-1179648
-1310720
-1114109
-983037
-655359
-2686976
3538945
4325376
-6356992
-1703933
-2097152
-1376255
-1245183
-1245181
-1245184
-1114110
-1114112
-983039
-1048575
-983038
-786432
-786432
-786430
-524287
-720896
-720895
-786429
-917504
-1310720
-1376254
-1507326
-1245182
-1179645
-1048573
-983038
-1114111
-983038
-1310717
-983039
-851967
-1245184
-851966
-983038
-1179646
-1048575
-1048574
-1114110
-1114111
-1048575
-1114109
-1179647
-1114110
-983039
-983040
-786432
-720896
-786429
-983040
-1310720
-1245181
-1179645
-917502
-1441792
-2424832
4194306
3670019
-6815741
-1507327
-2097150
-1310720
-1441792
-1245181
-1048575
-1245181
-1179646
-1179648
-1114112
-851966
-983038
-786429
-917502
-720894
-786431
-851966
-1245181
-1376255
-1179646
-1114112
-1179648
-1245181
-1179648
-1114112
-983037
-1114111
-917501
-917502
-983040
-1114109
-1114110
-1114111
-1179645
-1048576
-1114110
-1114109
-983040
-1114112
-1179647
-1179645
-1245181
-1048574
-1179645
-786431
-720894
-851967
-917502
-983039
-786432
-1048575
-1114109
-1048574
-786430
-2031613
983041
6553601
983041
-6291455
-983040
-2162688
-1376255
-1376255
-1310718
-1245181
-917502
-1114109
-1114112
-1179645
-983038
-983038
-786431
-655360
-851967
-589823
-720893
-786431
-1245181
-1245184
-1245184
-1245182
-1179648
-1179646
-1310718
-1376256
-1114111
-1114110
-1179645
-917504
-1179646
-983038
-917503
-1310719
-1048576
-1179646
-1179646
-851968
-1114110
-1179648
-1048573
-1048575
-1310719
-1179646
-1245184
-1114111
-1114112
-1114110
-917503
-1114109
-1245183
-1048574
-851966
-720896
-917503
-851967
-1114111
-1179648
-1048573
-1114112
-786431
-983039
-2228223
6225920
720896
-6094845
-1114109
-2031614
-1245182
-1245184
-1245181
-1179647
-983040
-1048574
-1179646
-1179646
-917503
-851968
-786429
-786432
-655359
-786432
-786431
-786430
-1245181
-1376256
-1376254
-1179648
-1179647
-1310718
-1048573
-1048574
-1245182
-1179647
-1114110
-1048573
-983037
-1114110
-1114109
-1048575
-1114112
-1376253
-1179646
-1245181
-983040
-917503
-1179646
-1245181
-1114110
-1114109
-1048575
-983038
-851968
-917504
-1048574
-1179648
-1179647
-1048576
-1179645
-983037
-1245182
-1310719
7012355
-1900541
-6291456
-2031615
-2097150
-1441790
-1310720
-1245181
-1310717
-1048575
-1114111
-1048573
-1048575
-786429
-720896
-983038
-786429
-786432
-655357
-786430
-851967
-1048575
-1507327
-1310719
-1310717
-1310718
-1245181
-1245183
-1114111
-1114111
-1114112
-1048573
-1114109
-1179646
-983040
-1048575
-1048575
-917503
-851965
-983038
-1179646
-851965
-1048574
-1245184
-1179646
-1179645
-1114109
-983039
-983039
-983037
-1179645
-851968
-917501
-851967
-917502
-917501
-1048574
-1245182
-1114109
-1179645
-786432
-1507326
-2621437
3342338
4915202
-6488061
-2162686
-1900542
-1507325
-1376256
-1310718
-1179646
-983040
-1048576
-1114112
-1179647
-851966
-983038
-851966
-720895
-786430
-655358
-786431
-655360
-1048573
-1310718
-1179647
-1179646
-1310720
-1376254
-1376253
-1048574
-983039
-1179645
-917503
-983038
-1114110
-1048576
-917503
-983038
-1114110
-1114111
-1114111
-983039
-851966
-1048573
-1048573
-1179645
-917503
-851967
-851966
-917504
-983037
-1179645
-1310718
-1179648
-1310720
-983038
-2031613
1114113
6422530
-5308413
-3080191
-1441789
-1507328
-1179646
-1376253
-1245182
-1179645
-1048573
-1179645
-1048575
-786432
-1179645
-851967
-786431
-983040
-786432
-786432
-851968
-917502
-1048576
-1245182
-1507326
-1245184
-1114110
-917503
-1114109
-1245183
-1048573
-983039
-983037
-917502
-917503
-1245181
-983037
-1179645
-983038
-983038
-917503
-917502
-1048576
-1048574
-1114110
-1376254
-1114109
-983037
-983037
-2162687
5570561
1376257
-6356989
-1048574
-2031614
-1638399
-1310718
-1114110
-1245181
-983037
-983040
-917502
-983039
-851966
-720896
-851968
-851967
-851965
-720893
-720896
-1048574
-1376254
-1507325
-1376253
-1245184
-1245184
-983040
-1179645
-983040
-1048573
-1114112
-1114111
-1048575
-983040
-1048574
-1048573
-917504
-851966
-1114111
-1179646
-1114111
-1048575
-917501
-851966
-786432
-1114110
-983039
-1048575
-1114111
-983039
-1048573
-1310717
-1769469
7012353
-1507325
-6291455
-2162687
-1703933
-1245182
-1376254
-1310719
-1179646
-1048573
-983040
-1048576
-851968
-917501
-851967
-851966
-786432
-786431
-786430
-720896
-851968
-1179646
-1245183
-1310717
-1114110
-1114112
-1114111
-1048575
-917504
-917502
-786431
-851967
-917502
-851967
-1114109
-1048576
-1048575
-1048573
-983038
-786431
-720894
-851966
-917502
-1114109
-1245184
-1048575
-1179646
-786431
-1441790
-1048576
6946819
-2883583
-6422526
-1507325
-1966078
-1441790
-1638399
-1245183
-1114109
-1048576
-1114110
-983039
-851967
-1048575
-1048574
-786429
-720894
-655357
-720896
-786430
-983039
-1179648
-1245183
-1376256
-1179647
-1114111
-1310718
-1245184
-1048573
-1114109
-1114111
-1114110
-1114109
-1048576
-917504
-1114111
-1048576
-917503
-851968
-786432
-983038
-1048574
-1114111
-1245183
-1245181
-983037
-1048575
-917502
-2228223
1507329
6029315
-5832702
-6225917
-983039
-2097150
-1572861
-1179647
-917502
-1114110
-983038
-1245183
-1179646
-1048574
-1048575
-917504
-851966
-786429
-655360
-851966
-786432
-983039
-1179647
-1245183
-1310718
-1310719
-1245182
-983038
-983038
-1245181
-1048574
-917502
-983038
-983038
-983037
-1114110
-1310718
-917502
-917503
-1114112
-1179645
-1048576
-1245184
-1179646
-1114110
-1179645
-1048574
-1048574
-1114109
-851965
-655358
-983040
-983039
-1245181
-1507326
-1245184
-917502
-1048573
-2162685
6356993
-262141
-5963774
-786430
-2162685
-1376254
-1376254
-1179648
-1048575
-1114109
-1376255
-917503
-1048576
-1048574
-917503
-851966
-786430
-851965
-786430
-786429
-1179645
-1245181
-1376256
-1179645
-1048576
-1048576
-983038
-1179646
-1048576
-1114112
-1048576
-917503
-1114110
-983037
-983039
-1114110
-983040
-1048573
-1179648
-1114109
-917503
-1048575
-983039
-983037
-1048575
-655360
-983037
-1114111
-1048575
-1310718
-1114110
-1179646
-917501
-1310719
-983039
3801090
3866624
-6553597
-1572863
-1900542
-1245184
-1376256
-1179645
-1048574
-1245182
-1048575
-983039
-851968
-917501
-1048576
-851966
-917503
-786432
-655358
-851968
-983037
-1114110
-1376255
-1376253
-1179646
-1114110
-1114111
-983039
-983038
-983038
-1114110
-983040
-1179645
-983040
-1114109
-1048574
-1245181
-1245183
-1114109
-1048574
-983038
-1048576
-1114109
-917502
-851968
-786431
-786432
-851966
-1114111
-786431
-851966
-1048574
-917502
-917504
-851965
-655359
-983040
-917502
-917504
-1245181
-1179648
-1114110
-851968
-851965
-2490367
3801091
4521985
-6750205
-1638400
-1900543
-1572864
-1638399
-1114112
-917502
-1245184
-1310720
-1048576
-983040
-1048573
-1048575
-983038
-917502
-786430
-589823
-917502
-786432
-983038
-1245183
-1310719
-1310720
-1245182
-1114110
-1179645
-1245184
-1114109
-917502
-983040
-983039
-983039
-1114111
-1179647
-917502
-1048575
-1245181
-1048573
-1114111
-1114112
-1048575
-1114109
-1179645
-1114110
-1179647
-1179646
-1114110
-1048574
-1114112
-851965
-917504
-983039
-1179647
-1310720
-1245183
-1310717
-917503
-851968
-2621439
3014656
4521985
-6488064
-1835005
-1835007
-1245183
-1441791
-1441790
-1114109
-1310720
-1245182
-1179648
-1179646
-917503
-983037
-983039
-983039
-851968
-983038
-917503
-851967
-1310718
-1245181
-1179647
-1441791
-1310719
-1179648
-1048576
-983040
-1114112
-1114110
-1114109
-983040
-1114112
-1114110
-1179645
-1114110
-983038
-1179646
-1048576
-1048573
-1179646
-786429
-786432
-851968
-1114111
-1310717
-1310717
-1114112
-1179647
-1114112
-1376254
-2031613
6291456
-393214
-6094845
-851966
-1835006
-1310719
-1245183
-1114110
-1114110
-1114110
-1114110
-1114109
-1114109
-983037
-917503
-786432
-720896
-786429
-589823
-786430
-851968
-1179646
-1310720
-1245184
-1310718
-1114110
-1114111
-1245181
-983039
-1048574
-983039
-917504
-917502
-983037
-983037
-1310719
-1245181
-983040
-917503
-1179647
-983039
-1048576
-1245184
-1114110
-983040
-1048575
-851965
-720894
-851967
-851968
-1114110
-1114111
-1114110
-1179646
-917502
-1310718
-2490367
3342337
4915202
-6553597
-1900543
-1835008
-1507327
-1310719
-1245184
-1114110
-1310719
-1310720
-1179646
-1048576
-917504
-917504
-1048573
-655360
-589824
-786432
-720896
-720895
-1114109
-1376256
-1245183
-1245183
-1310717
-1245183
-1179648
-983037
-1114109
-1376255
-1048576
-983040
-1048575
-917503
-1048576
-1114112
-1048573
-917502
-1114111
-1114111
-1048576
-1048576
-1245181
-1245183
-1114109
-983038
-917501
-851967
-917501
-1048575
-1179648
-1310719
-1245183
-1048574
-786430
-1769469
3
6946818
-4259840
-3670013
-1114112
-1966077
-1376256
-1310718
-983039
-1048573
-1245181
-983040
-983039
-983038
-786430
-1048576
-1048573
-1048574
-983038
-589824
-786431
-851968
-1310718
-1310717
-1310719
-1310717
-1114111
-1114111
-1114110
-1048574
-1114109
-1179646
-786429
-851967
-1114110
-1114112
-1048574
-1114111
-983040
-851965
-786429
-720895
-589824
-983037
-1048573
-1048573
-1114110
-1114111
-917502
-983039
-1966077
6619136
-655358
-5767167
-851968
-1703933
-1441791
-1376255
-1245181
-1441791
-1114110
-1179645
-1114109
-1048573
-1114109
-851966
-851967
-851968
-786432
-1048576
-1048573
-917501
-1310718
-1376256
-1310719
-1179646
-1179645
-1245181
-1245182
-1114109
-1048573
-1245182
-1310720
-1114110
-1245182
-1179648
-1179647
-1048574
-589822
-983037
-1376253
-1310720
-1572861
-1310717
-1179647
-1245181
-1441791
-1769471
-1638398
-5570560
-983037
-2031615
-1441792
-1441791
-1310718
-1179647
-983039
-1310717
-983039
-917504
-851966
-983040
-917504
-786430
-589823
-589822
-655360
-1048576
-1310718
-1245182
-1310717
-1245184
-1245183
-1310718
-1179646
-1114112
-1048573
-1048573
-1048573
-1048573
-1114109
-1048575
-1179645
-1245182
-1114109
-917501
-1114111
-983039
-786432
-720894
-851965
-1048575
-1114112
-1179648
-1179648
-1114112
-983040
-1441791
-1835005
6946817
-1376253
-5636094
-2293760
-1835007
-1441790
-1507327
-1114112
-1179645
-983040
-1114111
-1179647
-1048574
-851968
-917504
-917501
-655357
-786430
-786430
-917503
-1310720
-1376253
-1114109
-1245181
-1048576
-983040
-1048576
-1245181
-1114110
-917503
-1310717
-1048574
-983039
-1179648
-983040
-983037
-1114112
-1245181
-1114112
-1048573
-1048574
-1114112
-1179647
-1048575
-1114109
-1048574
-983040
-851967
-983038
-786432
-917504
-1179648
-1310717
-1048576
-1310719
-983038
-983037
-1835007
7208961
-1048573
-5505021
-1966080
-1114112
-1179646
-1245181
-1245183
-917502
-1310717
-1245182
-1048573
-1114112
-851967
-1048574
-983040
-786429
-917501
-917503
-917504
-1114110
-1376254
-1310718
-1179647
-1245182
-1310717
-1376253
-851965
-1114111
-1114109
-1179648
-1114112
-1179645
-1310717
-1310718
-1048573
-1310717
-1310719
-1245182
-1245183
-1048575
-1245181
-1114109
-1048575
-1048574
-983040
-1179646
-1376253
-1245184
-1376254
-1114112
-1441790
-1572862
6750208
5111810
-6094846
-2162687
-1638400
-1179647
-1376254
-1114111
-1048576
-1114112
-1048574
-983038
-1114112
-983040
-917504
-786432
-720895
-720896
-720893
-917502
-655360
-1048574
-1376255
-1245184
-1114112
-1179647
-1245184
-983038
-983039
-1114109
-917502
-983037
-786429
-983040
-1179648
-1114112
-1179647
-983038
-1048573
-1179645
-1048573
-1048576
-983038
-983037
-1114112
-983039
-983037
-786430
-851968
-983039
-1179645
-1310718
-1114110
-983039
-786430
-2097150
1703936
6291459
-5767167
-2818047
-1638398
-1572861
-1245184
-1179646
-1376254
-1179645
-1114112
-1179647
-983039
-1179648
-851965
-983040
-983040
-720893
-655358
-786429
-720893
-1048573
-1310717
-1179647
-1376254
-1245184
-1179646
-1114111
-1310720
-1245184
-1179646
-1245182
-1114112
-917503
-1114109
-983039
-1179647
-1310719
-1048573
-1245182
-1114110
-1114112
-1179648
-1048576
-1114111
-1114110
-1048576
-1048573
-917503
-917504
-917502
-1048576
-983039
-851968
-1114110
-1048574
-1114111
-1245183
-1114110
-1245181
-983040
-1507328
-1441790
7274496
-2162686
-5308415
-983039
-1966077
-1507327
-1376254
-1048573
-1179645
-1179646
-1376253
-1245181
-1114111
-983039
-1048576
-917503
-655357
-851968
-720895
-786429
-851968
-983037
-1310720
-1310720
-1179645
-1048573
-1114110
-1048576
-917502
-1048574
-1179646
-1048573
-1048575
-1245182
-1310717
-1179647
-1179648
-1114109
-1245182
-1245184
-1048573
-1048576
-1048575
-1048573
-1048574
-1114111
-983040
-1048574
-1048573
-1114112
-1114111
-1376256
-1114109
-1703934
-655358
7012354
3211266
-6684671
-1572863
-2293760
-1310719
-1441790
-1179647
-1114112
-1245184
-1179645
-983038
-983040
-1048575
-1048573
-983038
-983039
-786431
-720896
-851968
-1179647
-1114109
-1310720
-1179645
-1376255
-1245181
-1114111
-1114109
-1114109
-1245181
-1048576
-851967
-1179646
-1114112
-1114110
-1114109
-851968
-1179646
-1048575
-983037
-1245181
-1114111
-1048575
-1048575
-1179646
-1114112
-917504
-786430
-851968
-851968
-851966
-983038
-1310720
-1179647
-983039
-1114109
-2621438
5373952
2621440
-6750205
-1245184
-1900542
-1310719
-1507327
-1245182
-1114109
-983037
-1048576
-983040
-983037
-917504
-917504
-917502
-786430
-720894
-786430
-917503
-851968
-1114110
-1310719
-1376255
-1310720
-1310718
-1245183
-983037
-917502
-1114110
-851968
-917504
-983039
-851967
-1114112
-851967
-786431
-917503
-1245181
-1245182
-1114110
-1048574
-983038
-1179646
-1114111
-1048576
-1179646
-1048573
-851966
-917502
-917502
-851966
-917503
-917502
-983037
-1114109
-1048575
-1310718
-1310717
-983038
-1245181
-1703936
7143424
-1310717
-5701629
-786430
-1638399
-1507325
-1245182
-1048574
-1114109
-1048574
-1179648
-983038
-786431
-786429
-983040
-720896
-786432
-851965
-786430
-851968
-1114109
-1310718
-1245183
-1245183
-1245184
-983039
-983039
-1048575
-1048574
-983038
-917503
-1114111
-1179647
-1114110
-1245181
-1114109
-1114111
-917501
-1114110
-1114112
-1245183
-1310718
-1245182
-983038
-917501
-851966
-1048574
-1179648
-1376253
-1376253
-1310719
-1245184
-2359293
2621440
5177347
-6225918
-2228222
-1835007
-1507325
-1245184
-1179646
-1114112
-1245181
-1179645
-1245183
-1245184
-983037
-851966
-983040
-851965
-851968
-720894
-786430
-786432
-1245181
-1245184
-1376254
-1376256
-1114112
-851968
-917503
-1179646
-917502
-917504
-917503
-786430
-983039
-1179646
-1179648
-1048573
-1048574
-1114112
-1179645
-1048574
-983037
-917502
-917503
-917501
-1048576
-1179646
-1245183
-1048576
-1114110
-2752509
4128768
3670018
-6684669
-1572862
-1769469
-1376255
-1441790
-1114111
-1245181
-1048574
-1179647
-1048573
-1048573
-983040
-917504
-851967
-655360
-786430
-589821
-786432
-1114112
-1245183
-1441792
-1310719
-1179645
-1048574
-1048576
-917502
-851965
-1048574
-1114111
-1048576
-1179646
-1114110
-917504
-1179647
-1048574
-1048576
-1114112
-1048576
-1048573
-1179646
-1048576
-917503
-983040
-1179647
-1179648
-786429
-786429
-851967
-983040
-1179647
-1179647
-917502
-983039
-1114109
-1638398
-2555901
4390914
4128771
-6684672
-1441792
-1900541
-1507325
-1441789
-1114109
-917504
-983038
-1048576
-1114110
-1245182
-851967
-983040
-917502
-851968
-786431
-720893
-851965
-917503
-1048573
-1114110
-1114110
-1114112
-1310719
-1179647
-917503
-983039
-983039
-851968
-1114110
-1114112
-983039
-983037
-1048574
-1048575
-917502
-983038
-1245181
-1179645
-1048574
-1048576
-851966
-851967
-917503
-917504
-1114112
-1048573
-983038
-1048575
-851968
-983040
-1114110
-1179648
-983039
-1179646
-917501
-917503
-2359296
851971
6684672
-5046271
-3276800
-1441791
-1572864
-1441792
-1310717
-1048575
-1114110
-1245182
-1245184
-1048576
-1048576
-1048575
-786432
-851968
-983039
-917502
-1114109
-983037
-1179647
-1310720
-1179648
-1376253
-1245184
-1310717
-1245181
-1048573
-1048574
-1114110
-1114112
-1048576
-1114109
-1179648
-1114111
-1048573
-983037
-1048573
-1245182
-1245182
-1114112
-1179645
-917504
-917503
-917504
-1114110
-1376255
-1179645
-1114109
-1245181
-720896
-1835008
589825
6750208
-4849662
-3473407
-1245182
-1638400
-1376256
-1245183
-1048576
-983039
-983038
-1245181
-1245183
-983037
-983037
-851967
-917502
-655357
-851967
-983039
-851967
-983039
-1310718
-1310717
-1245182
-1245184
-1114111
-1245182
-1114109
-1048576
-1245184
-1179646
-983039
-1048576
-1179645
-1179647
-1310720
-1114111
-1114110
-1310720
-1048576
-1048573
-1245184
-1179646
-1245182
-1179645
-1114109
-1179648
-1179646
-1114110
-983039
-851968
-851967
-917504
-1179648
-1441790
-1310719
-1048576
-983040
-1048573
-2031614
917506
6946817
-5177341
-3538944
-1310719
-1507326
-1572862
-1245183
-1114112
-1114109
-1114111
-1179645
-1048573
-983039
-851968
-983039
-786430
-655360
-524285
-524287
-851965
-1048574
-1376255
-1441792
-1441790
-1114110
-1310717
-1179645
-851968
-1179646
-1114110
-983039
-1048573
-1245183
-1114110
-1048576
-1114109
-1179645
-1048576
-1179647
-1245184
-983040
-1048576
-1179648
-1179646
-1048573
-1245184
-983040
-1048574
-1310717
-983039
-1048576
-1114109
-1048573
-983040
-1048576
-1114112
-917503
-720895
-917503
-983037
-1114112
-1179646
-1179647
-1114110
-917503
-1179647
-1966078
6750210
-589822
-6094845
-983037
-2228223
-1572862
-1310720
-1114109
-983040
-1048574
-1179648
-1114111
-983040
-1048575
-917503
-983037
-851967
-917504
-851968
-655357
-851965
-1048574
-1507325
-1310718
-1245181
-1441789
-1179646
-1048574
-1114111
-1245181
-1048574
-983038
-1114109
-983040
-1048576
-1245181
-1179647
-1310718
-1179645
-1114111
-1048576
-1114110
-1310719
-1245182
-1114109
-1114109
-1179648
-1114109
-983040
-917501
-786431
-1048573
-1114112
-1179647
-1376254
-1245182
-1179645
-983038
-1245182
-1769472
6881282
-1114110
-5701632
-851968
-2031614
-1441791
-1179646
-1245182
-1245182
-917501
-1048575
-1114112
-983040
-983038
-786432
-720895
-720895
-655360
-655358
-851965
-1114112
-1376255
-1376254
-1179647
-1376256
-1245181
-1245181
-1245183
-917504
-1179645
-1114110
-1048575
-1048574
-983037
-1048576
-1376253
-1114111
-983040
-1114111
-1048573
-983038
-1179648
-1114109
-917504
-1048574
-1245182
-1048576
-851966
-851966
-983037
-1245181
-1179646
-1048576
-1179646
-786432
-1048574
-1114110
-1114109
-786431
-720893
-786430
-1179648
-1245181
-1245182
-1048576
-1048575
-1048574
-2555902
4784129
7471107
-3670013
-4521984
-1048576
-1572864
-1441789
-1048576
-1114112
-1179645
-1114112
-1114110
-917503
-983039
-917502
-983040
-786429
-589824
-851968
-786432
-1048573
-1376254
-1507328
-1179648
-1114110
-1179648
-1114109
-786430
-1245182
-1048574
-1245184
-1048573
-983039
-1179648
-983040
-1179647
-1048576
-1179647
-1179645
-983038
-1179647
-1048573
-983040
-1048575
-1048576
-983040
-851967
-851967
-1245181
-1245182
-1048575
-983039
-1114112
-1048573
-1048573
-983039
-1179647
-1179646
-1114109
-917501
-917503
-1048575
-1114110
-1114110
-1114111
-1245181
-1179645
-917502
-2424829
1441794
6094851
-5898237
-2686976
-1441792
-1572863
-1114112
-1179647
-1310720
-1179648
-1441790
-1179647
-1179646
-1376253
-1048574
-983039
-851966
-786430
-720896
-917501
-786432
-786431
-1310720
-1245184
-1179646
-1310719
-1179645
-1310719
-1179645
-983038
-1179645
-1245182
-1114110
-1048576
-1048573
-1245182
-1179646
-1048576
-1179648
-1245181
-1114110
-1179648
-1114110
-983039
-1114110
-1048574
-1048576
-1048573
-917501
-1245181
-1179648
-983040
-1114109
-1245184
-983038
-2359296
-1638400
6815744
-1572864
-851968
-1900542
-1114111
-1245184
-1114111