-851966
-655358
-655357
-983038
-983039
-851967
-1114109
-983038
-786432
-983037
-983040
-983037
-1048576
-1114112
-983039
-983038
-1179648
-1245181
-1114112
-1310719
-1179647
-1048575
-983039
-786429
-1048574
-983038
-917504
-851965
-851966
-851966
-851967
-983039
-917501
-1114109
-720893
-655359
-655357
-720896
-917501
-851966
-524287
-524288
-4128765
-5242877
3080194
-1179645
-1310717
-1179648
-1179647
-1179646
-1245184
-1179648
-1179646
-1179648
-983039
-1179646
-1310718
-1507327
-1703935
-1638398
-1245183
-655357
-196605
-65534
-393213
-327677
-327679
-458752
-524288
-655357
-851968
-983040
-1179645
-1179647
-983039
-786429
-851965
-917502
-851968
-851968
-983040
-1114112
-1179648
-917502
-851968
-1048574
-1048576
-786430
-917504
-983040
-983039
-917503
-983037
-1179647
-1310718
-1245181
-1179647
-1114112
-1048575
-1310720
-1114109
-1179646
-1179647
-983040
-1114112
-1114109
-1048574
-1245184
-1245181
-1114112
-1310717
-1441792
-1441791
-1048574
-917501
-917501
-1048575
-1310718
-1507326
-589821
-3473407
-6094848
1966082
2293760
-1114110
-1572861
-1507327
-1441789
-1572861
-1310719
-1310720
-1310719
-1310720
-1441791
-1507328
-1769471
-1638399
-1835007
-1441792
-1245183
-720893
-262141
-589821
-851968
-786429
-851967
-1048575
-1048574
-983038
-851968
-655359
-786430
-1048574
-851967
-851965
-917502
-917502
-983037
-720893
-720895
-983037
-851965
-524287
-655359
-851967
-589821
-786429
-851965
-786430
-851968
-983040
-983039
-917503
-1245181
-1048575
-1048573
-786430
-917504
-1179645
-983037
-983038
-1048576
-851967
-917502
-1245183
-1048576
-851966
-786430
-851965
-983039
-1114109
-458752
-1507328
-6094845
-262143
3604480
1966082
-1048573
-1245183
-1245181
-1441790
-1245184
-1245183
-917502
-1048576
-1245182
-1441789
-1769469
-1638397
-1179647
-655360
-196608
-327677
-393216
-458752
-524286
-851968
-917502
-786430
-524286
-917503
-917501
-655358
-917504
-786431
-720896
-851966
-1048574
-983037
-983038
-1179646
-1245183
-1245182
-1245182
-1245181
-1114111
-1114112
-1245182
-983040
-1179648
-1245182
-1114109
-1245181
-1179647
-1441789
-983040
-1310720
-1441790
-1245184
-1245183
-1048575
-851968
-1114112
-1441789
-1310717
-1507326
-1048576
-983038
-1048573
-1114112
-1245183
-1114112
-851965
-1966078
-6356989
-262144
3604482
-786430
-1572862
-1572861
-1703934
-1507327
-1310718
-1507325
-1376253
-1048573
-1114110
-1376255
-1179647
-1441791
-1769471
-1703934
-1376255
-983040
-524287
-458749
-393215
-589823
-655358
-917501
-983037
-917504
-1114111
-1245181
-1114111
-1114109
-1114111
-983040
-917501
-720893
-983039
-1114112
-1179645
-1114112
-1376253
-1310720
-1376253
-1245182
-917501
-1048576
-1114111
-786432
-917501
-1048575
-983038
-720895
-786430
-851966
-851968
-786429
-655357
-589824
-524286
-851967
-851965
-720894
-720895
-589822
-851967
-1048576
-1114110
-1179647
-720896
-786429
-655359
-786432
-983037
-524286
-327678
-2883584
-5963773
1572865
2949123
-655360
-1179647
-1376255
-1245183
-917504
-1114109
-1048575
-1048573
-1048573
-1179648
-1179645
-1310717
-1638397
-1703933
-1703936
-1114109
-589821
-196608
-65533
-131070
-262141
-655359
-524285
-589823
-1114109
-983039
-851967
-851967
-655360
-458752
-458749
-458752
-458750
-589821
-851966
-786429
-720895
-983038
-983037
-720895
-655357
-786431
-1048574
-917503
-851965
-917503
-1114109
-1310718
-983040
-1048575
-1114109
-1179645
-1179646
-1179645
-1114109
-1179645
-1245181
-1245183
-1245183
-1245182
-1310717
-1310717
-1441791
-1245181
-1114112
-1114112
-1245181
-983040
-1048574
-1507325
-1048573
-6029311
2097154
-1310719
-1376255
-1376255
-1310719
-1376253
-1441791
-1572862
-1179647
-1245181
-1441792
-1376255
-1638398
-1638400
-1376256
-1310719
-720895
-65536
-65535
-262143
-458750
-786429
-786430
-851968
-917502
-851966
-655360
-917501
-1179647
-917502
-720896
-917503
-983037
-1179646
-1179645
-1048574
-917501
-1114109
-1245183
-1179648
-1245181
-917504
-983037
-1179646
-1048575
-851968
-1179646
-983037
-983040
-983037
-983037
-1048575
-1245182
-917502
-720896
-983040
-917503
-1048573
-1179646
-1048575
-1114112
-1179647
-1179647
-786430
-589821
-720895
-917503
-917503
-1114111
-720894
-1966078
-6291455
-196606
3866626
-393213
-1376254
-1048574
-851967
-1048574
-1048576
-1048573
-1310720
-1376253
-1048575
-1245183
-1507328
-1835005
-1310718
-851966
-65534
131072
131075
-65535
-327679
-524288
-655357
-589823
-589824
-655359
-851968
-983038
-983038
-917502
-655360
-917502
-851966
-983040
-1048573
-1179646
-1179646
-1114111
-917503
-1048574
-1048573
-917503
-983038
-1048575
-1179646
-1048576
-983038
-1048574
-1048573
-983038
-1179648
-983040
-1114110
-1179645
-1179648
-1245183
-1310720
-1245184
-983039
-1376253
-1376256
-1376256
-1310718
-917503
-851965
-983040
-983038
-983037
-393214
-3014656
-5898238
2162689
2621443
-1179645
-1507328
-1572862
-1507326
-1376253
-1114111
-1245181
-1310720
-1114110
-1376255
-1179647
-1441792
-1572864
-1507328
-1703935
-1048573
-589822
-458750
-524285
-589822
-786431
-851965
-1179645
-1245182
-1179648
-1114112
-1114110
-1179646
-1310719
-1310720
-917501
-983038
-1245182
-1048574
-1179648
-1245183
-917501
-851968
-917503
-1048573
-1441789
-1245181
-983037
-917504
-1179647
-983038
-983038
-983039
-917502
-851967
-917502
-1114109
-1114109
-983038
-1245181
-1114110
-1048575
-851966
-1114110
-1245181
-1179648
-1310720
-983040
-720895
-655359
-786430
-917502
-1179645
-786429
-1441790
-6160382
-1179645
3997697
-131072
-1441789
-1507327
-1310717
-1245181
-1179648
-1310718
-1245184
-1179645
-1114110
-1507326
-1441791
-1572863
-1900542
-1966077
-1638398
-1310719
-720893
-262141
-131071
-196605
-327679
-458752
-458749
-458751
-327680
-458752
-589822
-655357
-655357
-589821
-393216
-393213
-589821
-720895
-917502
-1048574
-983039
-1048575
-983038
-1048573
-1048574
-917504
-983040
-1114110
-1245182
-1179648
-1310719
-1048573
-1179648
-1245181
-1179646
-1310717
-1245182
-1245183
-1310717
-1310720
-1310718
-1441790
-1376255
-1310719
-1114111
-1310717
-1376254
-1376254
-1245183
-1179645
-1310718
-1114110
-917502
-720896
-851965
-1048575
-1048575
-589822
-3014653
-6356990
1245185
3735555
393216
-1048575
-1310717
-1376253
-1245181
-1376254
-1376253
-1376256
-1376255
-1507327
-1572861
-1507326
-1769472
-1900541
-1703933
-1245182
-655357
-393215
-720893
-851965
-851965
-851967
-917501
-983039
-1179647
-1245182
-1245182
-1114109
-851968
-786432
-720895
-1048574
-983039
-1048576
-983040
-1376254
-1376256
-1179648
-1048576
-917502
-983037
-1179647
-1179646
-1048574
-786430
-851968
-917504
-786430
-851965
-917503
-851966
-983037
-1048574
-851965
-786429
-917501
-851968
-786430
-851967
-983040
-1179645
-1048573
-1048573
-983039
-720894
-589824
-786430
-655360
-917502
-524285
-1769470
-6160384
-131069
3604482
1638402
-1310720
-1441789
-1179646
-917504
-917503
-1048574
-1245182
-1179645
-1114109
-1310717
-1376255
-1441791
-1376254
-1310719
-1245184
-1048574
-393216
-196608
-65534
-393215
-524285
-720894
-851966
-720895
-851967
-851965
-917504
-917501
-786429
-524287
-524288
-655357
-917503
-983038
-851966
-720895
-720893
-655359
-786432
-983037
-851966
-917501
-851965
-851968
-1048573
-917501
-1048574
-1114112
-983040
-1048574
-851967
-983040
-1179648
-1048576
-1179648
-983039
-1179648
-851967
-983038
-1114112
-1245183
-1114112
-851968
-1376253
-1245181
-851968
-655357
-786431
-786431
-917503
-1245184
-1048575
-524286
-4587520
-4390911
3342339
1507330
-1245183
-1441790
-983040
-1179647
-1310720
-1441790
-1245181
-1179645
-1179648
-1376253
-1245184
-1441789
-1835007
-2031614
-1769470
-1114111
-720894
-262142
-262142
-524287
-393213
-524285
-851965
-917501
-655359
-786432
-1114109
-1048573
-1048573
-983040
-786430
-589824
-917503
-1048573
-983037
-851968
-851965
-1048574
-1179648
-983039
-1048576
-851965
-983038
-983037
-851966
-983038
-983037
-1179645
-1179648
-1310718
-1376254
-1114109
-1048574
-983040
-1179647
-1441790
-1441789
-1179648
-1114109
-1114111
-1114109
-1048573
-917503
-1179647
-983039
-1048573
-983040
-655357
-655357
-720895
-589824
-786432
-655357
-524288
-4194301
-4390911
3211267
1966080
-1048573
-1245184
-1179646
-1310719
-1114110
-1048575
-1179646
-1376253
-1441791
-1245184
-1245181
-1835005
-1703936
-1638399
-1900541
-1769469
-917504
-393215
-327677
-393213
-655359
-720893
-786431
-1245181
-983038
-1048573
-983038
-1114109
-1245182
-917502
-983037
-983037
-851965
-1245182
-1245181
-1114112
-1179647
-1245181
-1048574
-1048573
-983038
-1114111
-983039
-1245184
-1048574
-720895
-786431
-786431
-983038
-851967
-851966
-851968
-786430
-983039
-1114109
-1048576
-1245181
-983037
-983040
-1245182
-1572863
-1703934
-1572863
-1114111
-1179645
-1245181
-1048575
-1048574
-1441789
-2752509
-5963776
1245184
3080193
-589822
-1048573
-1376256
-1572862
-1638399
-1179645
-1245181
-1441792
-1310718
-1048573
-917502
-1310719
-1441789
-1441792
-1703935
-1441791
-720896
-458752
-393215
-524286
-393216
-458750
-851965
-917504
-983037
-983037
-917502
-1048575
-1114112
-1245184
-786432
-720895
-983038
-917504
-851967
-983040
-983039
-983038
-917501
-983040
-983039
-1048574
-1048574
-1048575
-851965
-983038
-1179646
-786432
-983039
-983037
-851966
-655358
-1048576
-1048576
-983037
-1114110
-851965
-786431
-786432
-1048575
-917501
-786431
-1245182
-720895
-851966
-786430
-655357
-851965
-917501
-589823
-458751
-4784126
-4259840
3866625
1638403
-851968
-1179648
-1048575
-1048576
-1114112
-1245182
-1310719
-1048575
-1114110
-1048574
-1114112
-1376253
-1703934
-1638400
-1245182
-1114110
-917502
-196607
-131069
-196605
-196608
-327677
-589821
-458751
-524287
-393215
-458751
-786430
-655360
-458749
-327679
-524288
-589822
-786432
-720896
-851968
-917504
-983037
-917501
-1048576
-1245181
-1048575
-917502
-1179645
-917504
-1048574
-1114110
-1048575
-1114110
-1245184
-1245181
-1179647
-1114112
-1179646
-1245181
-1376255
-1179647
-1245181
-1310717
-917502
-1179647
-1310719
-1441790
-851965
-917504
-1048575
-1179647
-1179647
-917502
-655358
-4653054
-4653056
3211266
1048577
-1245183
-1703935
-1507325
-1376253
-1572862
-1441791
-1441790
-1572863
-1507327
-1376255
-1376256
-1572863
-1703935
-1769472
-1638397
-1441789
-1179646
-393213
-196605
-393216
-524287
-720894
-786430
-851968
-917504
-1048575
-1048573
-983038
-1114109
-1179648
-983039
-1048574
-1048575
-1048573
-917502
-917502
-1179645
-983039
-1114112
-1179648
-1114109
-1048575
-1114109
-1048576
-1114109
-983039
-917504
-917504
-917504
-786431
-589822
-917502
-1048576
-983037
-917503
-1048575
-720895
-851965
-1114110
-1114112
-1048573
-1048576
-720895
-983038
-851966
-655359
-720895
-1179645
-720893
-2031615
-6356990
-262144
3866626
-196608
-1441789
-1376253
-1048576
-851967
-917503
-1048574
-1048575
-1310717
-983040
-983038
-1179646
-1441789
-1638397
-1638397
-1572863
-917504
-393213
-327678
-131069
-262141
-655357
-589823
-720893
-720893
-720894
-786430
-917502
-983037
-655357
-720893
-786431
-786430
-1114109
-917501
-851968
-917501
-786432
-851966
-655357
-720895
-524288
-917501
-917503
-524288
-786430
-983037
-720893
-786432
-786431
-720895
-851965
-983038
-1114111
-1048573
-1048574
-1048575
-983037
-1114111
-1179646
-1114110
-1245181
-1310719
-1507326
-1245182
-1441792
-1048576
-786429
-1048573
-983040
-983039
-1179646
-720894
-1048574
-5701629
-2162686
4063234
196608
-1114110
-1310719
-1507328
-1179647
-1179645
-1179645
-1310717
-1245181
-1441789
-1310718
-1376256
-1507328
-1441792
-1376255
-1114112
-655359
-262143
-262141
-327677
-655359
-655360
-1048575
-1048574
-983039
-1048575
-1048576
-983039
-1048576
-851967
-983040
-983039
-983039
-1179648
-1310719
-1310718
-1245182
-1310720
-1376253
-1507325
-1245181
-1114110
-1376253
-1179648
-983039
-1114111
-1245184
-1048575
-786429
-917504
-1048574
-1179648
-1114112
-1179645
-1114111
-1310717
-983040
-1114112
-1572861
-1179646
-1179645
-1048576
-720895
-851965
-1048575
-1179646
-1048574
-786431
-4784127
-4653056
3342339
1638401
-1114111
-1507326
-1376254
-1179646
-1245183
-1114110
-1245181
-1376254
-1179645
-1245182
-1441789
-1376255
-1572863
-1769470
-1507326
-1376254
-983039
-393214
-65536
-196607
-196606
-393215
-524286
-917502
-786432
-524288
-655360
-655360
-655359
-720894
-589822
-655359
-786430
-786430
-917501
-720895
-851966
-983039
-851965
-851965
-786430
-786430
-917502
-917503
-1114111
-1179647
-983037
-1048575
-917503
-1048575
-1048574
-1048575
-1179645
-1114112
-1048575
-983039
-1114111
-983038
-917501
-851968
-851968
-1048575
-1114109
-720893
-917501
-983040
-917504
-786431
-589822
-720895
-720893
-786429
-851968
-851965
-786431
-5308416
-3080191
1507329
3276802
-720896
-1507326
-1572864
-1441792
-1310720
-1245181
-1245181
-1310719
-1179645
-1245181
-1245183
-1441792
-1703934
-1769470
-1835005
-1048574
-589824
-393214
-327680
-524286
-524287
-720895
-786431
-851966
-917501
-851968
-1114112
-1048574
-1114110
-983039
-983039
-1114109
-1310719
-1114111
-983037
-983038
-851966
-983038
-1245184
-917504
-983038
-851966
-983038
-917501
-917501
-1114110
-1114112
-1048574
-1048575
-1179645
-1245181
-1179646
-1245184
-1507325
-1179646
-1376256
-1441790
-1441790
-1310718
-1114112
-1245182
-851967
-655360
-589823
-851966
-917503
-1179645
-655359
-3342336
-5898238
2228225
3997696
65537
-1376253
-1572861
-1507326
-1114109
-1114109
-1310717
-1507327
-1507328
-1376256
-1441791
-1441791
-1376254
-1441790
-1507327
-1048575
-393215
-65536
65537
-196607
-524288
-589824
-720894
-655359
-524286
-851967
-917504
-851966
-786431
-1048574
-720896
-655357
-917502
-983037
-720894
-983040
-983040
-655360
-917501
-1048575
-655360
-983037
-983037
-917502
-786432
-851966
-655359
-917503
-983040
-851965
-851968
-983039
-917501
-917502
-720895
-851967
-1048576
-983040
-1310718
-917502
-1114109
-1179646
-1376254
-1441791
-1048576
-917502
-1048575
-851967
-983037
-1114112
-917501
-1114112
-5636095
-2686973
4259843
720896
-983040
-1441791
-1376253
-1310719
-1114110
-1048573
-1245181
-1245182
-1048576
-983039
-1179645
-1507327
-1441790
-1179648
-917501
-327677
-131071
-65535
-131071
-524285
-589824
-786431
-786429
-720893
-786430
-983039
-983038
-917502
-786432
-851965
-786430
-786432
-1048576
-1048575
-917504
-1179648
-1048573
-1179647
-983040
-1245183
-917504
-983039
-983040
-655359
-1048573
-917503
-1048575
-1048574
-851965
-1048573
-1376253
-1114112
-1179646
-1048576
-1114109
-1179647
-851965
-1179646
-1245182
-1376253
-1179648
-1441792
-1179647
-1245181
-917504
-983039
-983040
-1310720
-917503
-1769469
-6422526
-983038
3473408
-655358
-1441789
-1703935
-1703933
-1245184
-1179648
-1310720
-1572862
-1114112
-1572862
-1703934
-1638397
-1376253
-589824
-393215
-524285
-393214
-655357
-983039
-720895
-983040
-655360
-983038
-851967
-917501
-786431
-917501
-1048574
-786432
-917502
-983040
-1114110
-983037
-917502
-1114112
-1310719
-1114110
-786432
-917503
-983037
-917501
-786431
-786430
-720896
-983037
-786432
-917501
-851968
-917503
-786432
-917501
-917504
-983037
-720896
-851967
-786429
-917502
-851966
-983038
-786430
-851968
-786431
-983038
-983038
-1245184
-720896
-1048576
-5963775
-2228222
4521984
458754
-1114111
-1048576
-1114109
-851967
-851965
-1114111
-1310718
-1114110
-1245183
-1179646
-1376256
-1441790
-1769471
-1769471
-1507325
-1114111
-393213
-262141
-196606
-196607
-327680
-393216
-720893
-655357
-458750
-655359
-851968
-720895
-1114109
-1114109
-720894
-786430
-786430
-720895
-786430
-786432
-655360
-589823
-720895
-589824
-786430
-917502
-917504
-851965
-917504
-983038
-983040
-983037
-851968
-917503
-851966
-917502
-983040
-1114111
-1114112
-1114112
-1114112
-983037
-1114112
-786430
-1048574
-1179645
-1048576
-1179648
-1048575
-1114111
-1507326
-1179646
-983040
-1179646
-1048575
-1048575
-720893
-1245183
-5701631
-1769471
2555906
-983037
-1376253
-1376254
-1376253
-1048573
-1376253
-1310720
-1179645
-983040
-1048573
-1310717
-1310720
-1507326
-1638398
-1572864
-1572862
-917503
-655357
-524287
-589823
-851965
-589824
-983037
-1114111
-1048573
-1179646
-983038
-1114111
-983037
-983038
-720893
-851968
-1048574
-851968
-917504
-851966
-983037
-1114110
-1114111
-851968
-983040
-983039
-1179648
-917503
-1114109
-917501
-851966
-851968
-983038
-851967
-1048574
-1245181
-1179648
-1179648
-1114112
-1245183
-1245184
-1179645
-917502
-1376253
-1376256
-1245181
-1310718
-983037
-983038
-983037
-1048575
-1179648
-1114112
-589821
-5505024
-1507328
3997697
131073
-851968
-1310717
-1179647
-1114112
-1572861
-1441792
-1310718
-1310718
-1245182
-1245182
-1310717
-1703933
-1769471
-1638397
-1638397
-1376253
-655357
-262143
-524288
-393215
-655358
-917501
-720895
-655358
-655360
-786432
-851965
-851966
-917501
-655359
-655357
-720896
-851968
-983037
-983037
-917503
-786429
-786429
-786430
-655357
-720894
-655360
-851968
-983040
-917504
-1179648
-983039
-1245182
-1048575
-1048576
-1310717
-1310719
-1376255
-1114111
-1048574
-1114111
-1048576
-917501
-786429
-851968
-786432
-983040
-917502
-589824
-589822
-589823
-786429
-917501
-917501
-327677
-1703933
-6094848
-65533
3997696
-262144
-1048576
-1310717
-1441789
-1376256
-1441789
-1310720
-1376255
-1245184
-1179647
-1245184
-1507326
-1966077
-1703935
-1310717
-1245182
-851965
-327680
-393215
-524287
-720893
-720895
-983038
-1114110
-851966
-917502
-917503
-983039
-720893
-720894
-1179645
-1114109
-1179646
-851965
-851966
-786432
-917503
-851965
-851966
-917502
-1048574
-917502
-851967
-851965
-786430
-917502
-1179645
-983039
-983038
-917504
-983038
-983039
-917504
-1245181
-983040
-1179646
-1179647
-1179647
-1310718
-1245184
-1769471
-1572864
-983039
-983040
-851965
-1179647
-1179647
-1310720
-655359
-2752512
-6094846
1507331
2949120
-1048576
-1376256
-1376256
-1376253
-1441791
-1245184
-1310720
-1638398
-1441789
-1179647
-1179645
-1507327
-1703933
-1507325
-1638397
-1638397
-1310718
-786430
-327677
-196606
-131069
-524288
-655359
-524287
-720894
-917504
-983039
-1114109
-983037
-786431
-983037
-589824
-720894
-720895
-917504
-720895
-851968
-983040
-917501
-851965
-851968
-851966
-786431
-589823
-720894
-983039
-786432
-655360
-786429
-851966
-720896
-720894
-720893
-720896
-983039
-786429
-917502
-917501
-917504
-917503
-917504
-1179645
-1245184
-1048575
-1179646
-1376256
-983037
-851966
-917501
-786431
-851968
-983040
-393214
-2752512
-5898239
2031618
3080194
589826
-1376253
-1507325
-1114112
-917504
-983039
-1179648
-1179645
-1245184
-1114109
-1114112
-1376255
-1507326
-1572861
-1703936
-1441789
-983038
-393214
-131069
-524285
-655358
-720893
-786432
-786430
-720896
-655360
-1048573
-917504
-655359
-786430
-786431
-1114111
-983038
-1179647
-1179646
-1048574
-1179646
-851966
-1048574
-851967
-917503
-1048576
-983038
-1048576
-1179645
-917504
-720894
-786430
-1114110
-1048575
-1114111
-1245181
-983039
-1245181
-1245181
-983040
-1245181
-1114109
-983038
-1114110
-983038
-1179648
-1310719
-1245183
-1376256
-1179648
-1048576
-983039
-1048574
-1114110
-589822
-589823
-4259840
-5046272
3145730
1572864
-1114111
-1376254
-1376253
-1376254
-1376253
-1245182
-1376256
-1441790
-1179646
-1114110
-1310717
-1507327
-1835005
-1638400
-1376256
-1048574
-655360
-458750
-393213
-458749
-524285
-786429
-983039
-655357
-851968
-983039
-917504
-917503
-1114110
-1048575
-917502
-786430
-720894
-917503
-1114109
-1179645
-1114111
-1048575
-917504
-917504
-786430
-1114110
-1179647
-1114112
-1179645
-1179646
-1310717
-1114112
-1114109
-1114110
-983040
-917501
-1048575
-851968
-983038
-917503
-1048575
-983037
-786432
-983037
-1245182
-983037
-1179647
-851965
-786430
-1048574
-1179647
-589822
-1703933
-6225918
-851967
4063232
-196607
-1179648
-851967
-983038
-1114111
-1048573
-1048575
-1114110
-1507325
-1638397
-1507328
-1638399
-983040
-655359
-327677
65536
-196607
-458750
-589824
-786430
-851966
-851965
-917502
-720896
-851966
-786431
-655357
-786429
-786430
-1048573
-1310719
-1114109
-1048573
-655358
-983039
-1048574
-983039
-917503
-786429
-983040
-1048574
-917504
-917503
-851967
-983037
-786432
-983040
-1245182
-917504
-983038
-1245181
-1245183
-1048576
-1179647
-1048575
-1310717
-1179645
-1114110
-1245181
-1245182
-1048575
-1376256
-1114109
-1114111
-1310718
-983040
-851967
-720894
-851965
-1114112
-786432
-720893
-4915200
-3473406
3997697
3473411
-655358
-1310718
-1114109
-1245183
-1376254
-1245183
-1245182
-1245182
-1048576
-1835008
-2162686
-2228223
-2162687
-1703936
-1245182
-393216
-393216
-655360
-524287
-655360
-851965
-720894
-655360
-786431
-983040
-1048574
-983038
-983040
-983039
-851966
-851967
-917503
-851966
-917503
-786429
-720893
-983040
-917502
-851965
-851967
-983038
-917502
-786431
-1048576
-851966
-720894
-983038
-983040
-917501
-1048575
-917502
-1048574
-851967
-851966
-851967
-1048575
-983037
-1048575
-851966
-1048574
-1245184
-1179648
-1507325
-983038
-917503
-917502
-1048576
-1048574
-851966
-5373952
-6553597
917505
3145729
-1114109
-1507326
-1572864
-1376255
-1376254
-1245182
-1376255
-1441789
-1441790
-1245181
-1245181
-1310719
-1572862
-1769470
-1966078
-1507327
-917502
-458752
-131071
-65535
-327680
-393214
-458751
-655360
-786429
-1048575
-983038
-917501
-917502
-1114109
-1048574
-917501
-851967
-983037
-851967
-917501
-983039
-983039
-983037
-983039
-1048573
-1048576
-983037
-983037
-983037
-786429
-720895
-851965
-851965
-851968
-983039
-851967
-917501
-851967
-851968
-786430
-655360
-917503
-917501
-851965
-851966
-917501
-655358
-786431
-1048576
-851968
-1048576
-720894
-655360
-851966
-851968
-983039
-720894
-393215
-4587520
-4259839
3670018
1572865
-720896
-1310720
-1114109
-1048574
-983039
-1114111
-1114110
-1114112
-983038
-917503
-1179648
-1441792
-1703933
-1441790
-1507326
-1179647
-655357
-131071
0
-196608
-524285
-589821
-524287
-458751
-524287
-786431
-851965
-851968
-655360
-655360
-393216
-393213
-983038
-851968
-917502
-786431
-851965
-917502
-917502
-983038
-1179645
-983037
-1245184
-1179646
-1048574
-983038
-983037
-917504
-1179648
-1179648
-983037
-1048575
-1179646
-1179645
-1048574
-1179645
-1048576
-917504
-917504
-1245181
-1310717
-1114112
-1245182
-1048574
-851967
-1114110
-1114111
-1179648
-1245183
-983040
-851967
-851965
-1245181
-1114111
-524288
-917503
-5373949
-2949120
3997696
3080192
-786429
-1441789
-1245182
-1376253
-1245182
-1179648
-1441792
-1376256
-1245183
-983039
-1245181
-1572864
-1572862
-1835005
-1703936
-1310717
-983040
-393214
-393213
-524288
-655360
-1048573
-1114109
-983038
-917504
-1048575
-1310719
-1179645
-1114109
-1245182
-1048574
-1179647
-1114112
-1245182
-1376255
-1507326
-1245181
-1179645
-1114111
-1114110
-1114110
-1114109
-1179646
-1179648
-1048574
-1114109
-1048574
-917502
-1179646
-1245183
-1114111
-983038
-917501
-983039
-1048576
-1114112
-1310719
-1179646
-917501
-1048575
-983038
-983037
-983038
-1245181
-1376254
-1114110
-1376253
-917503
-1048576
-1114112
-1048573
-1114109
-1048575
-786430
-2228221
-6225920
65539
3670017
-393213
-1376253
-1638399
-1441791
-1310720
-1376254
-1441789
-1245183
-1048573
-983040
-1310720
-1507327
-1310720
-1769472
-1769470
-1572862
-1179646
-524287
-589824
-393213
-393215
-589824
-917501
-720896
-917503
-917504
-1048575
-786431
-786431
-983040
-983038
-720896
-1048574
-983037
-786431
-786429
-851966
-851966
-851966
-917503
-1048575
-851968
-917503
-917502
-1114109
-983037
-917503
-851967
-917502
-1048575
-1048573
-917503
-851968
-851965
-851966
-851966
-851965
-851967
-1048574
-983040
-1114112
-1245183
-1048573
-983040
-1179648
-1048573
-1048574
-1245181
-1048575
-1310719
-983038
-655357
-786430
-851968
-983039
-983040
-917503
-851967
-4390909
-5177341
3080193
1835010
-1114109
-1703933
-1638397
-1179647
-1179645
-917504
-1179647
-1114109
-1114110
-1245182
-1376256
-1441790
-1441792
-1376254
-1441790
-1310720
-1048576
-589822
-196605
-65536
-65536
-262144
-458750
-524288
-589822
-720893
-851965
-720896
-983038
-917503
-851968
-720893
-786430
-983038
-851967
-720895
-983038
-720896
-655360
-917503
-1114109
-786429
-1048575
-1114110
-917504
-851966
-851968
-786431
-851966
-917504
-786429
-786431
-1048574
-851966
-851966
-983040
-1048573
-983040
-1179646
-1048573
-786429
-1048573
-1048574
-983037
-1048576
-917503
-1179648
-720895
-1048573
-1048574
-524288
-786430
-851968
-1048575
-1114111
-720896
-655357
-4849662
-4063230
3801089
1179651
-1376253
-1310720
-1376255
-1441789
-1310718
-1245182
-1245183
-1179647
-1245181
-1441790
-1507326
-1441789
-1769471
-1769471
-1769470
-1703934
-983038
-720896
-655359
-655360
-720896
-786429
-917501
-851968
-786429
-720896
-917503
-917501
-917503
-655360
-655360
-917502
-983037
-917501
-851966
-851966
-851968
-917504
-851966
-917502
-851968
-917504
-851966
-720893
-786429
-917504
-655358
-786430
-983037
-917501
-983039
-720896
-851967
-917503
-1048573
-917503
-720893
-1048573
-851968
-917503
-1048574
-983038
-983037
-720896
-1114109
-1048576
-786431
-1310717
-1245181
-655359
-720895
-720893
-917503
-851965
-524286
-655358
-5046271
-3538943
4063234
1376258
-458749
-1245182
-983039
-851965
-917502
-1114110
-1310717
-1245184
-1310718
-1245182
-1179646
-1507326
-1638400
-1835005
-1966077
-1638400
-1179645
-720895
-458749
-262142
-262144
-655357
-655359
-589824
-458752
-524287
-1048573
-1048573
-1048574
-1114112
-851967
-786431
-917504
-851965
-983039
-1048575
-983037
-917501
-851968
-786429
-851967
-851966
-851968
-720893
-851966
-983037
-786432
-786430
-917503
-1114109
-1114110
-1114112
-1179647
-1179645
-1310719
-1179647
-1179648
-1114112
-1114112
-1179647
-983039
-1376254
-1245183
-1245184
-1114112
-1179648
-1048576
-983039
-917501
-917504
-851968
-1114110
-917502
-5242879
-3932157
3866627
917505
-1114112
-1441789
-1179647
-1310720
-1245182
-1310719
-1245183
-1507325
-1376256
-1048575
-1310720
-1441792
-1507328
-1507328
-1376256
-1245184
-983037
-327677
-131069
-196608
-327679
-655357
-524286
-589821
-851966
-917501
-917504
-786431
-655359
-720894
-720896
-786432
-917503
-983037
-983039
-983037
-1114109
-1114112
-1114110
-1114109
-1310718
-1310718
-1114112
-1310720
-1310718
-983038
-1114110
-917502
-1114110
-1048575
-917504
-1310719
-1114111
-1245184
-1441792
-1310718
-1441790
-1114111
-1179646
-1376253
-1114112
-983040
-1245183
-1048576
-917504
-917501
-786430
-983040
-983040
-524286
-3670014
-5767165
2359299
2490368
-720894
-1179647
-1114111
-983038
-983038
-917502
-851966
-1179646
-1245182
-1179645
-1179648
-1179648
-1376254
-1703933
-1441790
-1114110
-1048576
-655357
-262143
-327678
-327679
-589821
-720896
-786431
-720895
-983037
-917503
-786432
-720895
-786430
-917503
-851966
-851968
-786431
-983038
-851966
-983037
-917501
-1114111
-917504
-851965
-720893
-851965
-720895
-1048573
-786432
-786432
-917502
-786431
-655357
-917501
-589823
-589823
-786431
-786429
-786431
-786432
-983037
-1048573
-983040
-1179645
-1507326
-1114109
-1114112
-1048573
-983039
-851966
-983037
-917502
-983038
-458751
-3342333
-6029309
-2424829
3735554
1
-1179648
-1441792
-1245183
-1441792
-1245182
-1310717
-1245183
-1245184
-1114112
-1245183
-1179647
-1376256
-1769469
-1441790
-1703933
-1572862
-589824
-393213
-131071
-262141
-589822
-655357
-589823
-720895
-786430
-1048575
-1179647
-1245181
-1114109
-1179648
-851968
-983040
-1179647
-851967
-983038
-1048575
-917504
-1114110
-1048573
-1179648
-1310720
-851967
-1245182
-1441790
-1376256
-1114111
-1048576
-1179648
-1048573
-1114111
-1179646
-1376254
-1441792
-1310719
-1114110
-1179647
-1310717
-1310718
-1048575
-983039
-1114109
-1245184
-1310720
-1310717
-1441789
-983038
-983037
-786429
-983039
-1048573
-786429
-720895
-2359294
720897
3735552
-524285
-1048575
-1376253
-1245181
-983038
-1048573
-1114109
-1114110
-1114111
-1048574
-1114109
-1376254
-1441790
-1245184
-1441789
-1441791
-983038
-196606
-65533
65539
-327680
-589821
-786429
-983037
-851965
-851965
-1048573
-851965
-851966
-786431
-589823
-458749
-524286
-720894
-917503
-851966
-1048573
-917504
-851966
-786432
-720895
-917503
-917503
-917504
-1114111
-1048575
-1048573
-983039
-1048573
-786431
-983037
-917502
-983040
-1048576
-983037
-1048573
-983039
-983037
-1048573
-1245181
-1245184
-1179646
-983038
-1114109
-851968
-786431
-983040
-983040
-1310720
-1245182
-1114111
-1245183
-1310717
-983037
-786430
-983037
-786432
-917501
-458750
-1310717
-5832702
-1638399
4128768
2424834
-1048574
-1245184
-1179646
-1048574
-1114112
-1376253
-1179647
-1245181
-1048576
-1179646
-1245182
-1703933
-1769470
-1703934
-1769471
-1507325
-983038
-458752
-327679
-393215
-589823
-786431
-786430
-720893
-786432
-1114111
-1048576
-983040
-1245183
-1310719
-1179645
-786432
-917501
-983040
-917503
-1114110
-983040
-1048574
-1114110
-1114111
-1179645
-1179647
-1114112
-917501
-1114112
-1048574
-1245181
-1179645
-786431
-983039
-1245183
-1114112
-983039
-983038
-983037
-1245182
-1310717
-1441792
-1441790
-1179646
-1114111
-1245183
-1376255
-1310717
-1310718
-1310719
-1048574
-1114110
-983037
-1245182
-1310718
-1179647
-720895
-1310719
-6291455
-2031615
3866626
2
-1310719
-1572863
-1572861
-1572861
-1310718
-1310718
-1179645
-1179645
-1048574
-1376254
-1703933
-1703934
-1507325
-1441791
-1179645
-589822
-458751
-262142
-262142
-524288
-655360
-720896
-655358
-720896
-655360
-851968
-851967
-655360
-720895
-851967
-851968
-983039
-851966
-851967
-1179648
-917502
-983037
-983038
-720894
-917504
-983039
-786429
-917501
-917502
-917504
-851965
-851968
-851966
-786431
-851968
-720896
-720896
-983038
-851965
-786430
-786430
-917503
-786432
-1048573
-917503
-917501
-720895
-786430
-720893
-1048574
-983038
-917502
-851967
-983038
-1114109
-1114111
-589824
-851967
-5308414
-3342333
4128768
1179650
-1048573
-1310720
-1114110
-983038
-1114111
-1048576
-1245181
-1114111
-983037
-1114112
-1245181
-1376256
-1572861
-1638400
-1507325
-1179647
-524287
-327680
-131070
-458751
-786429
-786430
-720894
-655360
-720895
-786432
-1179647
-1114111
-1114109
-983040
-720894
-917503
-1048575
-1048575
-1376255
-1114112
-1179648
-1245182
-1114110
-1179646
-1048576
-917503
-983038
-983038
-917501
-1179648
-1179648
-1114111
-1376253
-1048576
-917504
-1048573
-1179648
-1179645
-1114110
-1376256
-1376256
-1245181
-1048576
-983039
-917501
-851967
-1114109
-1179646
-1048574
-1048574
-720896
-720894
-589823
-786432
-983040
-917501
-524288
-3801088
-6160382
-1310719
3997696
-327678
-1179647
-1507326
-1310719
-1245183
-1245181
-1376256
-1507327
-1245181
-1114112
-1245181
-1376255
-1572863
-1703935
-1703934
-1638400
-786430
-589823
-589821
-524287
-589822
-786429
-1114110
-1245182
-983040
-1114109
-1179648
-1245182
-1179645
-851967
-983037
-917501
-983037
-983040
-917504
-983039
-917501
-917501
-1179647
-1114110
-983038
-917501
-917502
-1048573
-983038
-786430
-720894
-786431
-720896
-851965
-983037
-851967
-983039
-851968
-983037
-983037
-1179646
-983037
-1179647
-983038
-1048576
-1114112
-917503
-1179648
-1179647
-983037
-1048576
-720894
-720896
-786429
-786429
-720895
-1179645
-524286
-3080191
-5898238
1835009
3014656
-786431
-1245183
-1179645
-1114109
-1114110
-983040
-1048576
-1245183
-1048575
-1048573
-1114112
-1507325
-1769469
-2031616
-1310718
-1310718
-983038
-262144
-65534
-524286
-655359
-524288
-786432
-786429
-655359
-720894
-524287
-589821
-1048576
-917503
-655360
-786431
-983039
-1179647
-1179648
-917501
-1245183
-720896
-917502
-983038
-786431
-917502
-1179645
-786431
-786430
-851966
-655358
-589824
-786430
-983038
-983037
-917504
-983040
-1048575
-1114111
-1245182
-1114109
-1048576
-1572861
-1245182
-1441789
-1179648
-1179648
-1310719
-1310719
-1507326
-983038
-1114112
-1179646
-851968
-720894
-851965
-983037
-393216
-1179646
-5832703
-2752511
4063235
655361
-1245183
-1245184
-1114110
-1114109
-983039
-983038
-917501
-1114109
-1048573
-1179646
-1572862
-1572864
-1703935
-1179646
-524286
-262141
65536
-196607
-458749
-458750
-524287
-917501
-983037
-720895
-786431
-1048576
-1114110
-786431
-655357
-655357
-1179645
-1114112
-786431
-1179648
-1179648
-917503
-1114111
-1114109
-1179646
-1179647
-1114111
-1114112
-1048575
-1179645
-1179647
-1245183
-1245183
-1245181
-1310718
-851968
-1245183
-1507328
-1245181
-1179646
-1114111
-1048576
-1179646
-1048576
-1376254
-1507328
-1245183
-1114111
-1048573
-983038
-1179648
-1441789
-1507325
-2424829
3932162
262146
-1310719
-1507326
-1310718
-1179646
-1179646
-1048576
-1179647
-1310720
-1572863
-1638399
-1835005
-1703934
-1376253
-720894
-327677
-196608
-262143
-458751
-655360
-786430
-655359
-720896
-851968
-786432
-851968
-917501
-655360
-655360
-720895
-655358
-917501
-851966
-983039
-983040
-917502
-1048576
-917502
-983040
-786431
-983037
-983039
-786429
-983037
-917504
-983039
-917503
-1048573
-983038
-917503
-1048576
-1048573
-917504
-983038
-983038
-1179647
-983039
-1114112
-1048574
-983038
-983039
-917504
-1179648
-1179648
-917502
-917502
-917502
-786430
-1048575
-655358
-851966
-5570558
-2752510
786435
-1179645
-1245182
-1114111
-1179645
-1179648
-1179645
-1310719
-1245181
-1245183
-1376256
-1507327
-1376256
-1507328
-1376253
-1376253
-917503
-196606
-131071
-131071
-262143
-655358
-524287
-524286
-589824
-917502
-917503
-786432
-851968
-983037
-786432
-917503
-917501
-917503
-917501
-917502
-917502
-1245183
-1179647
-1114110
-1179647
-1441789
-1310719
-1114110
-983039
-1114111
-1048575
-983037
-983037
-1114112
-1179648
-1310719
-1441790
-1507325
-1441791
-1245184
-983040
-983040
-1179648
-1114110
-1179648
-1048575
-851968
-1179645
-1245183
-1376254
-1245182
-655360
-720894
-720894
-1048576
-1179648
-655358
-3735552
-5636095
-1572864
3866626
-65535
-1310717
-1376253
-1245181
-1310719
-1245182
-1245181
-1376253
-1048574
-1048574
-1310719
-1441791
-1507327
-1572863
-1638397
-1507327
-1179645
-720894
-262143
-327678
-131072
-262144
-262143
-262144
-524288
-655360
-655358
-786429
-851967
-720895
-786431
-1048574
-983037
-851967
-720895
-720893
-786430
-1048576
-917501
-983038
-786432
-983038
-983038
-983037
-720896
-851968
-983038
-786432
-655357
-917504
-1048573
-1245181
-1114112
-1048575
-983037
-917503
-851965
-786431
-917501
-917501
-1245181
-1441789
-983037
-720895
-983037
-1048575
-983037
-524285
-3276799
-5701632
-1900544
4390912
131075
-1245183
-1703933
-1245181
-1114111
-917504
-1245183
-1179646
-983039
-1048576
-1507325
-1507328
-1638397
-1441790
-1441792
-1376255
-1245184
-655357
-262143
-458750
-655358
-655360
-589822
-786431
-983037
-786430
-1245183
-1310720
-1310717
-1310719
-1310717
-1310718
-1245181
-1048574
-1048574
-1179647
-1179645
-917504
-720896
-1048575
-720894
-851966
-1179646
-1245181
-917503
-983040
-1179646
-983037
-1179648
-1245181
-1114112
-1179646
-1048573
-1310720
-1048573
-983040
-1310718
-983037
-1179646
-1179645
-655359
-1114110
-1179647
-983040
-851965
-1114110
-1179647
-1245183
-917501
-1245183
-5570558
-3407872
4128770
786435
-1245182
-1572863
-1245183
-1114110
-1376254
-1179648
-1310719
-1310719
-1245181
-1114112
-1507326
-1572861
-1572864
-1769471
-1507325
-1179647
-786430
-262143
-65535
-327678
-393214
-589821
-786429
-720895
-917504
-1048576
-720896
-917504
-917503
-524285
-917502
-917503
-851968
-1114112
-1179647
-1179647
-917502
-983038
-1048573
-917502
-786429
-917501
-983039
-917502
-786432
-720895
-917502
-786432
-851967
-720896
-786432
-851968
-655359
-655360
-917504
-983038
-786429
-851968
-851968
-851968
-983039
-786432
-917503
-1114110
-1114112
-1114111
-1441791
-1376256
-1179645
-1179647
-917504
-983040
-1048575
-1048573
-851967
-196608
-983039
-5767165
-524286
4521987
2686978
-589821
-1048573
-851968
-1048576
-786429
-917504
-983037
-1245181
-1114109
-1310717
-1769470
-1835008
-1769472
-1703936
-1114112
-458750
-589822
-458750
-720895
-1114112
-1048573
-786429
-917504
-1245184
-1179647
-1179646
-1245182
-1376253
-1245183
-983037
-983037
-1245181
-1179648
-1179645
-1310717
-1048576
-1114110
-1310718
-1376256
-983039
-917504
-1048575
-1376253
-1048576
-1310719
-1245181
-983038
-1179648
-1179645
-1179647
-983037
-1048575
-1114110
-1114110
-1114111
-1179647
-1179647
-1114112
-1179648
-1245183
-1376253
-1376254
-1310718
-1376254
-1114109
-983039
-1114109
-1245181
-1376254
-1179647
-851967
-786432
-5439486
-3932158
3670019
786432
-1245182
-1703933
-1310717
-1441791
-1245184
-1179645
-1310720
-1376253
-1376254
-1310720
-1572862
-1638398
-1835005
-1572864
-1376255
-720893
-655357
-262142
-196605
-327680
-327678
-458750
-393213
-655357
-786432
-983040
-1245184
-1114112
-983040
-655357
-589822
-917503
-786429
-786430
-786430
-655357
-655360
-917502
-983040
-983038
-917503
-1114109
-1179647
-1048576
-1179646
-1048573
-983040
-983039
-720896
-917503
-786431
-1179645
-1245181
-983039
-983037
-1179647
-1048576
-1048576
-1441791
-1179647
-1179648
-1179646
-1310720
-1245181
-1245183
-983040
-917503
-983039
-1048576
-1179647
-655358
-1310718
-5898240
-2621438
4128771
589824
-1245184
-1376255
-1179645
-917504
-983037
-1114109
-1310717
-917504
-1114109
-1441789
-1572863
-1638397
-1441790
-1310719
-851967
-458750
-131070
2
-327678
-458749
-524288
-655360
-720896
-851968
-851967
-917502
-917502
-917503
-720893
-851968
-1048573
-1048573
-983039
-1114109
-851968
-786432
-851967
-786432
-917503
-851966
-786431
-786432
-917501
-917501
-917501
-917504
-851966
-1114112
-983038
-917503
-983040
-1114111
-917501
-851968
-851967
-851965
-720894
-786432
-917504
-655358
-720896
-851965
-983039
-1179646
-1245184
-1376254
-983037
-720895
-589821
-983037
-1048574
-1179648
-524288
-2621439
-3604479
3473410
851968
-1179648
-1638397
-1376254
-1310718
-1376255
-1572863
-1507328
-1310717
-1310717
-1441790
-1310720
-1310720
-1638398
-1638397
-1572864
-1376256
-917501
-524287
-393215
-327678
-458751
-720893
-786430
-589824
-786429
-655358
-917504
-786430
-1048573
-917501
-851968
-1114111
-1114110
-851966
-917503
-983038
-1048574
-1179647
-1114110
-1310717
-1245182
-1114109
-1048575
-1179648
-917502
-1048574
-1048576
-1179647
-1310719
-1114112
-1114110
-1179645
-1310718
-1441789
-1048573
-1179648
-1245183
-1048574
-1048573
-1179647
-1179648
-1048574
-1245181
-1179646
-1179646
-917502
-917502
-786431
-983039
-983039
-589822
-1507328
-6422526
-1048573
3866626
-327678
-1376256
-1572862
-1245184
-1048576
-1179645
-1114110
-1048576
-1179648
-983038
-983039
-1114111
-1441791
-1638398
-1703935
-1638400
-1114111
-655360
-327677
-196608
-262144
-458750
-589821
-851966
-851968
-786429
-851965
-720894
-1048575
-786430
-720896
-655358
-524286
-786431
-917503
-720896
-983039
-917501
-983040
-917502
-720894
-983040
-1114110
-983040
-983040
-1048575
-983037
-851967
-917504
-786429
-917504
-851965
-917501
-1048574
-1048576
-786432
-786432
-917502
-983039
-983039
-917502
-720894
-720894
-851966
-786431
-655360
-983037
-983039
-983040
-983037
-786429
-589822
-720896
-983039
-1245182
-458750
-2752510
-6094846
1310721
3276803
-655359
-1179648
-1245184
-1048573
-1114109
-1245184
-1245183
-1441789
-1048574
-1114109
-1179647
-1310720
-1703936
-1900542
-1835007
-1638397
-1310720
-917504
-524287
-458752
-262143
-393216
-720896
-851968
-851967
-917503
-983040
-851965
-786430
-655360
-720894
-786431
-720896
-851965
-983038
-851967
-786432
-851966
-720893
-917502
-917501
-1048576
-851967
-851968
-917502
-786431
-720896
-983037
-1179648
-1048575
-983040
-983038
-983038
-1245181
-917501
-983037
-1114111
-983040
-1245184
-1048574
-917503
-1310717
-1310718
-1441792
-1507327
-1376254
-917501
-1179645
-1114112
-1245184
-1048575
-1114109
-2752509
-6160383
1114112
2883587
-1048574
-1376256
-1310717
-1179646
-1179645
-1179647
-1114110
-1179648
-1179647
-1179646
-1245183
-1376253
-1703936
-1703933
-1572864
-1703935
-1179645
-393216
-196606
-393214
-524286
-589822
-720896
-917502
-1048573
-786429
-589823
-786430
-851966
-851965
-720895
-851968
-917502
-851966
-851965
-786432
-720895
-720895
-917501
-1048574
-786430
-786429
-983037
-1048574
-1048576
-1114111
-1441790
-1048574
-1114111
-1376253
-1114110
-983038
-1048575
-917502
-1114109
-1179648
-1114110
-1245183
-1376256
-1441790
-720894
-786431
-786429
-720895
-851968
-917501
-327680
-1966079
-6422527
-65534
3932162
-65534
-1048574
-1114110
-983038
-1114109
-1179646
-1048573
-1114112
-1179645
-1179645
-1179645
-1441790
-1703935
-1572862
-1572863
-1310718
-983037
-524286
-458749
-393213
-589822
-720894
-786432
-589824
-655360
-851966
-851968
-851966
-655360
-786429
-589822
-655359
-917501
-917504
-983038
-917503
-917501
-786430
-917504
-983037
-851968
-983038
-1114111
-851965
-851965
-720896
-720896
-720895
-786430
-983040
-917502
-1048573
-1048575
-917503
-917501
-851966
-917503
-917504
-786431
-1048576
-1048573
-917504
-917501
-983038
-851968
-851965
-917501
-786430
-1048575
-851966
-655358
-524285
-655359
-983037
-1048573
-327680
-2752512
-6291455
-3473408
3670019
-1441792
-1507325
-917501
-1310719
-1376253
-1507328
-1376254
-1376254
-1310719
-1376253
-1572864
-1769472
-1900544
-1703935
-1310719
-786431
-655357
-786430
-786429
-851967
-786432
-655359
-983037
-720894
-786429
-1179645
-983037
-851965
-917501
-917503
-851966
-1114110
-1048573
-983039
-1048575
-1048576
-1310719
-1179648
-1114112
-1441789
-1310717
-983040
-917503
-1048573
-1179646
-1179646
-1245183
-1048576
-1245184
-1245183
-1114112
-1376255
-1376253
-1376254
-1179648
-1245184
-1310720
-1048573
-1048573
-1245182
-1179647
-1179645
-1310717
-1114110
-851966
-655359
-1114110
-983039
-917503
-1179646
-327680
-3211263
-5767168
2949121
-917502
-1179646
-1245182
-1376253
-1179645
-983039
-1048573
-1310717
-1179647
-983037
-983037
-1441791
-1441790
-1376253
-1376254
-1310720
-983040
-655357
-327677
65536
-65536
-458750
-655357
-524287
-458752
-786430
-917502
-720895
-720896
-851967
-786432
-851967
-983037
-917501
-851965
-917501
-917504
-917501
-655359
-1048573
-1048574
-1048575
-1245184
-917504
-983039
-851965
-917503
-1048575
-786431
-1114111
-1114110
-1048575
-1245183
-1179645
-1245184
-1245183
-983039
-1376256
-1376254
-1376253
-1048576
-786432
-720893
-786431
-917502
-1310717
-1048576
-655358
-5308415
-2752510
393217
-917501
-1703935
-1048574
-983037
-1114110
-917504
-983037
-1310718
-1114112
-786432
-1245183
-1441792
-1638397
-1507328
-1638398
-1310720
-1048573
-589824
-589823
-589821
-786430
-983038
-851968
-851967
-851967
-983040
-983040
-983040
-1179646
-1048573
-1310720
-1507326
-1179646
-1310718
-1376256
-1310717
-1507325
-1245184
-1114109
-1048575
-983038
-786429
-1179645
-1376254
-1048573
-786432
-983037
-983039
-1114109
-851968
-851966
-983038
-1179645
-983040
-917504
-983039
-983040
-983039
-1048575
-983040
-1048576
-1376255
-720895
-851965
-917504
-655358
-2293757
-6291454
524291
4128768
-262144
-1114109
-1310717
-1114111
-720895
-983037
-1048573
-917504
-917504
-1114109
-786431
-1179645
-1179648
-1441789
-1507325
-1245181
-917504
-458750
-65536
-131070
-131071
-196607
-393215
-327679
-655357
-655358
-589824
-458751
-655357
-655357
-655357
-786429
-720893
-917501
-1114109
-983039
-786432
-983038
-1179646
-917501
-917503
-851968
-983040
-917503
-983037
-917503
-983038
-851967
-983037
-1114112
-917503
-917503
-1179647
-1245183
-1245183
-1507327
-1310719
-1048574
-1179647
-1114112
-1114110
-1441791
-1179646
-1245182
-1310719
-1179645
-983037
-1114112
-1179645
-1179645
-1114109
-1310719
-1048576
-786432
-917501
-1048573
-786429
-1114111
-655360
-3801085
-5963775
-1966080
4128770
65537
-1441789
-1441789
-1245182
-1179648
-1179645
-1114109
-1245182
-1441789
-1179646
-1179647
-1376253
-1441792
-1769471
-1638399
-1572864
-1245183
-655357
-393215
-327678
-262142
-327680
-720893
-589823
-589824
-655358
-655358
-1048576
-983038
-851967
-917503
-917504
-851966
-786430
-1114109
-1048576
-1114109
-1179646
-1114109
-1245184
-1245183
-1048575
-1179647
-1245181
-1114109
-1179647
-1245184
-786432
-851966
-1245181
-1114112
-1245181
-1114112
-917503
-1114110
-1179645
-1376254
-1179647
-1245183
-1179646
-1179645
-1310717
-1179646
-1114110
-1376256
-1179647
-1310718
-917504
-851965
-917502
-1048574
-917501
-1310717
-720894
-2293760
-6553597
786435
3604480
-524288
-1572861
-1507326
-1048573
-1114112
-1114112
-1507325
-1441789
-1376256
-1245183
-1245184
-1310720
-1507327
-1572863
-1703934
-1507326
-1114112
-917502
-720894
-327677
-262141
-327677
-458751
-524286
-917501
-851966
-851966
-983040
-983039
-720894
-851967
-917503
-983037
-1048574
-917504
-1179645
-1245182
-1048573
-1114109
-1245183
-1245181
-851968
-720895
-917504
-1114112
-1114112
-786431
-1048575
-1048576
-1048576
-1245184
-1114112
-1245182
-1310717
-1310720
-1245184
-1376255
-1179645
-1245183
-1310718
-1572861
-1507326
-1245181
-1310720
-1114112
-983038
-1048574
-1048573
-1114112
-1179646
-1048574
-786429
-3801085
-6094845
2621440
3014659
-720896
-1376255
-1376254
-1245182
-1179645
-1310719
-1376254
-1245181
-1245184
-1376254
-1441791
-1572863
-1572864
-1572864
-1376255
-1310717
-851965
-196606
-65535
-65536
-327679
-524286
-589821
-393216
-851965
-917503
-983038
-1048574
-786432
-720896
-655359
-524286
-524286
-655357
-917502
-786431
-655357
-655358
-917504
-851965
-720894
-917504
-589824
-655360
-851968
-786431
-851967
-786431
-786429
-983037
-851966
-983039
-1114111
-1048574
-720894
-1048573
-786431
-786432
-983040
-917503
-1114110
-786431
-917502
-983038
-1048574
-983037
-1048574
-1245182
-1048574
-1245182
-1114109
-786431
-786429
-720894
-917504
-1114110
-655360
-589823
-4128765
-5505022
2883587
2162690
-1179647
-1507325
-983039
-1048573
-1179647
-1310720
-1441790
-1048575
-1048574
-1245181
-1310719
-1441789
-1507327
-1638398
-1572864
-1572863
-983038
-393214
-458750
-393213
-262144
-524287
-851967
-720896
-655360
-851967
-851965
-786431
-1114112
-1179647
-917504
-786429
-851967
-1048573
-1114111
-851968
-983040
-1048575
-1048576
-1179645
-983038
-1048573
-1114111
-1114110
-1114111
-1114112
-1114111
-1048576
-1179645
-1048573
-1179645
-1048574
-851967
-1048574
-1114109
-983038
-786432
-983040
-1310717
-1245181
-1114112
-1179648
-1310718
-1114109
-1114111
-983040
-1179648
-1376253
-1245181
-917504
-983039
-917503
-786429
-1114111
-983039
-917503
-589824
-4653054
-4587517
3538946
1376256
-1179648
-1310719
-1310719
-1441792
-1507328
-1310720
-1245181
-1310719
-1179648
-1310717
-1507325
-1376254
-1703933
-1638399
-1638397
-1703935
-1441792
-917503
-524288
-262143
-327679
-655359
-720896
-983040
-917504
-851966
-983037
-917501
-851968
-983039
-655360
-786430
-851965
-1114111
-1048573
-851968
-983039
-983037
-851967
-917503
-1048576
-786431
-1048574
-983040
-786431
-917504
-655359
-589821
-720894
-1048576
-720896
-917503
-1048575
-983037
-1048575
-1114112
-983037
-917502
-983038
-1114110
-1114109
-851968
-1048575
-983040
-917502
-983037
-1048574
-1114111
-983040
-1179646
-1114109
-720895
-720893
-655359
-1048573
-917502
-917503
-851968
-2621440
-6356990
1179649
3276803
-655357
-1310717
-1638398
-1441792
-1245183
-1179648
-1048576
-1179646
-1310717
-1310720
-1507325
-1572864
-1572864
-1703935
-1769471
-1572862
-1114112
-655360
-327677
-131069
-262142
-524288
-720894
-655360
-524287
-851967
-917504
-655359
-720894
-589824
-655357
-655358
-589823
-720896
-917504
-983038
-983040
-983040
-983037
-851966
-1114109
-1114112
-786431
-917504
-1114111
-917502
-851966
-786429
-720894
-983037
-1048574
-1310717
-983038
-983038
-917503
-983037
-1048575
-1048573
-1048573
-1179646
-917501
-1179646
-1048575
-1245181
-1179646
-1376256
-1179648
-917503
-917502
-917503
-1179646
-1179646
-1114110
-589822
-2228221
-6488064
-196605
3538946
-458752
-1114109
-1310717
-1179646
-1179647
-1114112
-1245183
-1376256
-1179646
-1245183
-1245184
-1507326
-1703933
-1703934
-1376256
-917504
-458749
-327680
-655360
-458751
-720895
-917501
-786430
-786432
-851965
-917503
-851968
-851966
-917502
-851966
-720895
-1048574
-1179645
-1048576
-917502
-917501
-1048573
-1114110
-1114109
-917504
-851967
-1114111
-1048573
-786432
-983038
-851966
-1114112
-983039
-589824
-720894
-851965
-655360
-786430
-851968
-851965
-720896
-851965
-786432
-1048576
-983040
-917502
-1048574
-1114110
-1179648
-1507325
-1441789
-917503
-786431
-917501
-1048573
-1114112
-589824
-1114111
-6029310
-5963775
2359296
2555906
-655359
-1310720
-1245184
-1245181
-1310718
-1310719
-1572864
-1310720
-1048576
-1179648
-1310720
-1441790
-1507325
-1703935
-1507328
-1179646
-1048576
-786431
-262143
-458749
-524288
-655357
-655360
-786429
-720894
-655358
-786429
-983037
-851965
-917503
-917503
-851968
-917504
-786432
-655360
-720893
-1114111
-1114112
-1245181
-1114109
-983040
-917501
-917501
-786430
-917504
-917504
-720895
-983040
-1048574
-983039
-1114109
-983040
-1114111
-1048575
-983037
-1114111
-917503
-1048576
-1114109
-1048575
-720893
-786431
-917503
-786431
-983039
-851965
-983040
-2949118
-6488064
1507330
3342336
-589823
-1376256
-1245181
-1376253
-1376253
-1376254
-1179646
-1114111
-1179646
-1114112
-1572863
-1703933
-1638400
-1441791
-983037
-524286
-262142
65536
-262144
-393215
-393216
-524288
-720894
-655357
-458750
-655357
-1114109
-1048573
-720896
-1048573
-1048575
-851966
-851966
-983040
-917503
-851968
-917504
-851968
-1048575
-1179645
-1114109
-1048575
-1048573
-1179646
-1179646
-917501
-720895
-917502
-1114111
-1114109
-1048576
-1114109
-1048575
-1114109
-1245181
-1245184
-1179648
-1179648
-1245181
-1114111
-1114109
-1048574
-1179645
-1048573
-1048575
-1114111
-1507325
-1507326
-1376254
-1179645
-1048573
-720896
-983038
-917503
-983038
-458751
-1507325
-6094845
-1507327
4325378
-65535
-1441791
-1507326
-1114111
-851967
-1048574
-1441790
-1376256
-983039
-1245181
-1245182
-1245183
-1572862
-1638398
-1703936
-1638398
-1245183
-851967
-393214
-327680
-262143
-262141
-393216
-786431
-655359
-720894
-786429
-786432
-917503
-655360
-655360
-524286
-655358
-786432
-917501
-983038
-983037
-786430
-720894
-589824
-917502
-917501
-720896
-983037
-1114110
-1179645
-917501
-1179646
-1114109
-1245183
-1048575
-1048574
-1179646
-1179648
-1310719
-1507327
-1310719
-1245181
-1441792
-1376254
-1310717
-1310717
-1245184
-1245184
-1441789
-1572864
-1310720
-1441790
-983039
-917504
-589824
-1114112
-1376253
-1179647
-524285
-4194302
-6356991
-917501
3801091
-393215
-1245181
-1310719
-917503
-1245181
-1114109
-1179647
-1310717
-1245184
-1376254
-1245182
-1376255
-1572864
-1507326
-1572861
-1310718
-1245184
-720894
-262141
-131072
-65535
-262143
-458751
-786431
-720894
-720895
-786430
-720893
-851965
-786430
-720893
-655359
-983038
-655360
-589822
-983040
-720895
-655360
-1048575
-983040
-1179646
-1245181
-1048573
-983038
-1048573
-851966
-655358
-655360
-983039
-851967
-786431
-786431
-786432
-1114109
-1114112
-1114110
-1179646
-1245181
-1245183
-983037
-851967
-917504
-1048573
-1114110
-1179648
-1114112
-1310720
-1179647
-1507326
-1310717
-786432
-786431
-983038
-1245182
-1441791
-1114111
-1245181
-5636094
-3473406
3538947
720897
-1376256
-1638398
-1310720
-1114110
-1179648
-1245183
-1114110
-1114109
-1245182
-983037
-1179647
-1310720
-1572864
-1769471
-1572862
-1638397
-1376253
-458749
-327680
-196606
-327679
-393216
-458751
-720894
-786431
-589824
-917503
-1114110
-1179646
-1048574
-655359
-983039
-1179647
-1048576
-1114109
-1245182
-1179648
-1179646
-983040
-1179648
-1245183
-1048573
-1245182
-1245184
-1310717
-1441789
-1179645
-1114110
-1245181
-1245183
-1310717
-1179648
-1179646
-917502
-1048576
-1048576
-983037
-1179647
-1048575
-1114110
-1179647
-1114109
-1507328
-1310719
-1179648
-1376254
-1048573
-1114109
-851968
-851967
-1114111
-917504
-458752
-3801088
-5439488
2555905
3866627
0
-1376255
-1441790
-1310718
-1245182
-1572862
-1310719
-1179648
-1179646
-1245183
-1245183
-1310719
-1245184
-1507326
-1572863
-1507326
-1114111
-720894
-589824
-196607
-327677
-262144
-524287
-917501
-786431
-589822
-851967
-983040
-1048573
-1048574
-786432
-720893
-524287
-786429
-917503
-917502
-983040
-1114110
-917502
-786432
-851966
-851965
-917501
-917503
-1048575
-720895
-720896
-917502
-720894
-655357
-851965
-851965
-1048573
-983039
-917503
-983040
-917501
-720893
-786429
-786432
-720896
-786430
-851967
-851968
-786430
-786431
-1048574
-1048573
-1114112
-917504
-589824
-655359
-786430
-1048576
-1114110
-1114109
-458749
-3604477
-5767167
2162690
2424835
-786429
-1310717
-1441791
-1179646
-1048576
-1114110
-1179647
-1179645
-1114111
-1310718
-1179645
-1245182
-1572861
-1638397
-1703934
-1245182
-720893
-589821
-458752
-589823
-720894
-851967
-983039
-1048574
-1245182
-1245183
-1179647
-1114110
-983039
-983038
-917502
-851967
-851966
-983040
-917503
-1048575
-1114109
-1179648
-1376254
-1114110
-983037
-1245182
-1048575
-786431
-1114110
-983040
-1048573
-983039
-917501
-917503
-851968
-917504
-1245182
-1245184
-1114110
-1179648
-1245183
-983038
-1179646
-983038
-786432
-917503
-917504
-1179647
-1179647
-1114112
-1441791
-1572862
-1310719
-1114111
-1048576
-917502
-851966
-1048574
-720896
-851967
-5308415
-3670015
3801091
851968
-851967
-1376255
-1310720
-1114110
-1179645
-1048574
-983039
-1310719
-1376253
-1245184
-1376255
-1507325
-1769470
-1638397
-1245184
-1179645
-655358
-327680
-196608
-262144
-262144
-458749
-720895
-786430
-720895
-655359
-851965
-917501
-524285
-720894
-720895
-720896
-1114111
-917501
-786431
-917503
-851967
-983040
-1048575
-851968
-1179645
-1048574
-917502
-786430
-851966
-720893
-655359
-917503
-917502
-851967
-1114110
-983039
-851965
-983038
-1048575
-786432
-917503
-1114109
-983037
-1048573
-983040
-1048573
-983039
-917503
-786431
-851967
-1245183
-983038
-983039
-1245183
-1048575
-786429
-786430
-917501
-917501
-589824
-524285
-4259839
-4718589
3538944
1966081
-1245181
-1376256
-983037
-1114109
-1114111
-1114110
-1048574
-1179645
-1114110
-1245181
-1376255
-1638397
-1769472
-1769471
-1572864
-1441791
-1048574
-655360
-458749
-458749
-458750
-458751
-720895
-851965
-851966
-917504
-1048576
-851965
-983038
-983039
-851966
-786432
-983037
-1114112
-1048573
-851967
-1048574
-983039
-917501
-983039
-983040
-917502
-983039
-1376254
-1114111
-1245181
-1376256
-1310719
-917501
-983040
-917502
-1048575
-1048574
-1114110
-1245184
-1048575
-917502
-786431
-786429
-1179648
-1179647
-1245183
-1114109
-1245181
-1048573
-851967
-1245183
-1441790
-1376253
-1114111
-917503
-851967
-851966
-917504
-1114109
-983040
-917504
-5242878
-3997693
589824
3211267
-655359
-1507328
-1572864
-1179648
-1310718
-1245183
-1572861
-1376254
-1376255
-1310719
-1310720
-1376255
-1310720
-1703933
-1507325
-1376255
-1048573
-655358
-131071
-65535
-196607
-65535
-458752
-589823
-655358
-720896
-720894
-589821
-720893
-655358
-720893
-851967
-851967
-589822
-786431
-983039
-1048573
-786430
-983040
-1114112
-983039
-1048574
-983037
-851968
-1245182
-1179646
-851967
-983040
-1114109
-1179645
-1114109
-917504
-1114109
-1376253
-1376254
-1245181
-1376254
-1310717
-1048576
-1048574
-1048574
-1048575
-1310720
-1376253
-1114110
-1179646
-1245182
-1507325
-1310720
-1310719
-1376255
-1048575
-983037
-917504
-917503
-1048575
-983038
-196608
-3407872
-6029309
2228227
2883584
-851968
-1376253
-1245183
-1179646
-1179648
-1245181
-1114112
-1114110
-655360
-1179645
-851965
-1048573
-1114112
-1638398
-1507327
-1245182
-1376254
-851968
-262144
-262143
-262144
-393213
-458751
-720895
-655360
-524287
-720895
-917504
-851965
-720896
-851966
-851965
-851966
-1179646
-720895
-720896
-983040
-786432
-1048574
-851965
-983039
-1048574
-1048575
-983039
-1048575
-1114109
-1114111
-1179648
-1310717
-1245184
-983040
-1048576
-1376256
-1048573
-983039
-1048575
-983039
-1179645
-983039
-1048576
-851968
-786430
-1048575
-1114110
-1245181
-1310718
-1310720
-1376254
-1048576
-851967
-851968
-1114109
-1179648
-1179646
-851967
-4521982
-5505024
2752515
1966082
-196607
-1441789
-1572862
-1441789
-1179647
-1310718
-1441792
-1507326
-1245183
-1114109
-1179645
-1441790
-1572864
-1638398
-1703934
-1507328
-1376255
-851968
-524287
2
-262144
-524285
-393213
-655357
-786429
-720896
-786430
-720896
-720896
-851966
-786430
-589823
-458749
-655360
-917504
-851968
-917502
-983039
-983037
-917502
-851966
-917502
-983040
-1114110
-1245182
-720894
-1245181
-1245182
-983040
-1048573
-1048575
-1310717
-1245183
-1179648
-1048575
-1179646