2293760
458753
-3866621
-3997694
589824
2293762
-1376253
-4259838
-1835008
-4456445
-720895
3473408
2293761
-1572863
65537
2883586
2424833
-1376254
-4390909
-1638400
2818051
-3538944
-131071
3473408
-1507327
12582915
6291459
-3997696
2818049
-1703934
-3604480
196609
3670017
1966083
1638400
4390914
1572867
-1310717
262146
5111811
5767171
1638401
-589822
3080192
5505024
983042
524289
2097154
-1441792
-4718592
-2555902
1966080
1572866
-2490366
-3735551
1
2686979
2
-3801088
-720894
-4390910
-1966078
2490370
1376257
-4063229
262145
2883587
-393214
-4128768
2490369
-1245182
393219
4587521
3211266
-2555904
-3735549
-65536
1966080
-917503
-4063232
-2097150
-1441790
-4784126
2490368
20905987
-8257535
-3276800
262146
2031619
-1310719
-3997696
-1703935
-2097149
-3735551
262147
3866626
2359296
-1114109
-196606
4259843
5636096
-3276797
-2686974
131074
-6488063
-2818048
131075
-2162687
-5570560
-4521982
-131072
720898
-3801086
-6094847
-2752510
1048578
-5242879
-1507327
1114115
-1507328
-5111807
-3735551
720897
851969
-3080189
-5308413
-720893
4915202
3276802
3276800
5177344
1638401
-2228224
-786429
3473408
4128769
-65533
-655360
2818048
4194306
196610
393216
2097153
-1703933
-5177341
-2424830
1769473
131074
-655360
13959170
786435
-2752512
-1245181
-5701629
720898
-2621437
-5373951
-3014653
1376258
-3670016
-3866624
983043
3801090
524290
-2883583
3604482
-131071
-3407872
-1703936
655361
-2293760
-7012349
-6815741
-2293758
-393213
-3538943
-6488061
-3670016
-4063231
-5832701
-2949119
196611
-1703934
-5439485
-5111806
-655360
-196605
-4063231
-6422528
-3407870
-4521981
-5701631
-1966080
1114115
-917501
-4849662
-3735551
851969
1507330
-2555902
-5111806
-1835007
1507330
-4653053
262144
3014656
917507
-3407869
-3276798
524289
-327679
-3932159
-5111805
-1769470
1572865
-4128766
-1703933
7733251
17170433
-5570559
-5439487
1245187
327683
-3473406
-4456445
-393215
2490369
-262144
917507
3801091
327683
-2490368
-65533
4784130
4194304
-131070
-1507326
1245186
2097155
-2097151
-1048575
196611
-3211261
-6160382
-3211263
589824
-262141
-4456448
-4653053
-131072
1703939
-1900541
-5308415
983040
-2949117
-5505021
-2031613
2031616
196610
-4259837
-4653053
393217
1966080
-1638400
851971
-3080192
-4390912
-589821
3604480
65536
-5373949
-5111805
-1048573
131074
-3801086
-6225918
-2162685
-3801088
-5439485
16973824
7208963
-5505022
-3735551
-3735549
1048576
1769473
-1507328
-3997696
-1048573
-2752511
-4063229
196610
3538945
851970
-3342333
-1245182
3735552
3801091
-1048575
-4653055
-1638399
1441794
-5111805
-983039
1245187
-1835005
-5046272
-2883582
1572866
1114114
-3407869
-4849664
-917501
2097155
-4063232
65537
1638401
-1966077
-4980734
-2359296
1441793
1048576
-3014653
-4128768
-196608
2228226
-196605
1769475
4390914
458753
-4063231
-2949118
-131072
-1638398
-5963774
-6225920
-1769469
1769475
-3473408
1376259
19202050
1310721
-10813440
-2162687
917507
-393215
-4259840
-4653055
1966083
-1179647
-3735550
2752512
-851967
-2293757
1769473
5242882
3407872
-851968
-2097149
393219
458754
-4325373
-6684669
-589822
-5111805
-5898238
-2162687
589827
-1638398
-4849661
-4063229
196610
786434
-3538943
-5832701
-2228221
-3670015
-5046270
-1507327
1638403
-1048573
-4587519
-3211261
851969
1441793
-2883584
-4718591
-786429
-3342336
-3342336
1769475
3670017
1638402
-2752512
-1900542
1507330
1245186
-3080192
-4784125
-1179646
1835011
-3997695
-1310717
16449538
8454145
-10616831
-2818048
1179651
524289
-3080189
-3801087
589825
3145731
-3014653
1441793
3276801
0
-1900542
1114112
5505026
4456451
-131069
-1441792
720897
1376259
-2621438
-720894
-589824
-4915200
-6881277
-3473405
393218
-1048576
-5111808
-5177343
-917504
589824
-3080189
-65535
458753
-3932158
-5767166
-2359295
786435
-1114112
-4980736
-4915198
-786429
720897
-3080191
-5308413
851968
-3276799
-4390909
-524287
2555905
1048578
-2752512
-720894
3211267
2883584
-2228224
-4718590
983040
-3866622
-4587520
-458751
3080193
-2686975
4587521
12451842
-3276799
-720893
-3342334
-4915200
-1048575
-3604479
-4325374
-262142
1703939
-1179645
-4128767
-1441789
3211264
3276803
-458749
-1703934
2162689
-1114109
-1966079
589825
983042
-3145726
-6094846
-3473406
983041
196611
-4063231
-4456446
-262142
1769472
-4063229
262146
1376256
-2883583
-5439486
-2555904
1310722
65536
-4259837
-4325376
-262142
1769474
-3538944
1114114
2031618
-983038
-2621437
851969
5636096
-2752511
-3407871
917507
2097155
-1638397
1441792
1835010
-1769470
-5505022
15466499
11075586
-6291454
-3997695
-4063232
393217
1703939
-2031613
1441795
1441793
-2424830
-3342336
786435
4063235
2162691
-1310720
196608
4521986
4915200
-458749
-4390912
589825
-4784128
-6356990
-2490365
0
-2686974
-6094846
-4194303
720897
458752
-3604477
-5505022
-131070
-4259838
-4980736
-983037
983041
-2293758
-5767166
-3538943
1048576
589825
-4063230
-5111808
-1114111
-4259837
-4259840
65536
1703939
-2162686
-5046271
-2621440
2293763
1966080
-1835008
-3080192
-327678
983042
-5111807
-589821
655361
-3080189
-5242877
-1900543
720898
4390913
14221314
-4653056
-3473406
1966083
-4128766
393218
1572864
-2555904
-4521982
-1048576
2293760
983040
-2752512
-2162685
2752515
4456448
1048578
4259843
4587522
-589823
-4390912
-2424832
-262141
-2818047
-7077886
-6160384
-1179645
131075
-3670015
131072
327681
-4194302
-5636095
-1900543
1048577
-1769472
-5701631
-4456447
-65536
720896
-3604478
-5636095
0
-4718591
-5242877
-983040
1572867
-1441790
-5308414
-3014655
1441794
1441794
-2752509
-4587520
458754
-3932159
-4194303
2
2031617
-1179648
-4390910
-2097149
1966083
1572866
-1835005
-2359293
1179651
-1769470
-1900544
1114114
1900547
-2490368
-5046269
-2162685
2031618
983042
-2293759
-5636096
13959168
14286851
-3538941
-2883584
1376257
-2883581
-5505022
-2424830
1703937
524290
-3473405
-3342336
1179648
3211265
-1966079
3145728
3801091
-458751
-2359293
458754
3014657
-131072
-5373952
-5701632
-1441789
3
-4980734
-524286
196608
-3866622
-5636095
-2097152
1048579
-1441791
-4980736
-4128766
65539
589827
-3014653
1048576
524289
-3997696
-4784127
-917501
1835010
-1310717
-4849663
-3211261
1507328
1769474
-2359295
2162690
786433
-3670015
-3866622
131075
2621441
-327680
-3801085
-1835006
2621441
2818051
-1179645
-2490368
3145730
-851967
-2686974
327681
1900545
-2162685
-5308414
-2752509
1310721
1966081
-5767165
6815745
19005442
-327677
-8454142
262147
1179648
-2293759
-4718591
-1900543
2097154
983041
-2490368
-3211263
1376256
-2686974
-1703933
2752513
3866626
393218
-2359294
-393214
1769473
-1310718
-6619134
-6815742
-2293757
-7012351
-5701630
-1114110
-327678
-4390909
-6553598
-2818046
1114113
-786432
-4980733
-3932158
327683
1966082
-2621439
1310721
1179650
-3145726
-4849662
-1114110
2162689
-393215
-4325376
-3407870
1835009
3473408
-131070
4718595
4259841
196611
-2228222
655360
2686979
2
-3997696
-2752511
1245187
2359299
-4653055
4259841
19529731
-1900544
-9043967
-393215
1114112
-1703933
-5111807
-3211264
786434
524290
-3276799
1835011
393217
-3211264
-2883581
1638401
4259843
851968
-2621440
-1441789
720897
-1310720
-6160383
-7274495
-3014653
-7471103
-6619134
-1900543
-327680
-4194303
-7077888
-4521981
-655360
-2359296
-7012350
-7536638
-3407869
-7274495
-6619133
-1900543
-1114110
-4915197
-7274494
-4259837
-458751
-2228221
-6094848
-5767167
-1638398
-6553599
-4718591
-196607
327683
-2883584
-4784126
-327679
2883585
-786430
-6029312
-6684671
-2097152
-5832704
-1703933
-1310718
-6881280
-1441789
14221312
-2031616
-6160382
-7340029
-6488061
-1376256
-524287
-4587519
65536
-327678
-4128767
-5373950
-851966
2621440
65539
-2883584
-1048573
3407875
3211265
-917502
1703938
-917502
-6356990
-6946813
-3014654
-720893
-3735552
-7012351
-4980734
-524286
-327678
-4587520
327683
-1114111
-4784128
-5439486
-1310717
589826
-2883584
-3997696
655361
524289
-3801087
1703938
-393215
-4063230
-3276800
983043
2555905
-917502
-4063231
-1310717
2031616
1572866
-2031613
-1966080
2424832
-1769470
-2097149
1376258
1769473
-2031616
-4849662
-1310718
2752514
1769475
-4653055
11075584
18022401
-4390910
-5898240
2228224
2162690
-1703934
-3670015
-262144
2818051
720896
-3538942
-2359293
2883587
-2228224
393217
4915201
4718595
917506
-589824
1703936
2883584
-851965
-5177342
-3866622
589826
-4980734
-2490368
1703939
1441794
-2949120
-3997693
-65533
2555904
-65533
-3670015
-2031616
2228227
2555904
-983038
3080192
2228227
-2359295
-2883582
1179648
3538946
65538
-3473408
-1310718
2686976
2293761
-327678
3670018
2949120
-1114112
-786432
4063233
4390914
-524288
-3932160
-1507327
2424832
1310720
-3276799
2818048
65537
-2097150
15073283
3276801
-1703935
-1507327
-4128767
-1245182
2686979
1572867
-2490365
3801091
1507331
-2293759
-917503
3997696
4784128
-786430
2359299
6094848
3342336
-3014653
-4194303
-1245183
-5242880
-4587519
-65533
786432
-2621439
-4456448
-1507325
1769475
-327677
-4653056
-3932160
-1441791
-5177344
-3145728
983042
655362
-3604480
-4718591
-1441790
1441795
-1048574
-4849661
-3735551
393216
-5308415
-2490365
1703937
655363
-2686976
-3080192
1048578
4390912
-131070
-5439487
-4390909
393216
-5767168
-3407871
589825
-458752
-3735551
-4915200
16515074
8650752
-7471101
-4653056
-3211261
1179650
983040
-1835008
1966082
655360
-3735552
-3604479
1376256
3604481
524290
-2228222
524288
4784129
3014657
458752
2949122
-786429
-5898240
-5767165
-1703934
-196606
-3342336
-6160381
-3407869
1114114
-262143
-4980734
983043
-1048576
-5046271
-4259837
327682
1114115
-3014656
-5570560
-1835006
1769472
-65534
-3735551
2490369
-720895
-4718589
-2752512
1638402
1835010
-2949118
-4587518
-1441790
1835011
-262144
-4259838
-3276798
-589823
-3735550
-1376254
3801089
-1703933
-4194302
-851965
1966082
-1114110
-5046270
-3801086
-1966077
-3932157
-4390911
13500417
14942209
-8716285
-5570557
-1179647
1572866
-1376255
-5373949
-3407870
1114115
-4653054
-1507326
2883585
2097153
-1703936
-1966079
2686978
5373953
2162690
-1900544
-1769472
917506
-5767166
-3473407
65538
-1114110
-5111808
-5046271
-589822
1638403
-1966078
-5111805
-2490365
1835009
524290
-1900542
1703939
-393216
-4521984
-4259838
196609
1835010
-1900544
-4521983
-1835007
1966083
458754
-1114110
1966083
-327680
-3932158
-2883582
1638403
2228224
-1507327
-4718591
-2031613
1638400
131075
-4521983
1572866
-262143
-3932160
-2097149
2752514
2228224
-3211261
-6094845
-2424832
1638401
-720896
-5046269
1703938
-2031614
-4128768
14548994
4194307
-3866622
-3145726
-5439486
-1900544
1703937
-589823
-4587517
-3211263
-851968
-4063231
-1572861
3080195
2752512
-1048576
-1769471
2293762
4784131
589824
-4456446
-4521982
-3473406
-6619133
-4456446
-262141
-851968
-5439488
-5570560
-1114112
1048579
-2424832
-5701630
-3801088
655362
-5439488
-2752512
1179650
-327677
-4980733
-4849663
-327680
1769472
-1769470
-5046269
-2752511
1507330
-5111808
-2162686
1572864
-262141
-4521982
-3801085
983041
1835009
-1507325
-3407870
-393214
4456451
2097152
-524286
1835010
-524288
-4653056
-3932158
655363
1835008
-1703933
-6684672
13959171
10813441
-5177343
-2818047
2359297
-393216
-3866622
-2228223
2686979
3145731
-327677
-2359295
983042
4325378
2818049
-1048575
5439488
2424833
-1048573
786433
3604481
1638403
-4390911
-6356990
-2949117
917506
-1376254
-5046270
1572867
-2031615
-4849664
-2949117
1376257
589826
-3997696
-5242878
-1507327
1572865
-917503
-5046270
-3735549
-2228224
-5046269
-2424832
1048578
2
-4456446
-5439488
-1245183
1376259
-1769472
-5373949
-3145727
2097153
-4063230
-196607
3866627
1310723
-3866622
-5439488
-983037
983042
-3145725
-5898239
-2490367
-655357
-2555901
16121856
2490369
-4718589
-4390910
-5111806
-327680
1114115
-2228224
-4718590
-2162687
1966082
1245186
-655358
3801088
2359297
-1572863
-589823
3932160
4718593
-393214
-5046270
-3080189
262144
-1441792
-2686976
262146
-1835005
-5570560
-4718591
-393215
262144
-3538944
-5636094
-2424832
1114113
-851966
-5046269
1441793
-1507327
-4849662
-3473405
983040
1376259
-3080192
-4849662
-1048575
2293760
-65534
-3932158
2490369
-1114110
-4128766
-2293759
2228227
1769475
-1966080
-2555901
1114113
4718593
1048579
-3866623
-3473407
-1638397
-4784125
-2752511
1310723
720899
-2752511
-5373952
15466497
11927553
-6356992
-4521982
-3735552
-2621438
-5111806
-2162687
1835010
786433
-3145727
-3473408
1048579
3342339
983042
-1769472
524290
4980739
-1572864
1441794
4390914
917506
-4915197
-5767165
-1441791
131075
-3211261
-5832704
-3145726
1179649
-5439487
-2031613
1638400
-524288
-4325375
-3735552
393219
1572866
-2555904
-5570558
-2293759
1835011
917507
-589823
1966082
-196607
-4587517
-3932159
786434
1507329
-2359296
-4521984
-1507325
2162691
1114114
131074
2818050
458755
-2949120
-1900541
3276800
3080193
-2752511
-5505022
-2359295
1114113
-851968
-4849662
1572866
-786430
-7274495
6356992
16449538
-2686974
-4325375
-5177344
-1638397
1900546
-393214
-4521982
2097154
-1048574
-3932158
-1179645
3735555
3801088
-458751
-1441790
2752514
6029312
2818048
-2424830
-2555902
-1638400
-5767166
-3735550
655363
-393213
-4653054
-5242877
-1048575
1572865
-1310717
-5111807
-3670014
-2752511
-5439485
-2293760
1572865
131075
-4063230
-4390912
1769473
-1703936
-5111806
-3538942
1245187
-4849663
-2031613
-131071
-4194302
-3604478
1507331
3473411
720899
-2686976
-1703934
1507329
-5439486
-1835005
1638402
-327679
-4718591
-3276799
-983038
7798786
15990785
-6553599
-3538943
2162689
720897
-720896
2949120
589824
-3735552
-2621437
1900546
2752513
-786432
-2883581
655360
4980737
3473408
2883584
5767168
2097152
-3473406
-3670013
-196605
-196607
-4456448
-5570560
-2228224
1179648
-851967
-5177344
1310720
-1835005
-5373952
-3276800
983043
393219
-3801086
-5242878
-1638399
1245186
-983038
-5308413
1048576
-2490366
-5439487
-3407871
655361
196611
-4259838
-5046269
131073
2949122
720896
-4128766
-3342335
-2424830
-6619134
-4456447
-458752
-1310718
-5505022
-4718589
-2228224
14811136
11141120
-11206656
-3801087
-2359293
-5373949
-1835008
2031616
393218
-3932157
-3538942
851968
3473408
-458751
-3276799
-131071
4390913
-1900542
1572865
4456451
1572866
-4587520
-5767165
-1703936
-262142
-3866623
-6619135
-3866623
262146
-6225919
-2293759
1310723
-1048576
-5308415
-4390911
2
983042
-2818046
-5701630
-2555902
1376257
-196606
-1441789
1966081
-589823
-4587519
-3145728
1310720
1703937
-1507328
-3145725
1
3997699
2686977
2162688
5177345
2490370
-1048574
-983037
2162691
1572867
-3145728
-5046270
-1245183
1966080
262147
-5373952
458755
13107200
5767168
-8585214
786434
458753
-3735552
-4718590
-1245182
2031617
-131071
-3735550
2949123
-589823
-3538942
-786431
4128771
3538947
-589824
-1703933
1835010
2752513
-1572863
-6422528
-5439485
-3866624
-6815742
-4456445
327681
-327678
-5046270
-5963773
-1441792
851971
-2555903
-6291455
-4194303
-3538941
-6160381
-3473407
327681
-589822
-4980734
-4980735
-327678
1769475
-1966078
-5242878
-2490366
1507331
-5111807
-1835007
2031616
327680
-3997696
-3407870
917504
2228227
-983037
-3538942
-589821
4063234
-2949117
-917501
1441795
-983039
-4915200
-4390912
262144
1310722
-1376254
-6619133
11796480
13107201
-5505024
-4980733
1638401
-1441790
-5111807
-3866623
524290
1638403
-2621438
-4849663
-1310718
3211267
1703936
1114114
4390913
2031617
-2031615
-720894
2752514
1441794
-3866623
-6553597
-3276797
458752
-1703935
-5701631
983043
-1966078
-5439486
-3801085
655360
458752
-3735551
-5111807
-1507325
1703937
-1114110
-5439485
1179648
-2031613
-5177343
-2686975
1114115
-3145726
65539
2752514
-524287
-3801086
-1966077
-3276800
-327680
3866627
3932161
-1835007
-3997696
-262143
1572866
-4915200
-3080190
-2031614
-3735550
-4194303
15794179
13041664
-4063231
393218
2228224
-983038
-3801086
-1638397
2818048
-3538944
-393214
3538944
1507330
-2424829
-2293758
2752514
5242880
1179649
-2359294
-1507327
1048576
-5963773
-2818047
720896
-1507326
-5373952
-4390911
-65535
1441792
-2359295
-4718589
-2424830
1507328
524288
2031616
-5439487
-4128766
458752
1507329
-2621440
-5308413
-1966079
1966080
131075
-720896
2293760
-524287
-3080192
-1507325
3080192
3670018
-2031613
-5505024
-2228221
1376258
-262144
-4980734
1245187
-1245182
-5177344
-327677
19726338
2555906
-7667710
-4521983
-1376255
1769475
0
-4063229
2490368
-4325374
-1966078
2818050
2621443
-1114112
-1835007
2359298
5242882
2424834
-2818046
-3342334
-2293757
-6422525
-4194302
-131069
-786432
-5832701
-1114111
1966082
-1376255
-5242877
-3473407
-2424831
-5505024
-2949118
1572865
-65534
-4259839
-4325373
-196606
2097155
-1441790
-4653055
-2490365
1900544
-4587518
-1507326
524289
-3801086
-4325373
393219
2097154
-1245183
-3473406
-851968
3866625
-3276797
-1179647
1572866
-1114110
-5570560
-5177341
-458749
720898
-2293760
-5767168
13631491
9043970
-5505021
-4063232
1441792
-1114110
-4784128
-3997694
786435
2097152
-2490366
-4718589
-917501
2686976
1769472
983041
4194305
1703937
-1966080
-1310719
2031619
917506
-4521983
-7667712
-4587519
-524285
-2228224
-6094846
458752
-2490367
-6356991
-4653055
131073
262145
-4390909
-6619136
-2359295
983041
-1245184
-5570559
1114114
-2097149
-5767167
-3735552
786434
655362
-3473407
-4980733
-1376256
1638401
-917502
-4980735
-3866623
-1703935
-4849664
-2818048
1507330
1048577
-2818046
-3276797
720899
4259842
524288
-4390909
-3538942
-2293758
-5505023
-3080190
1179651
1
-2818047
-6029310
10027008
-4784127
-5898239
-3407869
589826
-5701629
-2228221
1900545
458755
-4063231
-3801085
589826
-327679
-3276797
-720895
3604481
3670017
1114112
4259843
851969
-5046272
-6094847
-1966077
-196607
-3211264
-6160383
-3342335
1245187
720896
1900544
196608
-3997694
-3866624
458753
1703938
-1966078
-5046269
-2293759
1900547
917507
-3866621
2162690
-131070
-4390912
-3407870
1376256
2097154
-2097150
-4784126
-1245181
2490368
786435
-3604480
2949122
327681
-3670014
-1507327
1638401
1310720
-3342336
-5898237
-2228224
1441794
-524288
-3997693
-7077887
-1638397
12451842
1966082
-3407871
2031616
-3276797
-5242878
-1376256
1966083
196611
-4259840
-2883584
196608
-3473408
-1245181
3604480
3735555
-131071
-1507326
2686979
5439490
786432
-4718589
-4849663
-458750
-6029311
-3276800
1048578
589827
-4128765
-4980735
-720896
1900545
-983039
-4980733
-3407870
1245184
-5177344
-3145725
1507329
720896
-3670016
-4849663
-720893
2228225
-1179645
-4718591
-2949117
1835009
2949121
-262144
4063233
3407874
-1703935
-3801085
-458750
1900544
-1703933
-5177344
-3014653
2228224
-131071
-2818045
18350081
8847363
-9764861
-3932159
-262142
1900546
-1769469
-4915198
-2686976
1966081
1703939
-2686973
2949121
1179651
-2752509
-2097151
3211267
4980736
720896
-3604480
-2621438
0
-1572861
-6291456
-720894
-3211264
-6946813
-5963775
-917501
-3342334
-5701632
-2621440
851971
-262144
-5177342
-1310718
-5701631
-4587517
196611
1048577
-3342336
-5570560
-2359296
1310723
-262141
-4653053
-4194304
-720893
-4653054
-3014655
1179651
2097152
-1310718
-3276797
655361
3670017
327681
-4915199
-4653053
-131071
-5505024
-3670014
1245186
1900547
-4259840
1441794
16318464
196610
-2883584
-4587519
-4128767
655363
-4849663
-2883582
2097154
2031619
-2752509
-3670014
917507
4194304
1966082
-1572862
-262144
4653057
5308417
786432
3407874
1179648
-4259837
-6160381
-2490366
851968
-1966080
-5570559
-3932159
917504
1376256
-2621437
1245184
131072
-4521981
-5373950
-983038
1507328
-1900544
-5308414
-3604479
131074
131073
-4325375
851970
-262142
-4653056
-4718591
3
2162691
-1310720
-4718592
-2424831
2162688
1703939
-2621439
3145730
2228227
-2359293
-1310720
2490371
2555906
-2097150
-5373951
-2818047
1376258
524288
-3604478
-3735549
-1376254
2621440
13434882
-1703933
-131071
-2162686
-5439487
-2949119
1310720
720896
-3997694
-4194304
196609
-3735551
-3014656
1900546
4128771
-131069
-2555904
393216
4259840
1507331
-6029310
-2097152
-6750206
-5767166
-917502
393217
-3670014
-5767168
-2621440
851970
-851968
-4980735
-4521984
-262142
-5505022
-4128765
458753
1048578
-3342334
-5308413
-1441790
2162688
-196608
-4521981
-4259839
65539
1703939
-3211263
1441793
1245187
-3080191
-4980735
-851966
2883586
1
-4128766
-2949119
2490368
3735553
-458752
3801088
1966082
-3276799
-4849663
-1245184
1900545
-917503
-5242877
-2818046
-983040
15204355
8716291
1966080
-2228224
-3735552
-5439488
-786432
2228225
-983039
-4784127
-3080192
1966081
2293761
-1835008
3473410
3014657
-1048575
-1310717
3145729
5767171
1572867
-4128767
-3670016
131074
-131072
-4587518
-5570560
0
-4259837
-4653054
-327680
2097154
-1441789
-4915199
-3014654
1769472
458754
-4325376
-5636096
-720894
-4980735
-5046269
-786432
1376256
-2228224
-5373950
-2949117
1638401
851968
-3604479
-3866622
983043
-2949117
-1507328
3670017
3473409
-1638397
-4718591
-2097152
2293762
1048579
-3342333
-3080191
-1310719
3
15073280
851968
-1376253
-1966077
-5177344
-1769472
2621443
1310721
-3538944
-3407872
1376258
3407873
-2031613
2883584
3997698
393217
-1900542
1507329
4980736
2097155
-4259840
-5701629
-2031616
-262143
-5242878
-393214
-131069
-3932157
-5701631
-2555901
1441792
-1048575
-5439485
-5046271
-327680
983040
-3145727
393217
262147
-4259838
-5767165
-2031614
1441793
-786431
-4849664
-3932157
1179651
2555906
-2031616
1966083
1966081
-2752510
-3866623
1376258
4456449
2097153
-2949118
-3014654
589824
1376257
-3276798
-5767168
65537
-4325374
-4325373
-2424831
14221312
11272192
-11010048
-4718590
-196607
-196608
-3997693
-5570559
262145
-3932157
-4325374
393219
2686976
-327679
-3473408
-720895
4456449
4587523
196610
-1966079
-65535
-4259838
-5570559
-1769471
262146
-3145725
-6488062
-3932158
524291
262146
-4390910
-5439487
-1048576
-4521984
-4194304
65536
1179650
-2686974
-5439488
-2949117
1507331
589826
-4063231
-5242879
-917504
1966083
-4128765
393216
-2228222
-5373949
-2555901
1572866
327681
-4325376
-4653055
-262141
2949120
-2555902
2293763
4325376
-458751
-4325374
-1966079
1245184
-327680
-4849661
-5046272
-589822
2424834
-3538942
3801089
19726339
-917502
-8978429
-1769472
917505
-720894
-4784127
-4194303
524288
2097153
-1769470
1703937
2490370
-1638400
-3276799
1114112
5242880
2949123
-1376256
-1835006
917506
1114115
-3538944
-6946814
-327680
-4259840
-5963773
-1966080
1638403
-1048573
-5570557
-4390910
262146
1114114
-2293760
-4980733
1245186
-3604477
-5373949
-983040
2162690
-655358
-3670015
1048576
1572864
-2883581
-4456445
-1310720
-3604479
-4521982
-327679
2555907
-786429
-4456448
-1966080
3145731
4980738
-458751
-4063229
-983039
-3997693
-4653055
65536
2162688
-1572863
-3997693
-5570560
13107202
14483459
-7602174
-4653055
-655358
2359297
2818049
-917501
-4259837
-1638397
2883587
2883584
-1179646
-2097152
2818050
5898243
-589821
3801091
4325378
-917501
-5767168
-3932159
196610
-655360
-5832703
-6225919
-1441790
1114112
-2228223
-393214
1310721
-5636094
-2883582
1376259
65539
-4849662
-5242880
-720896
1638401
-1703935
524289
1441794
-3014654
-5505021
-2097149
1769472
131074
-4653054
-4325375
2162691
3801089
131075
-4849662
917507
-2359296
-5898240
-7471102
-2359295
-1507327
-5111807
-6684672
1966081
19857409
-2686973
-11468799
-4849664
-6160382
-7864317
-3145728
720896
-1441790
-6094846
-4784128
65538
1703938
-1835006
-4390909
-393214
-1310720
-3014656
917505
3801090
-262144
-5767165
-5636093
-1441789
-196607
-4128767
-5963774
-2424829
2228227
-4456447
2
3473409
589826
-3735552
-2490368
2097155
2686978
-2097151
-4849661
-1179645
3211265
-3932158
262146
2818050
-327680
-3997693
-3014654
2097155
2162689
-2293759
-3211264
2031619
5046274
1048578
1
1376259
-3211264
-7143424
-6094847
-983040
-1900541
-4587520
-9109501
8388610
13893635
-7798783
-6356992
983040
-3342334
-6750205
-4259839
917505
-131069
-4718589
-5701630
-1376255
1835011
-327678
-4128766
2949121
-458751
-3670013
-1376255
1900545
-458749
-6619136
-8191999
-3604477
-1048573
-3801085
-7733247
-851965
-4194303
-7602175
-4784128
0
-917503
-6553598
-2097149
327682
-2752511
-6619133
-4653053
-3932157
-6684672
-3866624
458754
-720894
-5242877
-5570558
-524286
2293762
-1966077
-3735550
-1638400
-2424832
-6160381
-3014656
524290
-2031615
-7077886
-7077886
-1966079
-3342333
2424832
10092545
-7012350
-1769471
-6553598
-4259838
-917504
-2883583
-6881277
-6160384
-1048573
524291
-3407871
-6422526
-3473407
1441795
-5111807
-851966
3670018
1507330
-3342333
-3932160
-589821
-524285
-4587519
-6946814
-3145726
983040
655361
2
3735555
1179649
-3014656
-2162687
2424834
3473410
-786432
-3276799
65537
3866624
1835008
786432
3342338
524288
-4653055
-1048575
4849666
4325376
-1179646
-2097152
655360
-983039
-7143421
-1441790
-2359295
-6684671
11010051
7143427
-8519678
-7340032
-10223616
-6815743
-2818046
-4325375
-8323069
-1441789
-4194304
-8060928
-4259838
1835009
2359298
-65535
-720896
3211266
6291457
2555905
-3276798
-3080191
-1376253
-5242878
-2097149
1900544
1638401
-2490367
-2883583
983040
4390913
1179648
-2752512
-393215
1114112
-2490365
327682
4915203
3801089
-1572861
-2424829
1900544
4325378
2228226
-1245181
720898
5242880
-1703936
-131072
2949123
1441794
-3276800
-3670013
1310722
4325379
589825
655361
17235969
1048579
-11665407
-1114112
1966082
917507
-3145725
-3080190
1048578
3211264
-655359
-4521984
-2818047
2359298
3014659
131075
4325378
2555905
-3080190
-4390909
-2359296
-2949118
-8323070
-12386303
-9961471
-5111806
-6291456
-8781824
-5505023
-7143423
-12517373
-12255231
-8978429
-5963774
-10027007
-14090239
-11599869
-8257534
-10223615
-15466495
-9633791
-11468799
-16842750
-16646141
-12386302
-10944511
-15138813
-17301501
-14417919
-12320766
-14942208
-20316159
-14155773
-17170432
-20840445
-19726334
-16121853
-14942205
-19791869
-3014655
-14614525
-20971520
-20578304
-19333118
-15597567
-19660799
-17170432
-12845053
-12910591
-16711679
-18153469
-14417919
-9961470
-11337725
-14614528
-13369344
-11468797
-14090240
-13762557
-10944509
-11927549
-16121854
-17235966
-14090237
-10878976
-13500414
-17694720
-17039360
-12189696
-17563646
-16252925
-11599872
-11468798
-15007744
-15335423
-10944510
-6881278
-7602174
-10420221
-7405566
-2424829
-7340032
-4915198
458754
1572864
-983037
-1900542
2359299
5111808
983043
-4063230
-3997694
655361
983041
-2621438
1114114
2
-5177342
-5111808
15597569
2949121
-8060927
-5373951
-3473408
1638402
1376258
-1900544
2555907
1703936
-1835007
-1507325
3211265
6160384
3866625
1966080
4784131
9175041
8126464
2621443
5963779
2883584
-2686975
-3735552
-196605
1703936
-1179645
-3604478
-983038
3473410
3604483
-65534
4784128
3342337
-1638397
-1703936
2883587
4653057
2359297
393219
2883585
7077889
6553603
2883584
3080195
7471106
4653056
5963779
10158083
12517377
8454145
5111811
6684672
9830402
9371648
5832705
5242883
8978434
6356993
3407873
17432579
26607619
2424835
2555907
6815747
10354690
9699329
6488067
6750209
10616833
6684673
7471105
11010050
11534339
8192003
6750209
9895938
13107200
11272195
7077888
5963777
8192003
3080192
3342338
7208961
7405569
4653056
3211266
6488067
9437186
7864323
3997697
4653059
8388611
9240577
5111808
9109504
8716290
5111810
3473408
6225922
8847362
7077890
3538947
4456450
8847360
9895938
6422530
9895936
8388611
3342339
1638402
4980736
7536642
5242881
1966082
3145731
6750210
24838147
8323073
3014656
4653056
3
-5701631
-4849664
-1835008
-3866624
-6225918
-4456445
2
1114114
-1572861
3080192
3080195
1
262147
4259840
5832706
1572866
-2818045
-2424830
1114112
786433
-2424829
-3407870
1310723
-2424831
-2949117
2555904
-786430
-3997696
-2490366
524290
-65533
-3997695
-5636096
-1638398
-4915198
-4653054
-786429
1769473
-2752512
-6684669
-5701631
-2883584
-3473405
-7340030
-8191997
-4390910
-7143422
-9633792
11075584
8257536
-12189693
-9043968
-7208959
-3407871
-4063232
-7995392
-8978429
-5636096
-9109501
-8650750
-4521983
-3538941
-6684671
-8191998
-5439487
-2031616
-3014654
-7405568
-9437184
-7143422
-5963774
-10813439
-6881280
-5767165
-8454144
-9961472
-6356992
-2555901
-3670013
-7208957
-7143423
-3604479
-1966079
-6422527
-2424830
-1572863
-4784126
-6619135
-3801086
655360
131074
-2752511
-2162687
1245184
1572867
-2424829
327681
851971
-2752510
-3670014
-393213
3145731
-1638399
10027010
10223616
-5308416
983043
-2097150
983043
1441795
-1507325
-2752511
1048578
4128770
2162691
-851967
983040
5963777
7274499
4980739
3670016
8192001
4456450
3407874
4849664
1835010
-983037
458752
4128769
4718592
1900545
393216
5242881
1441795
983042
4128771
6094850
3932160
1048577
2490370
5898240
6291456
3080195
1703937
4456449
2097153
2424834
6160384
8388608
5242882
917506
1245184
3670019
3276803
-851968
-1900543
720896
-2490365
-2555901
-851966
18087938
6029312
-11403262
-3801088
-786430
-917503
-3735552
-4194301
-786430
2293760
-2359293
1769475
2949120
655361
-851968
1900546
5439489
5177344
1507329
65537
1966080
2818049
-2555902
262147
1638401
-1048575
-2752511
-65533
3342338
2293761
-917504
-1114109
2555904
3866624
655363
2424833
3407872
3
-1769472
917505
3801090
3014659
-327679
-589823
3080194
5046273
2490368
4653058
6094851
3211264
-327678
1638401
4325378
2490371
-786429
-196605
3735552
5898243
-524286
13959169
25100289
2621440
-3801087
3276803
5308417
3801090
524291
1179648
4521987
5570562
2424832
524288
5832707
2359298
1179651
4784129
7667714
5439490
1703939
1179650
3407874
2949120
-1769469
-3473407
-786430
-2228223
-3211263
262147
2490371
2
-3276800
-2031614
1441794
1572865
-1966077
-3342333
-655359
-2818045
-3604480
-589821
1441794
-655360
-3866623
-2686973
393218
1114114
-1507328
-2883581
851968
2883585
-3014656
-917503
-65535
-3276798
-6356989
-4521983
-1376256
-786430
-6488064
5767169
12779520
-6356990
-11337727
-1835005
-983040
-3801088
-6094845
-3801085
2
-262144
-3538943
-4259839
-851967
2031618
65538
1245184
2883585
-196607
-2949118
-1966077
-524287
-2883583
-8060926
-4521981
-1638397
-3473407
-1900543
-589823
-4128765
-6225920
-3145726
131074
-196607
-3407872
65539
1376257
-1179646
-3932158
1769475
-983038
-2818045
327682
3866626
3080192
-262142
-196607
4128769
7471104
5570562
3997696
6291457
5439489
2031619
3801089
4063235
131075
4194306
3276803
17694723
2621442
-6029310
-3211262
-589824
2228225
-3407869
-2818048
786432
1900544
-1114110
-3145728
-524287
3276800
-1966077
1310722
3932161
1179650
-2555902
-3080189
-983038
-1310717
-5308416
-7340031
-1441791
-6815742
-3604480
-1245181
-3407870
-6946815
-6225918
-2949119
-2752510
-5570557
-7077886
-4390912
-1507326
-3014655
-3407871
-1179648
-3604479
-6619136
-5439488
-1507326
-1114111
-4653053
-6160381
-2949118
-458750
-1179645
-524288
1572867
-131071
-3932157
-3604477
-917503
-1638397
-5111807
-6291454
-3080189
-65534
-2490365
-3801087
11796481
12189699
-10747901
-4980733
-786432
-1179646
-4325373
-5373952
-1638400
720898
-1507326
-4259839
1507329
-1114111
-3342333
-720893
2883585
2359299
-1179647
-2228222
65536
393219
-3080191
-6750208
-5308415
-4325373
-6422526
-3735550
-458751
-1114112
-4390909
-4915199
-1441790
196611
-3014655
-5832702
-3997694
-3407869
-5439488
-2752509
393218
-786429
-4194304
-4587517
-720894
720897
-1900542
-4521984
2097152
-3080189
1245184
3080192
196611
-3997694
-4063230
-524288
983042
-1900541
-3604477
-3473406
7471104
12845057
9502720
-2949120
524289
-3932157
-2818046
1179648
1966083
-1245183
-3276798
-589821
2818051
2031618
917505
3735552
2359299
-589824
65537
3866626
3866624
-1507327
-4980733
-3276799
-589823
-1507326
-2162687
524288
-1376253
-4456446
-3276800
851968
720898
-3014655
-4521983
-2097149
917504
-720894
-4521982
720896
-1835006
-4980734
-3538942
3
524291
-1769471
-2752511
655363
3080194
-655359
-5046271
458752
-2359294
-5505021
-3473408
-262143
131075
-5439487
2162688
17235970
-2621437
-3997695
-4653054
-4194303
-2424831
-4587517
-2752509
917505
655362
-2752509
-3538943
-327677
2555905
720898
-2031613
-917503
-2097149
-1310719
196608
-1900541
-5963776
-6881278
-3473408
-3407872
-6094847
-4521984
-458750
-5439486
-3276797
196609
-851967
-4390911
-4587517
-1245184
917507
-1966077
-4653056
-2752512
589826
-4718592
-1703936
1769474
1114114
-1572863
-1441792
2949120
3538946
-786430
-4194301
-2818046
1114113
786435
-1245182
1769474
1507328
-4521983
10420226
15925249
-2883583
-1769471
-4128767
-1900543
1835009
983043
-589824
2228224
655362
-2555901
-1835008
2097152
3538946
655361
-1114110
1376259
4718595
3014658
-2162686
1966083
-1114112
-4915200
-4390912
-458749
524290
-3080190
-4915199
-2424830
589827
-786429
-4718590
393216
-1572862
-4194304
-3276797
327682
458755
-3276797
-4653054
-1638400
1310722
-196606
-3473405
-589822
-3604477
-3014655
1179650
3145731
458755
393217
3407875
6881280
3866625
-851967
-917504
786433
-2555901
-655359
2555904
1769475
-589824
-4849664
13762561
16646145
-4718589
-3866624
-3407870
262147
-4325374
-2228222
1638401
1179649
-2555901
-3342336
65536
2490371
524288
-2162687
-524288
3145731
-1703935
524289
3014659
524291
-4653053
-6160381
-2555903
-65536
-2949120
-5701632
-4063230
-65533
131074
-2883584
65537
-851968
-4915199
-5439488
-1835006
-327677
-2818047
-5505021
-3604480
65536
-262143
-2752511
524290
-786430
-4259839
-3670013
-65534
1572865
-1572863
-4521981
-2555904
917507
524290
-3342335
1769475
983041
-2359293
-1572863
917505
524290
-3211262
-5963774
-3211261
458755
-393213
-3604479
1966080
-2162686
10616834
8716289
-4915197
655362
-2555904
-4456446
-1638397
1703938
458754
-2818048
-2686973
393218
-2621438
-1245184
3080192
786435
-917502
1638402
4390912
1310720
-4390911
-4784127
-2228224
-5373952
-4063229
-131070
131073
-3145727
-4390912
-1638397
851971
-917501
-4390909
-4128766
-65535
-4390911
-3014654
524288
589825
-3342334
-4325376
-720894
1966080
-393213
-3538943
-2752509
983043
-3670014
-1835008
1507330
1310722
-1179647
-2097149
2228227
4128769
-196605
-4653054
-3801088
65537
131072
-3080191
458752
917505
-5832703
3735552
18087939
-1310719
-2686973
-4390911
-2949119
1179648
1245187
-1376255
2097153
1245187
-2228221
-2293760
1638400
2949123
851968
-1638398
720898
4063234
3080193
-2097150
1376257
-1835007
-6094847
-5963773
-2359295
-917501
-3407871
-5767167
-3735552
-327679
-851967
-4521981
65538
-1900541
-5832701
-5832702
-2424830
-917504
-4128766
-6750205
-3997693
-524287
-1507326
-4849664
-5111807
-1572861
-5373950
-4259838
851970
1703938
-851966
-3670016
-2359293
-262141
-1966078
-5701629
-5636094
-2490366
-5767167
-3538942
-2228224
10223617
13434882
-9699325
-3866624
720896
-983038
-3735549
-327677
-4456446
-2686974
1114112
1703938
-1572864
-2752510
983040
4390915
3080194
-131071
-65536
2162688
-3407869
-3211261
-327677
-917503
-4456447
-5242878
-1900544
589824
-1638397
-4849664
-3866624
-131069
720899
-2883581
196610
-327679
-3735552
-4784128
-1376253
983040
-1179648
-4390910
-3407869
262147
524291
-2555901
1114114
327682
-2818047
-3407870
-262141
2097152
-1114110
-3276800
-851966
2621440
3211264
-917502
2359296
131073
-3997694
-4980734
-1376255
1179650
-1572862
-3473408
-4390909
14680066
14942209
-8126464
-2621437
327682
-3866623
65537
1835008
-1179648
-3473407
-1179647
2424835
2293761
-983038
-1114109
3080193
-262142
-327677
3276803
3670016
-1048574
-4915200
-3670016
-786430
-1835008
-5373951
-5570557
-2097151
-5308414
-4587517
-1114110
65539
-2949120
-5373950
-2883581
393218
-589822
-4259838
-4194301
-720896
-4849663
-3538941
458753
655361
-2883583
-4259840
-1441791
1245185
-327678
-3801085
-3407869
131073
-4063231
-2293759
1376257
1638401
-1703933
-3538942
-327678
2555906
524289
-3801085
-4063230
-720896
524289
-3080191
1179650
1114112
-2031613
-1835005
-524288
6291459
19857409
-1966079
-6160381
1114112
393219
-3407870
327682
-393213
-3473407
-4521984
-1638398
851970
-1572864
-4325374
-2490366
2228225
2686976
-917501
3342337
2424834
-2752512
-4849661
-2490367
-720895
-3342333
-5963774
-3932157
-131069
-327680
-3276800
1114115
-65533
-3735552
-3801086
-131069
1703936
-1245181
-4128768
-2031613
1572866
1310722
-2490368
-3932159
-196606
-3735551
-3604480
-393215
1310722
-786431
-4521981
-2686976
1376259
458753
-3014656
-3211263
851969
-1769469
-262144
2949120
-786430
-3342334
-1310719
1441794
393218
-3473406
-4194301
-2162685
3145728
13631488
-4456445
-1900541
-2752510
-4653054
-1507326
2490371
786433
-2621438
-2097152
1769474
-2293759
-1048575
3080193
3801091
720897
-917501
2031617
4718593
1572864
-3801086
-4784128
-1572863
-458752
-4653053
-786431
-393213
-3604478
-5046269
-1966077
1048579
-1572861
-5111806
-4521983
-1310718
-720895
-4259840
-262144
-524287
-3997695
-5177342
-1441792
1310722
-1048576
-3801087
-2162688
1310723
2490371
-393214
3473408
3801088
-655358
-3014655
-720896
720897
-2162688
-5308416
-3473408
720899
-851966
1245186
16318465
11927555
-9961471
-4587518
-1638400
524289
-1769470
-4915198
-3407869
327682
3
-3735549
-4587520
-131072
-3080190
-2359296
1507331
3014656
-327677
-3276798
-1376255
-3473408
-7667712
-8323070
-4390911
-7667711
-7208960
-3473405
-1900544
-5439486
-7864319
-5767165
-2424829
-3342334
-6946813
-7274494
-4063232
-7602174
-6881278
-2949120
-1966079
-5570559
-7667709
-5439486
-1769469
-3145726
-6750208
-6684672
-2621440
-6488063
-655359
458754
-2031616
-4915199
-3211263
-1179648
-3080190
-6553597
-5832701
-2097151
-589821
-3735550
-2621437
10158081
12255232
-10420221
-3801087
65538
-2097150
-5177343
-4521984
-720895
589825
-3145725
917507
1769475
-131072
-393214
3604482
7143424
5373954
1966083
3997697
2555905
-2097151
1048576
262144
-3211262
-3997694
-393213
1572866
-1048573
-3866621
-2424832
1310723
1114115
-2555903
1310722
524290
-3276799
-3997696
-262141
1376258
-1114112
-4259837
-2359294
1507331
1441794
-2359296
-3538944
720896
-2883582
-3014654
655360
2228225
-524287
-3604479
-1572864
2818049
2818049
-65533
-589821
2293763
-2228223
-2621437
655363
1835008
-1114111
-3342336
-1048573
2228227
1703938
16384000
2818051
-3997696
-3670016
-2490367
983043
2621441
-589822
-2686976
-65535
3342337
2424834
-1048576
-1114109
3473411
65536
1310720
5505026
5701634
1638402
-1507328
-655358
1048579
-720896
-4521983
-4390910
-393215
1179648
-2949119
655362
1376256
-2162688
-3932159
-851967
1507329
-262144
-3670016
-3211263
720898
1376259
-2621440
1376256
1572864
-2162687
-3211262
0
2686978
655360
-2621439
-1835006
1507331
2097152
-1441789
2293761
1900544
-1966077
-2752510
786432
3080192
1179648
-2293758
-983037
2883587
3735555
262145
4653059
4128770
-1179647
-2686974
3
1966082
-655360
-3670016
-1966077
2752513
-786432
9109504
13172736
5570563
-7077887
-2424832
393216
2293760
-720894
-3276800
-1245184
2359296
2031617
-1835005
-2293759
1769475
-1572861
-589822
3670017
5111810
1703938
-1441791
-1114112
393217
-1507326
-5439485
-5505024
-1769469
-5111808
-4521981
-458752
589827
-2949120
-5308413
-2752510
393216
-655358
-4390909
-4653055
-1048573
-4915200
-3997695
-393213
65538
-3276799
-4980733
-2359293
458753
-720896
-4063231
-3735551
589824
1900546
-2490368
720899
1769475
-1179648
-2031615
1572867
3145730
65536
-4390909
-3670016
-393214
720897
-3080192
262146
131072
-2883584
14745602
3145731
-4718592
-786431
-4915199
-3538943
393218
1310723
851970
524291
-2686973
-2949118
655363
3670017
1572867
-1376253
393219
3407875
2031619
-3538943
-458750
-2621438
-6684670
-6684672
-3080189
-983038
-3670016
-6356990
-4325376
-589824
-393215
-4128767
-5767166
-1507327
-4980733
-5242877
-2293760
-720895
-3407870
-6160383
-4259837
-720893
-1114112
-4653055
-5308415
-1376255
-4456445
-4259837
-655360
655360
-2097149
-4587519
-2293757
1114114
-131072
-2883582
-2228221
1572867
-1441790
-1048573
1310723
-2883584
-4980734
-2228222
1048576
1
-2424830
-4915197
15990786
15728641
-3604478
-2686974
1048576
-2752512
-4194304
-1310720
1769472
196610
-3276799
-3014653
917505
2686976
-1048576
3407873
4194305
1245186
131074
2555905
3801090
-196608
-4980734
-4915199
-1441792
-589822
-4194302
-524286
-589822
-3801085
-4521981
-1441790
1048576
-1376255
-4521982
-3342335
-262141
196611
-3145725
458753
65539
-3407871
-4390912
-720893
1376256
-1572862
-4390911
-2686975
851968
1114114
-2424831
1310723
327681
-3014653
-3604477
-196608
1638403
-3735550
-2228224
1114115
1310720
-1507327
-2359296
2031619
-720894
-1966080
983040
1638401
-1507328
-3538941
-1376253
2228226
1835011
-3538942
3801090
17825795
7733249
-7143422
1900544
2424832
-1114109
-3211264
-851965
2162691
786432
-2490365
1441795
-2031614
-589824
3407875
4587521
1638402
-524285
1376259
2818048
-458750
-5177344
-5701630
-2228224
-6488063
-5046269
-851965
-262143
-3080192
-4915197
-1835007
1114113
-589821
-3866624
-3932157
-65536
1179649
-3014655
655361
458754
-3276798
-5373950
-2949119
-327679
-2424830
-5373950
-4653053
-524287
65537
-3145726
1114112
262146
-3145726
-3801085
-65535
3342339
1310720
-851966
-262143
2031619
1179649
-3276799
655363
196610
-3801088
-4063229
458754
-851967
9830400
12713986
-7602174
1
458755
-2686976
1703937
786433
-2424831
-2621439
1245185
3014658
131074
-2293760
393217
4325376
4194304
458753
65539
3866624
-983040
-2686974
-524287
-327680
-3932160
-6094845
-3670014
-589823
-917504
-4456448
-4718590
-1114111
-4390910
-3735551
-262141
458754
-2949120
-5046270
-2752510
262146
-917504
-4521982
-4456447
-524285
-4718590
-4063232
-262142
131072
-3080189
-4849663
-2228224
1376258
-393214
-4063231
-3145725
1703939
3080193
-458752
3211264
1638402
-2621439
-4784127
-1900544
720898
-1441792
-4456448
-2555904
-1703934
11796482
16384001
4390914
-5767166
-2883584
-5111805
-1441790
1114115
-983039
-4128766
1376258
1769473
-1376256
2555906
2686977
-655358
-720895
2883585
4849666
1572865
-3866622
-4521984
-1245184
-1441792
-5177342
-851965
-1572864
-5111806
-5177341
-1638398
720897
-2293760
-4849663
-2949117
983043
393216
-3014656
-3211262
-4521982
-786429
196609
-2949117
-4980736
-2424829
589825
-524288
-4456448
-5308416
-1703936
-4784126
-3735550
589824
2097152
-1245181
-2949117
-65536
3866627
2883586
-2555903
-3997695
-720893
-4653056
-3276797
1048576
2162688
-1376253
-3604479
655363
21626880
4784129
-6946813
-1572861
1114113
-3145726
-1507325
1900544
2293761
-1638399
-2818046
524290
3735553
2752512
-1048573
196610
4587521
5767170
1966080
4587523
2293763
-3080190
-5505024
-3080192
-196607
-2097152
-5046271
-3407869
327680
917507
-2555903
524289
-65536
-4194304
-4653054
-917502
1179650
-1245183
-4784125
-3538942
65537
-262142
-4259839
-327677
-1507328
-5570559
-6225919
-2686974
-131072
-3604479
-6291453
-4325376
-2686975
-4784128
-9306110
-5308413
-7143421
-11927551
-12713982
-7733245
-7733246
-8060925
6946818
-9961470
-15466496
-12124159
-18219006
-18546687
-14942207
-19202047
-19529726
-16515071
-16187391
-20512766
-23789567
-22347774
-19857407
-20971518
-24313855
-25427967
-22675453
-27590653
-29491200
-28180479
-29360127
-33095677
-35389438
-32833534
-28966909
-29556733
-33095680
-32571389
-28311551
-31981568
-30867453
-27066366
-25952253
-28966912
-30408703
-27066365
-23527422
-24772608
-27656189
-27000830
-23134207
-26804222
-24838144
-21037056
-20512765
-22675453
-23724032
-20316160
-16646141
-17956862
-19529728
-19202046
-16777213
-16121854
-19333117
-15204349
-15269888
-18022398
-18743295
-13565951
-12124158
5242880
-2621440
-18743294
-7340031
-6815744
-9043965
-4325374
-3735552
-5636095
-5111806
-655360
2359297
1310722
-589822
2359297
7012353
8716291
6946819
11141120
11141121
6553602
4390912
7340033
9043969
6422528
4390912
8323075
7340034
4194307
8454147
7929859
5701633
6684673
10420224
12517378
10682368
8388608
10551297
13762560
13434881
10158080
9568256
12779522
9306115
9568258
13238274
14221312
10878979
10027010
11534339
14614528
14417923
11141122
13762560
16777219
13172738
14745601
15532033
14483456
10616833
8781826
10027008
12517376
10944512
8781824
6291456
22609923
29032449
16711682
7012355
13697026
9175043
8257539
10682368
13107201
11927552
8716288
9502723
12976129
9240576
11075585
15138818
15728642
12845056
12058626
14942210
16252929
12386304
8257538
8716288
11927554
11927553
8978433
13041665
12058625
9240577
10223616
13828097
15269890
13041666
9568257
10485762
13434881
13369345
10813441
13828096
13172737
8912897
9175040
12255232
13238275
10747904
8847361
9895939
12255232
11927555
7602178
11272193
10485760
7602178
7274497
10944515
10813442
7143427
3080192
4194306
8388608
7274498
3866624
8585219
8716290
2818049
18808835
23199744
2949120
6356994
4521987
6619137
9568256
8519683
5373953
4915201
8192002
5111808
5111809
9633795
10485763
8323073
7077888
9109506
12582914
10813440
3997696
2424835
4325379
-655358
786432
3604483
4980736
1835011
983043
3342337
6488065
4653058
1245187
2293762
4390914
327680
1900545
3997696
2621443
-1179648
-2686976
262146
1966082
917504
-2424832
-1703933
1441792
-3080191
-1835007
1703938
1441795
-1572863
-2097149
917507
3801090
-196606
-3342336
-4194303
-2097152
-1376256
-4521982
-1441792
-2293759
-5439485
-8060928
9502723
14417923
-9175038
-7143422
-5505021
-1769469
-1835008
-4128767
-1376253
-2555902
-5046270
-5505022
-2883581
-65533
-2686973
-4390909
-1769472
1376259
655362
-3670015
393219
-3080190
-7995389
-8847359
-5767167
-4456448
-7995391
-10485759
-8060927
-4456445
-5439485
-9240575
-5242880
-6946813
-10813437
-11075584
-9109502
-9895934
-14811134
-18874368
-18612222
-15859712
-17301502
-21102591
-21889021
-18939902
-21495807
-21233662
-18546685
-16842751
-18284542
-20316159
-16711679
-13631487
-13631486
-17498111
-20316160
-18219005
-20185085
-19791870
-16318464
-16187392
-19202045
-20250622
-19070976
4128771
-7733247
-25821182
-19660797
-16056318
-19529725
-18022400
-13893629
-13041661
-15794173
-16711679
-13107198
-9502718
-10747903
-12255232
-10551293
-6029310
-9699328
-7340032
-3801086
-5505021
-9830400
-11206656
-8388607
-5898239
-7340032
-9240574
-7471104
-3932157
-2883581
-5177343
-1835007
-1966077
-4784127
-4521981
-589823
2097154
524291
-1572864
458753
4259841
4718595
2490368
5636096
5111809
2621441
3342339
6815744
9568257
7929856
6029314
8650754
11141122
9764865
5898241
9764866
8650753
6291457
7471106
11337729
13172739
11010051
28639233
17235971
7733251
14811138
10551297
14417920
12713986
10747904
10551296
13893634
15663105
11010048
13369346
16318467
16187393
14024706
13697026
16121857
12320771
11403265
12386307
11534338
7798786
11730946
10878977
8060931
11599875
8847360
14417920
11337729
9240579
12386306
14942210
13172736
9764866
10289154
12976130
8912897
8716291
10616834
5373953
-2555904
-1507327
1507331
4194304
3342338
-655358
-327679
2555906
-1572863
1179649
5242880
5570560
2752515
4325379
26607618
15663104
-2031615
5636099
7929857
8257537
5439488
7208960
5505025
458753
-589823
2883587
5242882
3145730
1638400
3735554
7602178
7667713
5570562
8323073
5701633
720899
-786430
1966082
3473408
1179650
-458749
1572867
5046273
4587523
1769473
5767171
4194306
983042
1376259
4849666
5701634
2752514
327680
2293761
5373952
4653059
1703936
6029313
3670018
524289
2293760
5832707
6881281
4194304
720899
983042
2228227
1048578
-2621437
-2424832
196608
-2818048
-1769471
1638400
22020096
4259841
-9240573
-458752
655362
-131072
-3211263
-2949118
-917501
-3604477
-2162686
1179648
1376258
-2162686
524291
3473410
1703937
-2097152
-2424831
-1507328
-6815741
-6094846
-2949117
-2949120
-6553597
-7471103
-3670016
-983038
-2293759
-3604477
2293763
3604482
589824
3342339
2686978
-1703934
-2883582
-65535
1638402
65536
-2686974
-1966079
2097154
917504
-2752510
-1441789
-2883582
-6356992
-6750205
-3407869
-1966077
-3080192
-8585216
11075584
10289154
-9109504
-6225918
-3604480
-7077885
-5963774
-2621439
-1441791
-3670013
-5767166
-3538944
589826
589825
-2818045
1703938
393217
-2228223
-2490366
-1376254
-2359295
-7208960
-10289151
-8257534
-5767167
-6750207
-9830399
-10223614
-10420222
-10420224
-7208960
-7274493
-10747904
-13500416
-11337728
-9437182
-11337728
-15204351
-16252926
-13565950
-15400960
-14942207
-11206656
-11337728
-15990782
-18874365
-17694717
-15073280
-18022400
-18350078
-21168125
-17039357
-20643839
-12189695
5636097
-18087934
-23068669
-19136512
-15597565
-13697024
-16383997
-18612221
-19857406
-15269887
-19070976
-14811133
-9568253
-9633789
-12124160
-8585214
-5242877
-3276799
-3080189
-11796478
-11468800
-8323072
-7995392
-11665407
-11141117
-11730943
-12910590
-11599872
-8388607
-7405568
-11272190
-12845055
-12124159
-9568255
-10944512
-12779518
-8912893
-11599872
-11927552
-12058622
-11665405
-9699325
-8781824
-10027007
-4784127
-2752509
-4390912
-6029311
-1769469
-655360
-2621437
-1179646
3342338
6619139
2883586
16187394
26148865
3604480
9699330
8978434
14155778
12517376
8454144
10616833
14614531
17170432
13500419
13828099
16646145
22347777
21299202
19202050
19726339
22675459
20054016
19988481
20447233
19791872
15925249
11730947
15466499
19464192
18153472
14024706
13500419
15400961
13697026
11993091
14417923
16318465
11534338
10027009
12255234
13959168
11730947
7143426
5242881
7471106
3276803
3801090
4915203
5308419
655362
-3670014
-2424832
-1310718
786432
1245184
2162688
5636096
1507329
4194306
7798787
27459587
8978435
-4521982
5570562
6160387
3997699
1835011
3080193
6553600
7143424
4521986
8192002
7864322
4849664
5177344
9043969
11796481
8650754
5570560
6094851
7012354
5636098
2686979
4849667
65537
-1179647
1900544
3801090
1048577
-1769472
65539
2818051
2031619
-1900542
1966081
-196606
-3801088
-4063232
-1310718
-393216
-3735551
-6356989
-4784128
-2752510
-3932160
-6946815
-2097149
-4063229
-7405567
-7667712
-6029309
-7208959
-11206653
-13107199
-11796479
-9502719
-11010046
-13434879
-16121856
-6029312
5111808
-16777215
-15532029
-11206654
-15204351
-16515072
-13893631
-11141119
-12386302
-15597567
-14811133
-12255231
-14942205
-12779519
-8454142
-7340030
-10944510
-11599871
-9699327
-8847360
-11796479
-15728639
-16121856
-12517373
-16187390
-14745597
-11534336
-10616831
-13041664
-13762560
-10485758
-7667712
-9240573
-11927549
-10878974
-6881277
-11337728
-9306111
-5505023
-5636096
-8650750
-9306111
-6422528
-3997694
-5570560
-8650750
-6815743
-3473407
-1507327
-3407869
196610
786435
-2424829
-4259838
-1376256
131075
-1966079
-5308414
-4325375
-327678
983042
-3342333
11665409
20250625
-6356992
-3670015
1769474
3538944
1441794
-458752
1900546
5308417
5636097
2555904
6553602
5439490
2818051
3932161
7864323
9240579
6094848
3604480
3538947
5242881
3735552
-917502
3407872
2752515
262147
851971
4980737
6160385
3473408
1835009
4063235
6815745
6160386
2621441
2490371
5505025
2031617
2949123
6619136
7733249
4390914
3342339
6619137
9043969
8192002
5046274
5636096
8650752
6029314
7471104
10551296
9240577
5111808
2752515
5505025
7864322
5570562
1835009
3145730
3538946
4259841
22806528
8126467
655360
1376257
-196606
2818050
5308416
3801090
524289
1310722
5242883
1048578
3276800
7274499
7208961
4784131
4456449
6881281
8650752
5373952
-131070
-458752
1900545
1572864
-1572863
1769474
1179651
-2424832
-2949119
589826
2949121
589827
-2424832
-851967
2621440
2883584
524289
3866624
2949121
-458750
-851967
2555907
4194307
1572865
-983037
1769472
5439491
5308418
2359298
5898240
3342337
-786431
-1048574
2949121
4653059
2228225
131072
589827
9109506
23396353
1179648
-589823
2031617
-1572862
-1179647
2097154
2818049
-393213
-2555904
-393215
3145729
2293761
-786431
-262143
2949123
131074
327680
3276801
3604480
-1638400
-5767165
-3997694
-1572862
-3145726
-6684670
-6356991
-3997693
-7143422
-5767166
-2621437
-2162685
-5505022
-4718592
-1835007
-3342334
-6815742
-6160384
-2752512
-7012352
-5767165
-1835005
-196608
-3735550
-3997696
-1900541
-851966
-3473408
-6750206
-6225917
-2555904
-6684671
-5111807
-851967
-3997696
4718592
7864323
-9043965
-3538941
-4456446
-7471103
-5963776
-2293760
-1703935
-4718591
-1179648
-1310717
-4521981
-4849663
-1048575
1376257
-655358
-3407871
-2555904
589825
-655360
-4521981
-3014656
-4521982
-7929854
-8323072
-5111807
-2949117
-5636094
-8388607
-6488064
-3014654
-3604478
-7274493
-3211263
-4784127
-8454143
-8519678
-4587519
-3145728
-5636094
-7733245
-5832701
-2162688
-1572864
-4587518
65537
-327679
-4915197
-5963774
-2949117
-1835008
-4915198
-7012352
-4849663
-2162688
-3997696
-3997696
12517376
10485763
-11534335
-6422526
-2883583
-1179648
-3801086
-5505021
-3080192
65536
-720893
-3866624
-4915200
-2359296
-4915197
-3407871
655360
1441793
-1507327
-3604478
-2424829
-1376255
-3866622
-7405566
-6750206
-2883582
-6750207
-5046272
-1376255
-1114111
-4128765
-5373949
-2621440
1
-1966077
-5111805
-4653054
-851966
-4915199
-3538942
131074
1572865
-1507325
-1507326
1179651
1966080
-1507325
-5373950
-4325375
-720894
-131070
-3473406
917507
-196605
1245186
15925250
-983039
-3014653
-1572861
-4915199
-3604480
131074
655363
-2293760
786432
327681
-2752510
-2949117
851968
3211267
1114112
-1441789
-65535
2949120
1769473
-3407872
-262141
-1835006
-5570560
-5963773
-2359296
-327680
-2621438
-5177343
-3080191
-65534
-720895
-3866621
393219
-1310717
-4456447
-4194304
-851965
458754
-2424830
-4521984
-2097152
1966080
1376258
-1048574
-2359293
327683
-3866623
-3866621
-262144
458752
-2818046
-4653055
-1572861
131074
6356994
15138816
-5111806
-6225920
-3997695
-3801088
-262142
524289
-2424829
-4128765
-2424832
1310720
1572865
-1114109
-393214
3538944
-262141
1507331
4784129
4980736
458755
-2949118
-1835006
196609
-1769471
-4980734
-4653053
-1441791
-5505023
-3866621
0
-196608
-3997696
-5570558
-2621440
-65533
-2228222
-5177343
-4521981
-1114112
1
-3342334
-458750
-851966
-3997696
-4128768
-851966
2293763
65537
-4521981
-4390911
-1638399
-1114110
-3932159
-458749
-1114111
-5636094
458752
18939906
-65536
-10092542
-3932157
-1114111
-1245182
-4325373
-393214
-1376254
-4653054
-4521982
-983039
1048579
-1114112
-3473405
-1376255
2097155
2228225
-983039
2752514
131074
-4915200
-6160381
-2752512
-1376254
-3997696
-6160382
-4456446
-524287
-1310718
-5046270
-5701631
-2162686
-5439485
-5242877
-1966077
-851965
-3407869
-5636093
-3735549
-262143
-1179646
-4849664
-5242879
-1966080
-5046271
-4390912
-1048574
327680
-2031615
-3801087
-196606
2293760
-786432
-4915198
-5242879
-1310720
-5177341
-4521982
-851967
720898
-4784127
3211264
-3211264
-4456446
-4587518
-524288
-4587517
-3473405
196611
524291
-2359293
-3538941
-393216
2621442
1572866
-1114112
-393215
3407873
4063234
-131069
1900545
65539
-4521983
-5898238
-2686975
-65533
-1703933
-4390912
-3080189
786433
1376257
-1966078
1310722
589827
-2818048
-3997694
-1048574
1310720
-720893
-3604478
-2818046
1114112
1507330
-2228222
1245185
589825
-2490365
-2949118
196610
3080194
524289
-1638398
393218
1703937
458754
-3670015
262145
-655360
-4390911
-3997695
-393214
589827
-1703934
14483459
2555906
-4325373
589827
-3276800
-3997694
-131072
-3473405
-2949118
720896
2293760
-327677
-2490366
0
3473411
3211265
262145
-262141
3145729
-655359
-1966079
-131069
-131072
-3866624
-6029311
-3276797
-458751
-1114112
-4259837
-4521982
-917504
-4784125
-4456448
-983039
-720893
-3866622
-5570557
-2949117
-196605
-1638398
-4980735
-4849662
-1048575
-4980736
-3997696
-458751
393218
-3211264
-4784126
-2097150
1376256
196610
-3014654
-1966080
524288
3
-3997696
-1048573
-1245181
-4194301
-5898239
-3145725
917504
-3407872
9895937
8257539
-6553600
262147
-2686974
-262141
0
-3211262
-4259837
-983037
1245185
-589822
-3145726
-1835005
2162691
2949120
131075
3932160
2752514
-983039
-2490365
-786430
-196606
-3670013
-6422525
-4390910
-917501
-786431
-3604479
524290
-589821
-4390909
-4456448
65537
-2228223
-5111805
-3407871
-327679
-589822
-4194302
-5308415
-1441792
-4390910
-4521983
-917501
655362
-2621439
-4915200
-2818047
327683
-327678
-3604479
-3932157
-589822
-4063229
-3735549
65536
2097155
-393215
-2162687
-786429
1179651
-983037
-4587518
-4784127
-1179647
-4587517
-3670014
983040
-1245184
10289152
10092545
-7208957
131074
-786429
-4063232
-3407871
393216
-3670015
-2490365
1441794
1638403
-1376254
-2490367
524291
3538945
2359299
-851968
-327677
3211264
2883584
-1703935
393219
-393214
-3866622
-5242877
-2097149
917506
-851966
-4456446
-3538944
131074
196611
-3145725
327681
-196607
-4063229
-4587519
-1572864
655361
-1507327
-4456447
-3473405
131072
589825
-2752511
983042
458755
-2752511
-3604477
-196605
2097152
-458750
-3276799
-2490366
2162690
2555905
-393214
-1310718
2162690
-2818045
-3670015
-393216
720896
-1900544
-4653054
-2818048
-65536
1179650
15597570
-262144
-4849662
-4980733
-4718589
-983039
786435
-2555903
-4915200
-2621437
1114115
983041
-2359293
-2424830
1114113
-1835007
-1179647
2555904
3932162
524289
-2949120
-2490367
-917503
-2490368
-5963773
-6160382
-2228224
-5636093
-4915197
-1114109
-262143
-3538942
-5308416
-3014655
65537
-983040
-4718590
-4718589
-983037
786433
-3538941
1
720896
-2686976
-4456447
-1769471
917507
-983037
-3997696
-3276798
262146
2162690
-1179647
1769475
2883587
-524287
-3801086
-1966077
196610
-1638398
-4456447
-3801085
-65534
524288
-3014653
9961473
17039360
-7143421
-4980735
-1441790
720898
-851968
-3670015
-2686975
851969
1769472
-1507325
2031619
2031617
-1376254
-1835006
1703938
4063234
2293760
-1114109
-1769471
-393216
-1310717
-5111807
-6160381
-1835007
-5439485
-5439486
-2293760
-262142
-2490365
-5373949
-3866623
-196605
-458752
-3997693
-5177344
-1179648
-4325374
-4784126
-1245182
1
-2359296
-4849664
-3473405
655363
-2424831
-2293758
589824
-3145727
-4063232
-1572861
-327678
-3407870
-5701632
-3932158
524289
-2621438
5701635
14483459
-4915200
-9502720
-1703934
851971
2097154
-786429
-2752510
-393213
2752512
1441795
-1769472
-2162686
1507330
3538944
-458749
3276800
3473408
65539
-3211263
-2293759
-1572863
-3932157
-7274495
-7143421
-3276800
-1703933
-5177341
-1376254
-1245183
-3866623
-5177341
-2031616
851969
-720893
-4128767
-3473406
589826
2031617
-786432
2359298
2031619
-1572861
-1966080
393218
1835010
65536
-2228224
-851968
2621441
3473409
-1179647
1507328
-458751
-4784128
-5439488
-1638400
655362
-1245183
-3997696
-1507326
20381697
4653058
-8060928
-3342335
65539
-3211262
-3211264
393217
2162691
-262143
-2621439
-458749
3342336
3407875
655361
196611
4259841
1048578
655362
3080194
2359296
-2752511
-6553598
-5308414
-2031613
-2555901
-5373950
-6422527
-3211263
-5898239
-5701629
-2031614
-524288
-3670013
-6291456
-4587518
-917501
-2555901
-6029310
-5636096
-1900544
-5439487
-5177343
-1572861
-458750
-3407869
-5570559
-2818046
-131070
-1048574
-4128766
-4063229
-196606
2359296
-1769471
2097154
3211265
-917504
-4128766
-1900543
524288
-458750
-3407871
-2949118
1703938
1245186
-1441792
20774914
10813442
-6750207
-1835006
196611
2818050
1572865
-1376256
-720896
3080193
3866627
786432
3473409
3670018
524291
-851966
2359299
5046274
3014656
-1507326
-2228221
-524287
-983040
-4259840
-1245184
-1966077
-4718592
-5373950
-2359296
196609
-2097150
-5439487
-4456445
-655360
-655358
-4325375
-5963774
-1703933
-4980735
-5701631
-2818046
-851965
-3342335
-6094846
-4194302
-655358
-1114112
-3997696
-5111805
-1638397
-4718590
-3997693
-851967
1376258
-196606
-3211263
-524287
3604480
2949120
65539
-2949120
-458752
-3276799
-3145726
524290
1638403
-1376253
-3342335
-3276798
7471104
19857411
-3801085
-4718590
196611
-3276797
-2424831
1638400
2228226
-1179646
-3276800
-524288
1703937
655360
-1310719
-1507327
2097153
4194306
-720894
2490370
2949121
-2621438
-5439485
-3670013
-2031614
-3211264
-5832703
-6094845
-2490367
-1245184
-4915200
-262143
-1245184
-4784127
-1507326
720898
-524287
-3145726
-3080192
196611
917507
-851965
1966080
1966083
-131072
-1572864
1441794
4456449
2097155
-983038
-327677
3014658
3866627
196609
3080194
2883587
-65534
-720893
3211264
5963779
3211265
-1048575
-2490367
327681
3538946
-851968
-2883584
2621440
-458751
-1835008
7864322
23396352
1572866
-3407871
65538
4194307
3997699
524290
3670016
524289
-131072
3538946
2555905
458753
1966083
5177346
5111809
524289
-1835005
-983040
-4849661
-5439486
-2621438
-1638398
-4194301
-6291456
-4128766
-1179646
-589821
-5111806
-5308414
-2228224
-5898238
-5570559
-2031613
-1048573
-3538943
-6750205
-4325376
-589824
-2162685
-5308414
-5373952
-2555904
-393215
-5111808
-1048574
-589823
-3276800
-5636096
-2949119
-131070
-1507326
-4456446
-5046269
-720896
1114112
-2883582
2031617
3997698
-458749
-3276799
-1769471
131074
-1900542
-5308415
-5242878
-1638400
-131071
-4521981
5177347
15728641
-7929853
-10420224
-5570560
-3670013
-6225917
-10158080
-10551293
-8257534
-8519679
-12189694
-9306112
-9437181
-12124157
-12189695
-8585214
-5636093
-6815744
-9830400
-10158078
-7667710
-7602175
-10878976
-12255231
-7471101
-10027008
-10027007
-6160384
-3211261
-5177344
-7405565
-5636094
-1769472
-1048575
-4325376
-5308416
-1048574
-4456447
-4194301
-786432
1245186
-917504
-3407871
-1835008
1900545
1900546
-1310720
-2555904
327680
-1835007
-1638397
1572865
3014659
393218
-2293757
-327678
3604483
3342336
1114113
-262143
1572865
-1703936
-2359293
1245186
2228226
-720896
-3014653
0
1
11010048
16449537
-4718590
327680
2949121
-1638397
1966081
2752515
131074
-1572862
1048578
3997697
3604481
327681
458752
4521986
6815746
2621441
6160387
6881283
2621443
-1441792
-655359
1114112
-917503
-3932160
-3276798
1048577
2490371
-458752
2097153
2555904
-1114109
-2490365
-131070
2228224
131073
-3145727
-2490365
589824
1572867
-1703933
786434
393218
-2686974
-3866622
-1048576
1769475
-393213
-3145727
-1900541
1507328
3276802
-983037
-4063232
-131070
-5046269
-6094845
-3014654
-1114109
-2686975
-4325374
-5832704
14352384
12845056
-9437181
-6029309
-1507326
-5832704
-5898237
-2162686
65536
-1900542
-4325376
-2686973
1179648
2162688
-589823
-1310719
2097155
3
-393216
2949122
3473408
-1114111
-4915197
-3997693
-786431
-1245181
-4063232
-4194304
-1441790
-3801085
-3145727
196610
1441792
-1507328
-4063229
-2359294
1114112
458752
-2949118
-3670014
-65536
2293762
-2949118
-327679
589825
-2228221
-3604478
-1048575
1769472
5308417
7012353
8126464
11796481
15073283
10616834
11075586
10158083
5242882
2031619
2752513
5439490
5111808
-393214
20185091
-1114110
-5308416
131075
-3473405
-720896
-2883581
-5767167
-4653055
-2097149
-1572863
-3997695
-5111807
131073
-2293760
-4390910
-1769472
720899
-3211264
-8519680
-7077886
-6422528
-7602174
-8650749
-11337728
-6815741
-10420222
-12517373
-9895933
-7143423
-9109502
-13893631
-13565951
-10289149
-9830398
-14417918
-16121853
-12713983
-14614528
-15466496
-12124158
-9633791
-12189695
-16056318
-12320766
-9502717
-8847359
-11534333
-11730944
-9961471
-12648445
-10158078
-6488063
-3538941
-4456448
-6619134
655362
7340033
7405568
1966082
65539
2359299
5570562
589826
3211264
4849664
3211267
-589824
4718592
24182787
6029313
-2752509
-983040
3670017
4194306
-1048575
3276801
5308419
1376258
-1310719
1376256
3866626
3473408
655361
589825
3801090
5832706
3735552
4653059
4128770
-393213
-3145727
-1114110
1507330
589825
-1835006
-1507325
2883587
3932162
1769473
4259841
4718593
3735555
1310723
4390913
7536643
6225922
4390915
6553601
10027009
9830400
7208962
6422528
11599874
10354689
8650753
11534338
13107202
12451841
10354690
11665411
17039361
19202049
14942209
12648450
16973826
12451843
11272194
14745601
16252930
14352386
8978432
8126467
10223616
10289154
6291456
3670016
5570563
3866626
2555907
4456450
23986178
9961474
-5242880
655361
2686979
2818049
-851968
-2424832
327680
-1703933
-2424831
720897
2359298
-458752
-3276798
-1900543
1114115
786433
-3211262
-5111807
-4325373
-4063229
-9502718
-7143421
-5898240
-8650749
-10878976
-9175037
-6029309
-6422527
-9633792
-10420224
-7208957
-4915198
-9437183
-5767166
-4915200
-8060926
-10223613
-8257533
-4849664
-5046272
-8585213
-9109502
-5701631
-3801088
-6094845
-4653055
-3932159
-6946813
-8781823
-6291453
-2686976
-2752511
-6094847
-5570559
-2359295
-2752509
-6029312
-3997693
-3538941
-5701631
-1572862
-6356991
4390913
9240577
-8060926
-1966078
-4194303
-6422526
-1507325
-4456446
-5373949
-2228223
458752
-1114109
-3801086
-3473406
720899
2031619
-589823
-2228223
2621443
-458750
-2686975
-1572861
-1179646
-4325374
-7536638
-6619136
-2949120
-1769472
-5046272
-6750208
-3997695
-5111805
-5505024
-2752509
-786429
-3014653
-5767168
-5046269
-1441791
-851967
-4390909
-5439486
-2359294
-4259839
-4849662
-2162688
1
-2490365
-5046269
-3407871
-131072
65538
-2162685
-3145726
786434
2752512
-3014656
-1048576
-327679
-3670013
-5832702
-3997696
-851967
-262142
-5570559
4653057
15990785
-3735550
-10092544
-458751
-65535
-2686975
-4521981
-2555903
524290
262145
-2949118
-3276798
196611
2621440
524291
2490370
4128769
1114115
-655359
786434
1835008
-1245184
-5898237
-6422527
-3014654
-1245183
-3670016
-1572863
-720894
-4128765
-5439488
-3080192
524290
-720896
-4915199
-4915199
-1376256
131072
-3014653
-5242877
-262141
-3473407
-4849662
-1900542
917506
-655359
-3735552
-3538941
-65536
786435
-1966080
-3932160
917507
-2097150
-3538943
-851968
1703938
1048579
-2097151
-720896
2490368
1769473
-2162686
-4521982
-1703934
-2883581
-4063229
-851968
1441793
-1114109
-1114109
16973824
3866626
-3145727
-1507328
-4259839
-1507326
-2949117
-3473405
-327679
1572867
-458750
-3145726
-1245184
2490370
2883587
327682
1
2621443
5111809
1
1507328
1376259
-2818046
-6094846
-4587519
-1245183
-1179648
-3932160
-4915200
-1572864
917507
-3735549
-589822
786432
-2162688
-4784126
-2752512
655362
-458751
-3670013
-4194301
-1114112
589826
-1835006
-655360
262145
-2621438
-4587517
-2424832
393219
-65534
-3407869
-4063229
-786432
1048578
-1376255
262146
851971
-2228224
-4325373
-1966080
720896
65537
-3407869
-3473407
458754
2883587
-65533
-1769472
3145730
-1179647
-3670013
-1703933
-720893
-3801086
-3670015
851968
-1179648
10747907
11337728
3866624
-7536640
-4456448
-2228224
720899
-786429
-3866621
-3014656
720896
1572867
-851966
-2424830
131075
-655357
-1048574
2293761
4718595
2686979
-1245182
-1900544
-196606
-983037
-4325374
-6422527
-3866623
-4915198
-5308415
-2097149
589825
-1835007
-4653056
-3473408
-131070
-131071
-3473408
-4784128
-1769470
655363
-4325373
-1179648
589827
-2228224
-4915197
-3211263
524288
655363
-2818045
-3735549
-458751
1376259
-3407869
196611
1900545
-196606
-2752512
-851968
2228227
1441795
-1703933
-2490365
327682
2359298
524288
1638401
3276802
851968
-720894
1114114
3014658
786434
-3276798
-3735550
-589824
1376259
-1376254
655363
720897
458752
16056323
786434
-2621437
-65533
-3866621
-3866621
-589821
1179651
-917504
-3407871
1376256
-1769469
-3014656
-262143
3080194
1900547
-851965
-262143
3342336
3866627
-1376253
-5570559
-1114109
-5308414
-7208960
-4063230
-655357
-2555902
-5505022
-4653054
-851968
65536
-2949118
-4784127
-2293760
-3342336
-4390911
-1310719
589826
-917502
-4194303
-3735552
-262141
589827
-2686976
-4325376
-1638399
-3014656
-4259839
-1245183
1310722
-1114110
-4063230
-2490368
1703939
2555905
-524288
-786429
851971
1900547
-3604477
-1048573
851968
-1769469
-4390912
-2883584
-917501
14548993
6422531
-7274493
1835009
-3342333
-720894
1048578
-983038
-3670016
-1966080
1245184
720899
-2097151
-2293760
1114114
3932162
2228226
3342339
4784129
1638401
-2097150
-2162686
-524287
-2752509
-6684669
-7208959
-3866623
-1572864
-3538943
-2097150
-851968
-3997696
-5636094
-3211262
-458752
-1507327
-4587517
-4915197
-1441791
131073
-2228224
-4784127
131074
-2424831
-4259837
-1638400
1376256
65537
-3342335
-3342334
-131069
1245185
-1245184
-4194302
720896
-2293758
-3342336
262144
2883585
1703937
-2293758
-3080192
-524287
131075
-3342333
-5636096
-3014656
-3801087
-3801085
-3342334
12910594
14417923
-10223616
-5177342
-1376256
-917502
-4063230
-5898238
-3145728
-4456447
-5046269
-1638400
720896
-851965