1572863
1441790
1310718
1376253
1179647
1048573
1179646
1179648
983040
786432
1048574
1114112
1114110
917502
917504
917502
983040
1179647
1048576
1048573
983038
983037
983039
983038
917501
1048576
1114111
983038
851965
851965
917502
983038
983040
786430
851966
720894
917502
917501
851965
786429
655360
1245183
1245181
1048574
851967
983038
1310717
-524288
-2293760
2949120
3670016
327678
458752
786431
983038
983038
917503
720896
851968
917501
786432
851965
851968
720894
458750
524285
786431
786429
983040
1441790
1572861
1572861
1376254
1245184
1114112
1114111
1048574
1048574
1048574
1048576
1048575
917502
983040
983039
1048574
1179646
1114109
1179646
1048574
917503
851966
983039
1048574
1114111
983037
1114112
983038
983037
983037
983038
917501
1048573
1048575
1114110
983040
1048574
1114110
851965
917504
1048576
1048576
917504
983039
1048574
983039
1048573
1114112
1179645
851965
786432
1048575
1048573
983040
1179645
917504
983039
917501
917503
917502
851967
983037
1114110
1048573
786432
917503
786430
786430
589821
917501
1114111
1114112
1310717
1310717
983040
1048574
1179648
786429
-2228226
1376254
4259840
2097152
458749
524285
786430
1048576
1048575
1048573
983038
851968
851968
983038
1048575
851966
851966
458752
589822
720895
917501
1179648
1572863
1638400
1441792
1441790
1245181
1179648
851966
1048574
851966
1048573
1114112
1114109
983038
1179647
1245181
983037
917503
1114111
1048574
983039
983038
1048576
1048574
983037
1114109
1310718
1179646
1114111
1179646
1114109
917503
983039
917503
851966
1048576
1114110
983040
1048576
1179646
1114109
983037
983039
983039
1114111
1048574
1114111
983038
1048576
1245182
983038
983039
1048574
917504
917502
851967
851968
589821
786429
1310719
1310719
1179648
1310717
983040
1048574
1310718
-1572866
-1310721
3932157
3604480
2424832
327680
851965
786429
917501
786432
983039
983038
720894
786430
917501
917504
655359
720893
589823
393214
655357
983038
1114110
1441789
1572863
1310719
1376253
1310717
1114110
1048575
983037
1048574
1048575
917501
1048573
1114112
1048573
983037
983039
1048573
983038
917501
983039
1179648
983040
983039
983038
1048576
1048576
1245184
983038
851965
1048575
1048575
1048574
983040
983040
983039
1048574
1048573
983039
1179645
1048573
851967
851967
1114109
1048576
983040
1048575
1114109
1048573
1048573
983040
983037
983038
786429
786431
983037
1179646
1376253
1310719
1179647
1048575
1048576
983040
65533
-2162691
2293760
3997695
1572864
262141
262141
589823
851966
786432
851965
720894
786430
917503
917501
786432
720895
524287
524286
458751
589824
786432
1114111
1441789
1507328
1507328
1245183
1179645
1114110
983040
917504
1114112
1048574
917504
983038
1114112
1048573
917503
1048573
851965
917502
851966
1179645
1310719
983040
983039
1179648
1048576
786431
917504
1179646
917502
917504
1179648
983040
983037
1114109
1114111
1114110
983037
983039
1048574
983037
917501
1179645
1114109
1179647
1179645
1245182
1179645
1114112
1114112
1114111
1048576
983037
1114110
1048576
1179645
1048575
983040
1179645
1179646
983038
983040
983038
1179645
1179645
1048574
1179645
1179645
851968
1048573
983037
851968
1048574
917502
851966
917501
983039
851965
786431
1310718
1376254
1245182
1376254
917502
917504
1245182
-1572864
-1507329
3801086
3276799
1310720
196607
655357
983037
851966
851966
851967
786429
917501
983037
851967
786429
655357
458750
524288
786432
786431
1376255
1638397
1441791
1441789
1245184
1245182
1114109
1114112
1048576
983038
917502
1048574
983039
983040
983039
983037
983039
983038
1114109
1048576
1048575
917504
917503
983037
1048573
1048576
1048576
1114110
1048574
983039
851968
1048575
1114110
1048574
1048574
983039
917502
983037
1048575
1048574
1114109
1048575
983039
917504
1048573
1048575
917502
851967
917504
1114109
1114111
1048573
917503
1048575
1048574
983039
917504
1048576
1179645
983039
786432
1048574
917502
917501
983038
786430
720893
655357
1048575
1179648
1245184
1114109
1048576
851968
983038
393216
-1179648
-1441793
3473406
3342336
1310718
262142
524288
917501
917502
983037
1114110
983037
851968
917501
983039
786430
851966
917502
589821
786429
655360
1114111
1245184
1507328
1507326
1507325
1376254
1114110
1179645
1114110
983037
1114109
1179645
983040
1048573
983039
917503
1048574
851967
983037
1114109
1114110
983040
917504
1048576
1048574
1048575
1048575
1179648
1114112
1048573
1179647
1048574
1179646
1048574
983038
1048576
917502
983038
851965
917504
1245182
1114112
917502
1048576
983039
1048574
917504
983037
1114112
1048575
1114112
917503
1179645
1114112
917501
1179647
983040
1114110
1114110
983037
720896
786429
917502
983038
1310720
1376256
1179647
1179646
1114110
1245181
-2
-2424834
2162687
4194304
1900543
851967
393214
786431
983037
786432
983039
786431
983038
786430
786429
851968
655358
458752
655357
655358
524285
786432
983040
1179646
1507328
1703933
1310719
1245184
1114110
1114110
1114110
1048574
1245181
1114111
1179647
1179648
1376254
1245183
1114112
983039
1114111
1179647
1114111
1179646
1179647
983039
1114110
1179646
1114110
1114109
1114110
1048574
851968
1179646
1179646
786431
1048573
983040
1179645
1114109
1179647
1114112
1048574
1114112
983039
917502
917503
983039
1179647
983039
917504
1245181
1179648
1245182
1114109
1114109
917502
1048573
917501
917501
983039
720893
917504
1441791
1179645
983040
1048576
1245183
-2228225
2293760
4259839
2949118
720895
327677
917501
983037
720895
917501
851968
720896
851966
786432
917501
851967
589823
786429
524288
851967
1310719
1507327
1507327
1507327
1245181
1114111
1114112
1179645
917502
917504
1048574
917502
1048574
1048575
983040
917503
1114112
1179648
917504
851965
1114111
1114110
1114110
1048575
983038
983037
851967
1179646
1048573
983038
1048573
983038
1048575
983038
983037
1114111
917503
1048574
917501
917504
983039
1179647
1310719
983040
917502
983038
983040
1048576
851966
983037
1048576
1048575
917501
983038
917504
917503
983040
917503
1114109
1048573
851968
786432
786430
851965
1114112
1245183
1179648
1114110
917504
1048576
1310717
-131073
-2490368
2097150
4259840
2162685
327680
589823
983037
917502
917502
1048573
1048574
851966
851967
1114112
851965
655359
720895
589824
655358
524287
655357
1245183
1507327
1572862
1572863
1310720
1310719
1376253
1114109
1179645
1114111
1048574
1114112
1179645
1114111
1048576
1245181
1179648
1048574
1048575
1114110
1048574
851968
1048576
983040
1048573
983039
1048576
1114111
1048573
1114110
917502
1048574
917502
983040
983038
1048576
983040
917503
917504
1179645
1179645
1048576
917503
851967
1179646
1114109
983037
983040
1048575
1114109
1179648
851965
1048573
1048573
983038
1048574
851965
720893
917501
1245182
1179648
983038
1179648
983040
1114110
1179646
-1966080
-524291
4325374
2883583
983038
327680
393213
786429
983038
983038
917501
917504
851967
983039
917504
983037
524288
524287
589821
720894
589822
917502
1376256
1703933
1507325
1310720
1310717
1179648
983037
1048573
1179645
1114110
851967
1179646
1114110
983038
1048576
1114109
1048575
983037
983039
983040
1048574
1048575
1114109
1048576
1179648
1179648
1048576
983037
983039
1048574
1245182
1048574
1179646
917504
983039
1179647
917502
1179645
1048573
851968
851967
917501
983040
1245183
1114112
1048575
1114109
983040
1048576
983037
1048575
1114112
983037
917503
1048574
1179646
1114110
917504
983038
917501
851965
917501
720896
1114110
1245184
1310718
1376255
1245181
917504
1048575
1179646
-1703936
-851968
4128766
3145726
786430
65536
851967
1179645
917502
851966
983038
851965
983040
851966
720895
917501
917504
851968
720895
458751
851965
1114110
1441789
1507328
1507328
1376253
1179647
1048573
1245181
851965
917501
983039
786432
851968
983040
983038
1114110
1114109
983040
1048575
983040
1048575
1048574
1048574
1114110
1114111
1114109
1048573
1114111
1048574
983039
1048575
983039
851966
851968
917503
917502
851965
1048573
983037
917504
983038
917504
983040
917504
983037
983039
917502
1048575
917504
983039
917503
786432
1048574
1179647
1048574
851967
786431
786431
851966
720893
917504
1310718
1376255
1048574
1114109
1245182
983038
262142
-2555907
851968
4456445
3604480
1048576
-2
655359
851968
720896
1048575
786430
917503
851968
851968
851968
786431
786432
655360
458750
458752
720896
1048574
1245182
1441791
1441792
1310720
1310718
1245182
1310717
1179647
1048573
917501
1048575
1048574
983040
917504
917503
1048576
983037
1114112
1179645
851965
917502
1114111
851968
1245183
1114112
851968
1048575
917504
983038
1048573
851965
851968
1114109
1179646
983039
983037
1048573
917504
983037
917503
1048573
1114109
917501
917502
983040
983040
1114109
917501
983038
983037
917503
983037
983037
917503
851965
851967
1048573
983038
1048575
1048576
851965
983040
1245182
1048575
786430
720894
786431
655360
983040
1310717
1310719
1048576
786430
1114111
1179648
-1114113
-1310720
3342334
3276798
1245181
393216
393213
851968
851965
851968
1048575
1048574
786432
786432
851968
983037
786430
720894
655357
589823
589824
786431
917504
1245184
1507327
1507327
1245182
1245183
1245184
1179647
1179647
917504
851968
1114109
1179645
983039
983038
1376253
1048576
1048573
917502
1114111
1179645
1114111
1048573
1114111
1048574
1245182
1114109
1048574
1114110
1179645
1048573
917501
917504
983039
1114111
1179645
1048573
983040
1048573
1114109
786432
917503
1048576
1179645
1048576
1245182
1048576
1114110
1048576
1114110
983040
983040
917501
983040
917503
1114112
1310717
1048573
1245181
1048575
983037
1179647
1245181
1114110
917503
917503
917504
786432
1245181
1310717
1376256
1179646
786432
983038
1114111
-1179651
-2424835
983037
2424829
589824
720894
786432
851966
983038
917503
1114110
983037
851965
851967
917502
786429
720895
524287
720896
1048573
1441791
1572862
1441792
1441789
1179648
1114112
1245181
917501
1048575
917503
851966
1048574
1048574
1048575
1245183
1245183
983037
983040
917504
983040
1048575
786429
983039
983038
983038
1048576
1179648
1048573
917501
1048573
983037
917501
1114109
917502
1048576
917502
1048575
917504
720895
851968
851966
917501
917504
1114111
917504
786429
851965
983037
917501
851967
786429
1048573
1048575
1048573
851967
917504
983037
917504
851967
1114109
983037
983040
917504
983040
917503
720896
786432
917504
983040
851967
983039
983039
983040
983038
1048573
917504
589823
589824
720895
720894
1114109
1179646
1245184
983040
1179647
1114112
-917505
-1769473
3145728
4325375
2359296
589822
327680
851966
917504
917501
786430
983038
917503
917504
983038
917504
917501
720894
589822
524285
720896
917503
1048574
1507325
1572864
1441790
1245183
1179648
1245182
1114112
1114111
1114110
983037
1114110
1310717
1179645
1245182
1048574
917502
1048574
1179645
1114111
1048574
917503
1245181
1048576
1048574
1048573
1114112
1114109
1048574
1179647
1245184
1048575
1114111
1048575
1179646
1179646
1114112
1114112
1048576
1114112
983037
983039
1114110
1179648
1114112
1245183
1114112
983037
983038
1245181
1048574
1048574
1114110
917502
1048574
1114109
917504
983039
1048575
1048575
1179645
917504
1048576
1114110
1048575
1114110
1114112
983039
1048574
851967
983039
1310720
1245183
1179647
1179648
1179647
1179648
458749
-1441792
-1507330
3604477
3670015
1179648
327680
851968
917503
1179645
1048575
983040
983040
983038
1114109
1048574
851968
524287
655358
589824
851967
1310719
1507325
1441792
1310719
1245181
1441791
1114112
1114112
1048576
983040
1048576
1245183
1114109
1048574
983040
983040
1179645
1048573
1179645
1048574
1179645
1245183
983039
1114112
1114111
983037
1048574
1048576
917502
1114110
983039
1114109
1114111
1179645
1048574
983040
1048573
1048574
1048574
1048576
1048573
1048574
1114112
917504
983040
983039
851968
917502
1114109
983040
1114110
1048576
1048574
917501
851967
1114111
983037
917504
917503
983039
1048574
917504
851966
851968
786430
917503
1245184
1179647
1179647
1114110
983037
983039
-2293763
-1966082
3276800
3735551
1179647
262141
524288
1048575
1048575
1048574
983040
983040
851966
917503
1048573
786432
851965
720896
655357
655357
655357
786430
983037
1441792
1703934
1507326
1507325
1310718
1114112
1245182
1048576
983037
1114111
1048573
917503
1114112
1245181
1114109
1114111
1310718
1179645
1048574
1048574
1048574
917504
1179645
1179646
1179647
1245182
983038
917503
917501
917504
1114112
983038
1179645
1179646
1179648
1179646
983039
1114110
1048575
983040
917503
917501
1114109
1048574
983039
1048576
1048573
983039
983038
1114111
983037
983039
1048576
983037
983040
1114109
1048573
1114109
1048576
1048576
1179646
1048573
1245181
1114111
786431
1048575
983038
917501
1048575
786430
851967
786432
1179647
1507326
1310719
1048576
1048573
1310719
-720897
-1835011
2949117
4128767
1769471
655360
524286
786429
1048575
983040
917503
1179647
917503
851965
851967
983038
983037
655359
524288
720893
786430
917501
1310720
1638399
1572863
1310718
1376255
1048576
1245183
1114111
1179646
1245181
1179647
1179646
1179645
1114111
1048576
1114112
1048574
983037
983039
1179646
917502
983040
1114110
1114112
1048573
983037
1114110
1310718
1245184
1114109
1048575
1048575
1048576
917503
917503
1179648
1114112
1245181
1048573
851965
983040
983038
983040
917504
1048576
1114110
1048573
1048574
983039
983039
851966
1048576
1245181
983037
917503
983037
851968
983038
1048573
1048574
786432
983037
917501
983040
1179647
1114111
1310719
983038
983037
1245181
524287
-2293761
3735550
3342335
1048573
589821
917501
917504
917503
1048576
786432
917502
851966
851968
917502
1048574
917501
458750
589821
720893
720896
1114109
1507325
1441791
1507325
1048574
1048576
1179645
917501
1048574
1048575
851966
1114109
983039
983039
1179646
983037
983040
1114112
1048575
917502
983039
1048576
1048574
1179645
983040
983039
1048574
917502
1048576
1114109
1048573
917501
917503
1179645
1114112
1048573
917501
917501
1048576
983037
917503
786431
786430
917502
1114110
1048573
917502
1114112
1114110
983039
983040
983039
1048575
917502
917501
1048573
786432
851968
917502
917501
917502
983039
983040
983037
1114109
1048575
851968
983038
851967
720893
851966
917502
851968
1179647
1114112
1114109
1048573
1114109
1048574
-3
-2097154
1703934
4063232
2031616
196608
589822
917502
1048575
851968
851965
983037
917504
786429
1048574
1048573
851967
786430
655359
655359
720896
655360
589823
1114112
1572862
1507327
1310717
1245184
1245182
1048573
1245183
1245182
917504
983037
1048575
1114112
1114110
1114110
983040
983038
917503
1114110
1179647
1179648
1114112
1114112
1179648
1179647
1114112
1114111
1048575
983039
1114109
1179646
1048574
1048575
1048576
1114111
1048574
1114112
1048573
983038
1048573
1179645
1179646
1179645
1048575
1048576
1048574
1114110
1179645
983040
983037
1048573
1048575
1114112
983040
1048576
1048575
1179645
1048574
1048574
1114109
983040
851966
1179647
1179645
1048573
786430
786430
983040
720895
1114112
1376254
1245181
1114110
1048573
1048574
1179646
65536
-2686977
1835008
4259838
2097150
393213
327680
655360
851965
917501
1114109
983038
851968
1048574
1114110
983039
917501
917501
589823
524285
589824
720895
851968
1114112
1507326
1507326
1441792
1310719
1245182
1179648
1048576
1048573
1048574
917502
917503
1048576
1245181
1048576
1048573
917504
983038
1048573
851966
983038
983037
1048573
1048574
1179646
917503
1114112
1048574
1048575
1114112
1048574
983040
1048575
1048575
1114110
1179647
1114109
983040
983038
917503
1048573
851968
983037
983040
983038
1048574
1114110
917503
983039
1114111
851968
983039
1179646
983040
786430
1179646
983040
1048574
917504
851965
786431
983040
1048574
917504
655360
1114109
983040
1310719
1245184
1114112
1114111
917503
1048574
1245184
-1048579
-1441794
3866621
3407871
1179646
262144
655359
851965
983040
1048573
917502
917504
851967
1114111
851966
1048573
851968
720896
917501
524288
655358
917501
983040
1376255
1441791
1441791
1572861
1310719
1245182
1376253
1179645
1048575
851967
851966
1114111
1048576
1048575
983037
917501
983039
1048573
1114110
1048575
983039
1048573
1048575
1179645
983040
917504
1179645
1114111
1114109
1114109
1179647
1114109
983038
917504
1179648
1245183
1114110
1048576
1048573
1048573
1048576
1048573
983040
917503
983040
1114110
1048573
720896
851966
1114111
983037
983038
851966
983040
917502
983040
851967
1048574
1245184
1114111
1048575
1048574
1048576
1048576
1114109
851965
983038
1114109
1048574
917501
720896
851968
524286
655360
1179645
1245182
1245184
1114112
1048573
917503
1376254
-1179648
-1966083
3211263
3997693
2752510
524288
786432
851966
1048574
917503
851965
917504
917503
786432
917503
851966
786430
917503
983039
589822
458750
786432
1048573
1376253
1703934
1572861
1572862
1245184
1310717
1245183
1048575
983040
1114109
1114110
1114109
1048575
1048573
1048575
851968
1179647
1048574
1179645
1179645
1048576
983039
786432
1048574
1048575
983040
917503
917502
983040
983039
851967
851967
1048574
1114111
1048576
1048573
1048573
983040
983039
1114112
917504
1048575
1114109
983039
983039
917501
1114112
1048576
983040
1114110
1048575
1048574
1179648
1179645
851968
786430
1048575
1048574
851966
851965
786430
589822
1048573
1245182
1048575
1114109
917503
917503
1114112
655357
-2424834
655357
4653054
2293760
458752
589822
983037
851967
917501
917501
917503
851967
983037
851967
655360
655358
524287
524285
983038
1179645
1441791
1310717
1114112
1245182
851968
851966
1179648
1114110
983040
1114109
1114109
1114111
1048573
1048576
1048573
983040
1048573
1114110
1179647
1114111
1245181
1245183
1179646
1048574
917503
983039
1114111
983038
1114110
1048573
1048574
1179647
1245182
983038
1114112
1114109
1048573
1114110
917503
1048573
1048575
1179646
1114111
1179645
1048576
1048574
983039
1114112
983038
1048576
983038
1179648
1114109
983039
1048574
1179645
1114110
983037
983037
983040
1114110
1048574
1310717
1179648
1114112
917502
-2293762
524286
4521983
2686975
655358
327679
524288
1048576
1179645
1179648
983037
1048576
1048575
917504
1048574
983038
720895
720896
589823
524285
851966
983038
1048576
1769469
1572864
1507326
1441789
1179648
1048575
983037
1048573
983040
983040
1048576
1114112
1179647
1048573
1048573
1245181
1114109
917504
1179648
1114112
983037
1048575
1114110
1048576
917501
1048573
983040
1048573
1048574
1048575
1048574
1114109
917503
1114109
1114112
1114112
1048575
917503
1048573
1114109
851966
917501
851968
983037
1245181
1310718
1245183
1179646
1048576
1179648
393213
-1441795
-1572866
3801085
3670015
1179645
131069
524287
917501
851968
917504
983038
851965
786432
917501
917501
786429
720896
458752
524285
589821
786431
1376256
1507328
1638397
1310720
1376256
1114112
1179646
1114109
1048573
1179647
1114110
1114112
917501
917502
1245184
1245181
1048575
1114110
1114110
1179646
1048573
1048573
1114110
851968
1048576
1179645
1245183
983039
1048576
851965
917501
851968
1179645
851965
983039
983038
983037
983039
1179646
917503
983037
1114111
1114111
1114111
1048573
851967
917502
1048576
1048576
1179645
1114109
983037
1048576
983040
983037
917504
1048576
917504
917503
983039
720893
851966
983039
1179645
1245183
1114110
917504
1048573
1310718
-524291
-1900544
3407869
3670013
2162688
524285
393213
720896
786429
917502
983039
851966
851968
851966
917502
851968
851968
720895
524288
458752
458751
589823
1310719
1572864
1245182
1114112
1245183
1245183
1114110
1048576
983038
917503
1114109
1114110
1179648
1048575
1179645
1245181
1114111
1114111
1310718
1048574
1114112
1179648
1048575
1179647
1048575
1048575
1114112
983037
983039
1048576
983040
1179645
1114111
1114112
917504
1114109
1245182
1179646
1114111
1048574
1114110
1048574
851968
1245184
1114111
917502
1179646
1048575
1048575
1114109
1114112
1179645
1114111
983039
1245184
1310717
917501
983039
1114112
1048573
1048573
1114111
1245184
983039
1048573
983039
983039
1179648
1179645
1245182
1310717
1245181
1114110
1179645
-2031618
-2293763
2424832
4128766
2031616
262142
589824
786430
983037
851968
983039
851968
983040
1048573
983037
786431
524286
524287
589823
851967
1114112
1572864
1376255
1376253
1376255
1245182
1114110
1114111
851967
1048576
983039
1179647
983040
1179647
983038
917502
1048574
1114109
1179648
1114110
1048576
983037
1048573
1114111
1048573
917503
983038
1179645
1245184
1114111
1048573
786431
983040
917501
786432
1245183
917503
983038
917504
1114110
983037
1048575
1179645
917504
1114111
1245184
1114111
983037
1048574
1048575
1048574
1114112
1048574
1114110
983038
917504
1114110
1179648
1179645
983038
917502
917503
851967
1114112
1310717
1114111
1310717
1245184
983037
1114112
917504
-1966080
327680
3276797
3866622
1441791
327678
524288
917503
786429
917503
983038
983040
983040
983037
851967
851966
851966
917502
589824
524288
720893
851967
1507326
1638400
1572862
1245184
1114112
1048573
1048574
1114110
1048573
1048575
1114111
1179646
1114110
983038
983040
1245182
1048576
1048574
1114109
1114109
1048576
1048573
917503
1179647
1048576
1114112
1114111
917501
1114109
917503
1114110
1048576
983040
983039
1048573
983038
1179647
1048575
1179645
1245181
1179645
917503
983037
917504
1114112
1114109
1245182
786432
1114110
1048574
1245184
1048576
1048574
1048576
1114111
1179648
983037
851968
1114109
851966
1114110
1114111
1114110
1048574
786430
1179648
1245183
983039
983039
1376255
-1966081
-2883587
1507328
4456448
2228221
327680
720895
851968
983039
983037
851965
917501
917503
1048575
1114110
851966
524288
524286
589823
1114112
1376256
1572862
1572863
1179646
1114111
1114111
1114109
1048575
983040
1310717
1048575
1114109
1376254
1179647
1048575
983039
983039
1048574
1048574
1114111
983039
1048576
1114112
1179647
983040
1048576
1048574
917504
1048574
917504
1114109
1048574
1114110
1048573
917504
983038
917503
917501
1114110
1048574
1048575
983040
1114110
1114110
917503
983040
1114109
1048575
983038
1048575
1048573
851966
786431
917503
851967
851966
1245182
1310717
1114111
1245182
1048574
983038
1179646
-786433
-2031617
3145728
3866624
1310717
131069
589824
1048575
983040
851968
917501
917504
851966
786431
851968
983038
917501
720893
589822
589823
720894
786431
1310717
1703933
1507328
1441789
1310720
1114112
1114109
1114109
983039
917503
983038
983039
917503
1114111
983040
1114110
1114109
786431
786430
1048575
1048576
1114112
983038
1114112
1310720
1114111
983037
851965
917503
1048573
1114111
1179648
1245181
1179648
1114112
786432
983040
983040
1179645
1179645
983037
1114110
917504
1245182
1114109
983037
1114110
1114112
1048575
983040
1179645
983039
1048575
983040
983039
983037
1048574
1245181
1048576
1114109
1114111
983038
917501
983038
851968
917501
720895
917504
1179646
1179648
1114109
1245183
1048576
917504
-2293761
-196608
4325376
3145726
655360
327679
589821
851967
851968
1179645
851966
983040
1114112
1048574
1048573
786432
720893
655359
655358
786431
917502
1179648
1703934
1703935
1376255
1245181
1245182
1310718
1310719
1048576
1114111
1048574
1310718
1179646
1048576
1114109
1114111
917504
1114110
1179646
983040
1048574
1114111
983040
917504
1179647
1245183
1114112
1179646
983040
983038
917502
983037
1048573
983038
1048573
1114111
983039
1179645
917504
1114110
1179648
1048576
1048574
983037
917504
1245183
983038
917503
983037
1114109
983040
1048576
1048573
1048575
1048574
983037
786431
983037
1048574
917502
983037
-2097153
-589824
4259837
2818045
786429
327677
720895
1048574
917503
917501
786429
917504
917502
720895
851967
786431
720893
589824
524288
458750
851968
1245182
1638397
1507327
1441792
1245181
1048574
1114110
1048575
983037
917504
983038
851965
983037
1048576
1179645
1048575
1048574
1048574
983040
1179647
1048573
851968
1048576
1048574
851966
1048575
1048575
917503
1048574
1114110
1048573
1114110
917502
851968
917502
1048574
851966
851965
1048573
1048575
720896
917502
917503
1048574
1048574
1048576
1048575
1179645
1245181
917501
983040
1114109
1048573
1114109
983038
917502
983040
1048573
1114109
720894
655360
1114112
1179648
1048574
1048574
786432
1179645
-851970
-2555904
2752509
4259839
1769471
589822
983037
1048573
1048574
917501
983038
983040
851967
786429
720894
851965
720895
589823
786432
917502
1114109
1507328
1441790
1376253
1572863
1245183
1179647
1048575
1114109
1048576
917502
983040
1048576
1114110
1179645
1114109
917504
1048575
1048574
1179645
1114112
983040
983038
917502
1114109
1048573
917501
983039
983039
851965
1114110
786432
786431
983038
1048575
983039
1048573
1048576
983040
1048576
1179648
983040
1048575
1048574
917501
917502
983039
917504
917502
917503
917501
1048574
983039
851965
720895
983037
1048576
851966
786432
1179647
983039
983037
917501
851967
983038
983040
1114110
1048573
786431
786430
655359
851965
1179645
1245181
1179648
1048575
983040
1048573
65535
-2555906
1835005
4587519
1572861
262141
720894
720893
786430
786430
1048573
983040
786432
851966
720893
851968
720895
720896
589824
458749
589822
1179645
1638398
1507325
1376254
1114109
1048575
1114111
917503
1114111
983039
1048573
917504
1179646
1114110
1114109
983040
1114109
1310719
1048574
1048574
1179645
1179648
983040
983038
1048573
917504
983038
983038
983040
1114110
1114111
1048575
1179648
1245183
1114111
917504
917504
983040
1179648
917502
1048575
1048576
983038
1048575
1179646
1048573
1048574
1245182
983040
1245182
1114110
786431
983039
1048575
983039
1114109
1048574
1048574
851966
1114110
1245181
983038
917502
1114111
917504
983038
983037
1179645
1114109
1048574
1048576
983038
917504
1048574
1114110
983037
786432
1835006
-524290
-4849667
-983040
4980734
4194301
1703935
1114112
1245181
1245183
1376255
1310718
1114112
917502
917503
1179648
1179647
1048576
983038
1114111
983037
851965
851966
1048576
1048573
1048574
917504
1179647
1048573
851968
917502
983038
983039
1179646
983038
1114109
1245181
1048576
1114109
1114109
1179648
1114111
1114111
1048573
983039
983038
917503
1114110
851966
1179645
1114112
1179648
1114109
1114109
1048573
1048575
1114112
1048574
1179647
983039
983040
1114109
1048575
983039
1179647
1114110
1114111
1114112
1179645
1048574
1048573
1179648
1245183
1114109
1048575
1048574
1114109
1048574
983037
1114110
1114111
1114112
1179645
1179647
917504
720894
851965
1114109
1507326
1310719
983040
917503
917503
655360
-2621441
393215
4456445
2883584
1638397
327678
851965
983039
917504
983039
983038
786432
1048574
983038
983040
917503
720895
589823
589822
589821
851965
1114110
1572862
1376253
1310717
1114110
1048574
1179647
1310717
1048576
1048574
917504
851968
1048576
1179648
1114112
1114109
1245181
1114111
1179645
1114109
1179645
1048573
917501
1048574
1048574
1114112
1114110
983038
1114112
983039
1048573
1114112
1048574
1114112
1048575
1114111
1179645
983038
1048573
1048573
917503
917504
1245183
1179647
1114110
983039
917502
1048574
1048575
1048573
917503
917502
1048576
1048576
983037
1048576
1114109
1114111
1048574
917504
983037
851968
851967
1048573
917503
917503
983038
917504
917503
589824
1048576
1376256
1179647
983040
917504
1048574
1048576
917502
-1966083
-2293762
2293757
4128767
1572864
196605
524287
720896
917502
1114110
917502
983037
917504
983040
1048576
983038
917502
720895
720895
589822
655357
786429
983037
1441789
1441792
1441791
1310718
1310719
1310717
917504
1048576
1245184
1114111
1245182
1245181
1245182
1245182
1048573
983040
1114111
1048576
1114112
1245181
1048573
1114110
1048574
1179646
1179648
1048574
917501
1048575
1048576
851967
1114112
1179645
917503
983040
917504
1179645
1114112
983038
1179646
1179646
1114111
1048575
1114112
1114110
1114109
983038
851967
1114111
1179645
1179645
1114111
917504
1048575
983038
1048573
1048576
1048573
1048574
1114111
1179646
1114110
983040
983040
983037
917504
1114111
1114110
917504
983040
1114111
1179647
917501
786429
655359
851968
917502
1310717
2031613
-262146
-4128768
-786435
4784126
4325376
2949120
720893
1310718
1310720
1179647
983037
1048575
1048574
983040
983037
1048574
1245182
1179646
1048573
983039
1179645
917502
1048574
655358
917503
1048573
1114112
1310718
1245183
917502
851965
917502
917503
1048575
1114112
1114109
1048576
1179648
1179647
1048573
917504
1179645
1048574
983040
1114109
1179645
1048575
1245182
1179646
1048575
1048574
983039
983038
1179646
1114112
1179645
983037
1048574
1048576
983038
917503
983037
983038
1114112
1048573
983038
1048576
1048576
1048573
1114109
1179646
983037
851967
917504
1179648
983039
1048575
1048576
983038
983040
983037
983038
1114109
983040
1048576
983039
1114112
1114112
1114112
917503
1114110
1114112
1114110
1048576
1179645
1114110
1048573
851967
786429
786429
1179647
1310719
1245184
1179645
983039
1114112
-2818050
-3538945
2424832
5177343
3276797
720895
1179645
1048573
1310720
1310718
983040
1114112
1179648
1310719
1310718
1179646
1114112
1048575
1048574
1048575
1114112
1114111
851965
1114109
983039
1179646
1048573
1179646
1048575
1114111
917504
1114109
1179646
1048573
1114109
1179648
1245184
1179648
1179647
1245181
1048575
1179647
1114109
1179646
1245182
1179648
1179645
1245182
1114111
1114111
1048574
983039
1048573
983038
983037
1179648
1179645
917504
1114112
1114110
1048574
1048574
1245182
1179645
983040
983038
1048575
917504
983038
1114111
1048576
1179645
1310719
1114109
983038
1114112
1179645
1310717
1114110
1048576
1114112
1179648
1114110
1048574
1114111
1048576
1048575
983037
1114112
1179646
983038
851966
851966
1376255
1376254
1114111
1114110
786431
983037
1245184
-1441794
-1245187
3735549
3342335
2228222
327680
589821
786432
720895
983040
917503
851967
720896
851967
983039
851965
720895
983039
851966
458752
393216
524287
851965
1245181
1638398
1572863
1441792
1376256
1114109
983038
1245182
1179647
983040
1179646
1048576
983039
1048574
1048573
1114112
1048575
1048576
1048574
983040
1114109
1048575
1048575
983039
1048573
983037
1179645
1114109
983040
1114110
1179645
1179648
1114111
1114109
1245183
1048575
983039
851967
1048575
1048573
983038
917501
1179648
1114110
1114109
851966
917503
1048575
1048575
983038
1179647
851967
851967
917502
851965
983039
1179648
1048576
983038
983037
1048574
1048575
1048575
983039
786432
851965
917501
1114111
1310720
1310717
983039
1114111
1114110
1245184
458750
-2621440
1441792
4325373
2293760
1114112
262144
786430
786431
851965
983037
917501
1114109
851966
851968
851965
720895
655360
655360
786431
655357
655357
851965
1376254
1507328
1703933
1441789
1245183
1376253
1179648
1179647
1245181
1179647
1114109
1114112
983039
1179648
851968
1048575
1179645
917504
1179647
1245182
1048573
983039
983037
983037
1114112
983038
1048574
1048576
1114110
1048574
983038
1114110
1114109
1114112
983038
917501
1179645
1048573
917502
1114110
1245182
1179647
1048574
917504
1048576
1179647
1048575
983038
983037
1179646
1179645
983040
983038
917501
983039
851967
851966
786432
851967
1048574
1310718
1179648
917503
1114109
1114112
1310717
131071
-2686976
1769472
4259837
3211263
983038
131071
589823
983038
786432
917501
786432
786429
917501
917503
1114110
983038
786431
917501
655357
458749
786431
983040
1507327
1703933
1376255
1310718
1376253
1245184
1310720
1114111
1048575
1048573
1245182
1114109
1114109
917502
1048576
1048574
1048575
1048574
1048574
1114109
1114109
1114109
1048573
983037
1048575
1114109
1114110
917502
1048574
1048576
983038
1114109
983038
1048573
1114111
1048576
1114110
917504
1048576
1048576
1048575
1048575
1114111
1114109
1114111
1179646
1048574
1048575
1179646
1048574
1114110
1114109
983038
1114109
1048574
983039
983038
1245183
1048576
917504
983039
983040
1114111
1048575
1114110
1179645
917504
917501
1179645
1114109
851966
983039
917504
1179645
1179647
1114109
655359
1572861
589821
-3932162
-2818049
4063229
5505023
2490368
720894
1245183
1376254
1179647
1114110
1179646
1048574
983039
1179647
983040
1048574
1114112
1114109
1179645
1048575
1114109
917502
917504
1048573
983040
917504
1114112
1048574
1048575
983040
983040
983037
983040
1179646
1245181
1048573
983039
983039
851967
1114111
983037
1114110
1048573
1114109
1245184
1048575
786432
983038
1114112
1179647
1114111
1179645
983037
1048573
1179647
1245182
1114112
1179646
1114112
1048576
1048575
1179647
1179645
1048576
1048573
1179645
1114112
1114111
1114111
1245182
1114111
917501
917504
1179647
1310718
983037
917502
1048575
1048576
917502
917503
983038
1048574
917502
983040
1114110
1114109
983039
1048574
1048576
983039
917503
720893
720893
983040
1441791
1114112
1310718
983037
1179648
1310718
-2162690
-589825
4194303
3211264
1900541
131070
917501
655359
851965
851966
851966
786430
1048573
851968
917501
983039
786432
655359
786429
655358
589824
917502
1507327
1703934
1441791
1179646
1245183
1179648
1114110
1048575
1048576
1114109
1048574
1114111
917502
983039
1114112
1114110
983040
983038
983039
1114109
1048575
1179645
1114112
786430
1114109
917504
917501
851968
917503
1114111
1048573
1048575
1114112
1048575
983037
983037
1048574
917502
1114110
983038
1048576
1048573
1048573
1179647
1048574
983039
1048574
851966
983038
1048574
1114111
983040
917502
720896
917502
917504
1114110
983039
1114109
1048573
1048575
917504
917504
983038
786431
917504
786432
786432
786432
983040
1245182
1114112
1114110
983038
786432
1048574
983040
-1900545
65533
4259839
3866621
1572861
393216
851968
983037
983040
917504
1114111
1048575
917504
1048575
983038
851965
786429
589823
589822
589821
589822
917501
1507327
1638400
1638399
1638398
1441790
1179647
851968
1048575
1114109
983040
983040
1114110
1114109
983039
1048575
917502
1114110
1114110
1048575
1048575
1114110
983037
1114110
1114110
1114109
1179646
1179645
1048573
1048573
1048576
1048574
1048574
1114109
1179648
1114109
1048576
917502
983040
1114110
1179647
983039
1048575
1048575
983039
1114110
1048573
1048574
983040
851966
983040
786430
851965
851966
851965
983038
1114112
1376255
1114110
1114110
1114110
1114111
1048575
-2424832
-262147
4259839
3014656
720896
131071
655357
786430
851966
1048574
983038
917503
1048573
917502
851966
851967
983038
983038
655360
327680
458751
786430
1114111
1441790
1769471
1441791
1310720
1245183
1114110
1245181
1114112
983038
1114110
1048574
1114110
1179647
1245184
1048573
1114110
1048573
917503
917503
1114111
1114111
1245182
1114112
1114112
1245182
1114110
1114110
983037
1179645
1048576
983038
983040
983040
1048576
1179645
983039
917503
983039
983037
1114110
1048575
1048576
983039
917502
720895
786430
720894
1114111
1376256
1179648
1114112
1048573
1114111
983040
1048575
-1572867
-1114112
4128768
3276798
917502
327679
655360
720896
786431
786431
1048573
983037
851968
1048573
983039
786432
786429
655359
524286
458749
589822
1048575
1245183
1638397
1572862
1441792
1572863
1376253
1179648
1114112
917503
917502
851967
1179648
1048574
1048576
1179648
1048573
1114110
1048574
1114109
983038
1114111
1114111
1245182
1048573
983040
1114112
1179646
1245182
1179646
983039
1048573
983039
917504
983039
1048576
983039
851968
1179645
1048573
1114109
917503
983039
1048576
917504
851966
917504
851967
983037
1114110
1245183
851967
983039
1048576
983040
917504
983037
786432
983037
983038
851967
917501
1048574
983037
1114109
1179647
983040
1048575
786429
851968
851966
917502
1114112
1572861
1245182
1048576
917504
1114112
1179647
196606
-2818048
1310719
4521984
2490368
393214
458749
917504
851966
917501
851967
851966
851966
917501
983038
983040
720895
851967
655359
655358
655358
983040
1441790
1638398
1769471
1572864
1507326
1310719
1245181
1114109
1114109
1179646
1245184
983040
1114109
1179646
1114110
1114112
1048574
1310717
1310720
1114110
1048574
1048576
1114110
1114109
1048575
1048573
1048573
983038
1114112
1114109
1048575
1048576
983039
983038
1048574
1245182
917502
1048573
1179646
917503
983039
983037
983039
983037
851968
589823
851965
786429
1048576
1376254
1114112
1048576
1048576
983039
983038
1048574
-1441794
-1769475
4063232
3670016
1114109
196608
589824
655357
851967
851966
983040
1048576
851968
786431
786431
851967
655359
458751
393215
589824
655359
917504
1572864
1638398
1638400
1441792
1245182
1245182
1114110
983037
983037
1048575
1179645
1048576
1179647
1179647
1310717
1179645
1114112
1310718
1179647
1114109
1179645
1245184
1245181
1048576
917501
917503
1114110
983040
983039
983040
1048575
1114112
1048573
983039
983037
1179646
1179645
1048573
851965
1048574
1114111
983040
1048574
1179645
1179645
1179647
1179648
1114109
983040
1114111
983040
1048576
1048574
917501
917504
1114110
917503
917503
1179646
1114109
1114109
983040
786430
786432
786429
983038
1245182
1245181
983038
1114110
1114109
983040
1179646
-262144
-2097155
2883582
4063230
1376253
262143
589821
786431
851967
917504
851965
786431
917501
983038
786431
1114111
851968
655359
655357
524285
589824
983038
1048573
1245184
1703936
1638398
1441792
1507327
1245184
1179647
1114110
1179646
917503
983037
1114109
1048573
1179645
1114111
983040
1114110
1048575
1179646
1179647
983037
1114110
983037
983040
983038
983040
1179646
1245184
1179648
851968
1179646
983039
917504
1179646
983040
983038
1114111
786429
983037
1114110
1048576
917502
1114109
1179648
1048576
1048576
917502
851967
1114110
917503
917503
851966
655359
851968
1179645
1507326
1310718
1376253
1114111
983039
1114110
917502
-2621440
-262147
4456447
3014653
589824
458752
524288
917503
1048574
917502
917503
1048575
1114109
917502
983039
1048576
917503
851965
524287
393214
458749
983037
1376255
1507328
1441790
1638400
1310720
1310720
1179645
1048576
1048576
983039
917504
983040
983038
983039
1245182
1179648
1114109
1048574
1048575
983039
1114112
983039
1179646
983040
1245181
1179648
917504
1048575
1179648
1179646
1048573
1114109
983038
917504
851966
1114111
851966
1048574
1048575
1048576
983037
983040
1048576
1114109
1048573
1245181
917502
786431
655359
786429
917503
1245181
1245181
1114111
983040
983038
1048575
-1966082
-458755
4718589
2752511
655360
262143
589821
1048574
917504
851965
851968
786432
917503
720896
720896
720895
851967
720896
458750
524287
655358
720893
983039
1507327
1638397
1572863
1376254
1179648
1114112
1114111
1114110
1179647
1179645
1048573
983040
983038
1048574
1048575
1179648
1114111
1114109
1048573
1048574
983039
1048575
1245183
1048575
1114111
1048574
1114110
1114110
1114111
1179648
1048575
1114111
1114111
1048575
1048574
1048575
1114110
1048576
1245182
1179646
917503
983038
1048576
1114109
1179648
1179647
1114110
1048574
1048575
1048574
1048573
983037
917503
851967
851968
851968
917504
1114111
1310718
1245182
1179647
1179648
1179645
524285
-2359298
1048576
4718589
1179648
327677
655357
851968
983039
1114109
1048576
1114111
1048576
983040
983039
851965
786432
720894
655357
589822
589821
851966
1179645
1507325
1835005
1572862
1310717
1376255
1310717
1245184
983040
1114109
1179645
983039
1114109
1114112
1114111
1114109
983040
1245183
1245181
1114110
1179645
1245182
1245183
1179646
1245181
1245182
983037
1114112
1310717
983039
1114110
1245181
1179648
1048574
1048575
1114111
1179647
1048573
1048575
983039
1048575
1245182
1114109
983040
983039
917501
851965
1114112
1245183
1376255
1179645
1310718
917503
983037
1245183
-1966081
-3080192
1638399
4653053
2162688
327679
393214
851965
851968
786431
917502
1048574
851966
786429
720895
720893
917501
720893
458750
524286
393216
589824
1048575
1507328
1572863
1441790
1441792
1441790
1179645
1179648
1114111
983039
1114109
1114110
1179645
917504
851965
983039
1179648
1048574
1179647
983037
1114111
917502
1245182
1245181
983040
1114112
983040
1048573
1114109
917503
983039
1179645
1048573
917504
1048575
1114112
1048575
983039
983039
917502
851967
1048573
917503
917503
1114112
786431
786432
851967
851968
1114111
1245181
1245181
1114111
1245184
983040
917504
786431
-2031618
65535
4653053
2359296
720893
458751
851965
1048576
917502
917504
786430
720896
917503
983037
851966
524286
589824
524285
655358
851968
1048574
1703934
1441789
1376254
1310718
1179646
1179646
1179645
983039
1048575
1048574
851968
1114111
1048573
1114111
1245184
1048573
1179645
1048575
1048576
1179645
1048576
1048576
1179646
1179646
917503
1048573
1179648
1048576
983037
1048573
1114110
1179647
1114112
1245182
1179645
1114110
983040
983039
1179645
1376254
1179646
983039
917503
917504
1048576
1048573
983040
983039
1114111
1179645
917503
1048574
983037
983037
1048574
786430
983039
1245182
1310720
1376253
1245183
983037
1179647
1179645
-131073
-2555905
2031614
4390909
2031615
327677
524286
655360
1114110
851966
1048573
917503
1048576
983039
786431
917503
983037
720896
786430
655357
458750
917501
983037
1376253
1638399
1638397
1507325
1441792
1179646
983039
1114112
1048574
983038
1048574
1048573
1114111
917501
1114110
983039
1048573
983038
1245182
1048574
983038
1114111
1114109
983038
917503
1048576
917503
1114112
1048574
851968
917504
917504
1048575
983039
983040
1048573
983038
851965
851965
1048576
917502
1048574
983037
983040
1114110
983038
786431
851967
917503
851967
917504
786429
720896
786432
655360
917503
1179648
1179645
1179648
1310717
1114112
786430
1245182
458751
-2686976
1114110
4653056
2031613
524287
524288
720893
851965
786430
786430
720894
1048574
851966
851967
786430
589822
524285
524287
458751
524288
786430
1572864
1703934
1441790
1441790
1179645
1048576
1114109
1245181
1179646
1114111
1114111
1114112
1114109
983039
1179647
1114112
1114110
1114109
1114112
983038
983037
1048574
1048575
983038
1048576
983040
1179647
983039
1048574
917504
1114112
1114110
917504
983038
983037
1114110
983039
983038
1048574
1114111
1114111
1179647
983037
851968
851968
1048575
1114111
983040
917504
786432
917504
1179645
851966
1114110
1114109
983037
786430
917503
917502
720894
1114112
1245181
1310720
1179647
1376253
1048576
1179647
393215
1572864
4456447
3342334
1114112
262143
786431
1048576
851967
786430
917502
983038
917503
917501
851965
851965
720895
589824
589822
720895
917503
1114111
1572864
1507328
1572862
1441791
1179647
1245183
1245182
1114109
1114112
1114111
1114109
1114111
1245181
1114112
1245183
1114109
1179646
1310719
1245181
1114109
1048573
1048573
1114111
1048575
983039
983040
1179647
1048575
1114110
1048575
1048575
1048576
1179648
1179648
851965
917502
983037
983037
1179648
1310718
1114110
983040
1048575
1114111
1179647
983040
1048573
851965
1179646
1310720
1179646
1179648
1048576
1114111
1376253
1245181
-2293762
-786433
4587517
3014656
983040
458752
655360
983038
851967
1048575
1048575
917502
851965
917501
983039
1048576
917502
786430
458749
458751
655360
1048574
1245181
1638397
1769470
1507326
1310719
1441790
1179645
1114109
1114109
1048576
1114112
1114110
1114110
1245183
1114109
917501
1245183
1114109
983038
983037
1114110
1048573
1048576
1114112
1179645
1048575
983039
983037
1114110
1245183
1114110
1114110
1114109
1048573
1179648
983040
1048576
1048575
983038
983039
851966
1048576
983037
917502
1048574
1114111
983040
1048573
1048573
786431
917501
851967
851967
983038
1310717
1441789
1179647
1114110
1114110
1245184
524286
-2424835
1245181
3866623
3538944
1179646
262143
524285
851968
851966
1048574
917502
786429
851967
983039
786430
851965
917501
720893
655360
458751
720895
720896
1048576
1703933
1572861
1441790
1245184
1179648
1245181
1179646
851968
983038
917501
917501
1048575
1048576
983039
1048575
1179646
917501
983038
1179645
1048573
983039
1048573
983038
1179646
1048574
983038
851968
1048576
1114109
1048576
983038
917503
1048576
917504
983039
983038
1048573
983039
786432
851968
1048573
983037
983039
1048576
1048575
1048573
917504
983038
917503
917502
917504
917504
1179648
1179645
983040
917501
1048573
1048573
917502
917503
1048576
983040
983039
1048575
983037
1048575
1114109
786430
983039
917504
917504
851967
851965
1179648
1376254
1441789
1114109
1048574
1114110
1048576
983037
-2359297
-458755
4390910
3080189
786432
327678
589823
851966
851966
851966
983037
983040
983038
917503
1048576
1048573
851968
524286
524287
524287
851967
1114112
1572861
1572864
1441792
1310719
1310717
1179646
1179647
1245181
1114110
983039
983040
1048575
1048574
1245181
1179647
1179645
1048576
1048574
1114112
1048575
917503
983039
1114112
1048573
1114109
1114112
1048576
917501
851967
1179645
1114110
917504
1114110
1114109
1048576
1048576
1048575
1048576
851967
1048573
983037
983038
1114112
983040
1048576
851968
917504
1048576
983040
1048575
983040
917503
983037
983037
1048576
1048574
1048573
1048574
1048573
983039
1179645
1179646
983040
851966
720893
917502
589824
851966
1245183
1114109
983038
851967
1114111
1114112
458750
-2621440
917504
4587519
2097149
458752
393216
655359
1114110
983040
786430
1048573
1048574
1114109
917502
720895
786432
589823
524285
720893
524288
1507326
1703934
1703935
1245184
1179647
1245181
1179646
1179647
1114112
1114111
1114111
1114112
1245184
1179645
1048574
1048574
1245182
1245182
1114112
1245182
983039
1048575
917504
1048574
1179646
1048574
1048575
1114110
1179648
1114111
1048575
1114109
1179647
1048574
1114111
1179645
1179648
1179647
1114109
983040
1114109
1048574
1179646
1179648
1048573
1179646
1048575
1048573
1048574
917502
1114109
1048576
1114111
1048576
1179645
1114112
1048575
1048576
1179647
1310719
1245183
1048574
786432
720896
786431
851966
1310718
1310717
1245182
983040
1048575
1114111
1179646
-2162689
-327683
3080190
393215
851966
917504
1048574
983039
983040
1179646
917501
917502
983040
983039
851965
524288
655359
786431
655358
1179648
1441789
1638397
1703935
1441791
1245182
1179647
1179647
1114111
1179646
1048573
1179645
1245183
1048573
851968
983040
1179648
983038
1179645
1310719
1048573
1114109
983038
1048574
1179648
1179647
1114111
983039
1048574
983039
917504
1114110
1114111
983039
851965
1179645
1048576
1048574
983040
1114111
917502
1048573
917501
917502
851967
1048575
1048574
983037
983037
786429
851968
786432
851966
786431
983038
1376253
1245181
1114112
1245181
917503
1048575
-2228226
-2555904
2424832
4259838
1638399
327677
524286
786430
983038
655360
851967
1114112
851968
983040
983038
851968
786432
655359
655359
524287
720894
786429
1048573
1572862
1769470
1572864
1507328
1507327
983040
1114109
983040
983039
1048574
1245181
1114109
917502
983039
1179646
1114109
1114109
1245184
1048575
1048575
983037
851968
983040
1310719
1179645
1048573
1048576
1114110
1114112
1114112
1114111
1179647
1114112
983039
1048574
1245181
983037
1048574
1114110
1179645
1114110
983038
983040
1048575
851968
1114110
1048576
1245183
1114109
917503
851968
786430
917502
917501
1114110
1179645
917504
1114109
720894
983038
1179648
1179648
1179645
1114111
1179645
1114111
-1572866
-1048579
4063229
3407871
983038
393213
655357
786430
917503
983038
983037
851968
983038
917503
786429
786430
720895
655357
589823
720896
786430
1179645
1572862
1638397
1376256
1376253
1310717
1376255
1048576
1048574
1114111
983037
983040
983040
917501
917503
1114110
983038
1048576
983038
1114111
1048573
983039
851965
1048574
917504
983038
917504
983040
1048575
1048575
1048576
983040
1114112
983039
1048573
917504
917504
786431
983037
983037
851967
1048575
1179646
983039
851966
1114109
1245184
917503
851967
983038
1114110
983038
917503
851967
720896
851966
851967
917501
1310718
1376253
1245183
1048573
917501
851965
1114111
-262147
-2752512
2359294
4259839
2228223
196607
524287
851966
983038
983038
1048573
917501
851967
786430
917502
786432
851966
720894
524285
589824
524287
589824
983038
1507326
1572863
1638398
1638400
1179648
1245182
1441791
851966
851965
1048575
1048575
1114109
1048574
983038
851968
917503
851968
917501
1048575
1048573
983040
983039
1048573
983040
917504
917502
1048575
917503
851965
851967
1048574
983037
1048573
1048574
786431
1048573
983040
983038
917503
983039
1048576
917501
1048576
983040
983038
917504
851968
983039
1179646
1048574
983038
917502
917504
720895
589824
720896
983039
1179645
1310720
1376253
1114110
917501
983040
1048576
-1376258
-1441794
4063230
3342336
1048574
65536
589823
786432
851968
786432
786429
917504
786431
786429
786432
655359
851967
589823
458751
589821
917501
1179646
1376253
1638399
1572861
1376254
1376253
1179645
1179645
1048576
851968
983040
851968
851965
983038
1048576
983039
1179647
983038
1114111
1048574
1048573
1114110
1048573
1179645
1048575
983040
1114112
1179646
1114109
983038
1114111
983040
1048575
1179648
1114110
1048574
983040
983040
1114110
983037
983038
1114109
1048573
983037
917504
917502
983038
851966
851966
983040
1179648
1048575
983037
1048575
917501
720893
851968
1179646
1245182
1179648
1114111
1179646
1245184
393216
-2686978
786430
4456448
2555901
327680
655357
655358
917503
917501
851968
983038
1048575
917503
917504
786429
655360
786431
589824
786429
786432
1179648
1638397
1769471
1376254
1310717
1245184
1179646
1114110
1114110
1114112
1245183
1179646
1245184
1114111
983038
1376253
1114110
1114110
1048575
1048575
1048574
983040
1114112
1114111
1114109
1048574
1048576
1179647
1114109
983039
1114111
1245181
1179648
1048574
1114110
1048574
1114110
1048575
983037
1048573
983037
1114109
1179645
1179648
1114110
851968
917502
917503
917502
917503
1048574
1179645
1179647
1048575
1179645
983040
1179647
1376253
-1835010
-1638401
4128765
3538943
1245182
327679
655360
851968
851967
917503
917504
917504
917502
1114109
786432
720895
720896
589822
786429
524288
524286
720893
1376256
1769470
1769469
1441792
1441791
1376256
1179646
1179648
1179646
786431
917501
786431
917501
1310717
1310718
983037
983038
1048573
1179647
851968
1048573
1048573
1114110
1048575
1048573
851967
1048573
983040
917502
1048574
917504
983038
983037
917504
786429
786431
1048575
1114109
1179646
1114109
917504
851968
1048574
1179645
983039
917501
1114109
1048574
917501
1048576
983039
983039
917504
917502
917503
917501
851966
655359
720894
786432
917501
1179645
1114109
1245183
1245183
1048573
1114112
262142
-2555907
1703933
4587518
1835007
327677
589824
589824
851965
983040
1048574
983039
983038
851967
851967
983039
851967
851965
786429
393215
458751
720893
786430
1114112
1638397
1703935
1572863
1310717
1114111
1048573
1114111
983038
917504
1048573
851966
786432
1048575
983040
1179648
1245183
1245181
983038
1114109
1179646
983037
1114112
1245181
1245183
1179645
851967
1114109
1245181
1179647
1114111
1048574
1048574
1114111
983039
1114111
1114110
983038
1048574
1048574
917503
1179646
983037
1245181
917504
1179645
1179645
983040
917504
917504
983040
1048576
1114110
1179645
1114112
1048574
917504
851965
720896
1048574
1179645
1310719
1310720
1310717
917504
1179645
1245184
-1310723
-1703937
3407871
3735552
458752
589824
786431
917503
851966
1048573
983037
851966
917501
851967
917501
851967
720896
655359
589821
393216
786429
917504
1507326
1703933
1638400
1376254
1310719
1310717
1114109
1114110
1245182
1114111
1048574
1114109
1310717
1179647
1179646
1310719
1245184
1048573
983037
983037
983040
1048574
1114111
1114110
983040
1048574
917504
1114111
1114109
1114109
1048573
1048576
1048576
1179647
1048576
983040
1048575
983039
1048574
1048573
917502
917504
1048573
1048574
983038
1048575
1245182
1048575
983037
851965
720896
851968
851968
1376256
1179646
1245181
1114111
1048576
1048575
1114109
196606
-2883586
1703935
4718590
1966079
262144
589821
720895
851965
983039
851968
786431
983038
917503
851968
851968
917502
589822
655360
393216
589824
720895
786432
1310720
1441791
1507326
1572864
1245181
1376253
1114111
851967
1114110
851966
983040
1048573
1048573
983037
983037
1048575
1048575
1114111
983037
1114112
1048573
917504
1048576
1048573
1114112
983038
1114110
1114111
983038
917504
1048576
917502
917504
1048573
1048573
983037
1048575
1114109
851965
917503
1179646
1048574
983040
1048576
1048574
983037
917502
983040
983039
786432
1179645
1048575
983037
1048576
1048574
851966
917501
786429
655360
720895
983040
1310718
1376254
1048576
917504
1114112
1179648
-655362
-2162689
2818047
3866624
2555902
720893
458750
786429
917504
786432
1048574
917501
917501
851968
786432
983037
720896
589824
720894
589821
655359
655359
1048573
1376255
1638398
1638397
1441792
1376255
1245183
1048574
1114109
1114110
1179647
983039
1048576
1179648
983040
1179646
1245181
1048576
1179647
1179645
983038
1048576
1048574
983040
1310718
1114111
917504
1048575
1114112
1179647
1310718
1179645
1179646
1179648
1114110
1114111
1048573
1048576
1114112
983040
1114109
1114110
1048576
983040
1114112
1048576
1048575
1179647
1114110
917501
983037
720896
720893
1114111
1441792
1245182
1114111
983037
1114110
1310718
-262147
-2686976
2293758
4325376
2228221
1114112
524287
589824
917501
917501
1048573
917503
786429
720896
983040
983039
917504
851965
851965
393216
720894
851966
1245184
1507328
1703934
1507327
1179646
1179645
983037
851965
917504
851968
1048574
983037
917501
1048573
1114109
983040
983040
917503
1114109
1179648
917503
917504
917502
983037
1114112
1114111
983039
1048574
1048575
1048573
786430
1048574
983039
1048575
983040
917504
983037
851966
983040
983038
983038
983037
983039
983037
917503
655357
655360
851965
1245183
1179648
1310720
1114111
1179648
393216
-2621440
1245182
4653053
327680
393213
720894
851965
1114110
1114109
917503
983037
983039
720893
851968
851966
786430
589821
458751
720894
720893
917501
1376253
1507328
1638398
1507325
1376253
1179648
1179648
1179646
1048576
983037
1114109
1048576
983037
983040
1245181
1114109
983037
1179648
1179646
983040
1048573
1114110
1114109
1114109
1114110
1114111
1048575
1114112
917502
1048574
917504
983037
983037
1048574
983037
917501
983037
983037
983039
851967
917502
983040
983038
983037
1114109
983040
983039
983040
1114109
983039
1048573
786432
1114110
1310719
1179647
1048574
1048573
1114112
655360
-2424834
393214
4456446
2686974
458750
458752
786429
851965
851966
851968
1048573
1114112
917501
983039
851966
917504
720893
589824
655360
655359
917502
1310717
1572861
1572864
1507327
1507328
1245182
1114109
1114112
1245183
1048576
1114111
1179647
1310718
1179648
1048573
1048576
1048573
1179646
1245182
1048576
1114110
1245181
1179648
1048575
1114110
1114110
1114112
1179647
1048574
1179647
1245182
917504
1179648
1048575
1048575
1048575
1245181
1048573
1048573
983037
1114111
1114110
983037
983040
851965
917502
851967
1114111
1310717
1376256
1310718
1048574
983039
1048575
1179646
-1376259
-1835008
3735552
3932159
1507326
262141
786432
851965
851966
720895
1048575
851966
917504
851965
786432
786430
589823
524286
655358
786432
851966
1703933
1572864
1310717
1048576
917501
1245182
983040
983038
983040
1048573
1179648
917503
983037
1179646
1179647
1114110
786432
983040
983038
851965
917501
983039
983037
1114111
1048575
917502
1048574
983038
851968
1048573
1048574
851965
1048575
1179648
917502
983039
1048573
1114112
983040
851965
983039
917501
917503
917502
917503
917504
786432
655360
1048573
1310720
1179646
983038
1048575
1048574
1114110
-2359299
720893
4521983
2162686
458751
327677
720894
720895
1114109
917501
983040
786431
720896
1048574
786432
917502
720893
458750
589821
655360
851966
1507328
1441792
1441789
1179648
1179645
1048574
983037
1114109
983037
917501
983038
1048576
1114109
1245181
1114110
851967
1114110
1310720
1114112
1114110
983040
983038
1048573
1114109
1114110
1114112
1048576
1048573
1048574
1048575
917504
983038
1048573
1048574
983038
983040
1048574
1114109
1114110
1114111
1048576
983039
983037
983039
786430
917503
983038
917503
1048576
1310719
1179645
1245181
1114112
1245181
1048576
-131075
-2818048
1769470
4325373
3407869
1048573
262144
655359
851966
1048573
1048575
1048576
917504
1114111
983039
917502
917502
720894
720894
589823
917501
917502
1245183
1572862
1769472
1441791
1245184
1245183
1245183
1048573
1114109
917502
1114110
1245183
1114112
1245181
1114112
1048575
1310719
1245183
1441789
1048575
1048575
1179646
1114111
1114112
1179645
1179646
1048575
1048573
1048575
1048576
917504
983037
1114110
1048576
983040
917504
917501
720896
786429
1245183
1310719
983037
1048575
983037
1179646
1179645
917504
4653055
2162686
524287
655359
1048574
983039
917504
786431
983039
720893
655357
458750
524285
1703934
1441790
1179648
1310720
983040
983038
1114110
1114111
1179645
1179645
1048574
1114110
1179647
1179647
1114110
1114111
983037
983039
1114109
1114109
983039
917501
1114109
983040
983039
1114112
1310717
983040
983039
983040
983039
1245183
983038
851965
917502
1114111
1507325
1376253
1114111
1114109
1048576
1179645
-524291
-1835010
3145725
3932159
1507328
131071
786432
851966
1048574
1048573
917503
917504
917502
589821
524288
655360
1245183
1703936
1572861
1441789
1376255
1310718
1114112
1179645
1114111
917503
1048573
1048576
1048574
1114112
1048576
1114109
1048574
1179645
1114109
983037
1048573
917501
1245183
1114112
917501
1114109
1114111
851966
1114112
851967
1048576
983040
983037
917504
786432
720893
720893
589824
1179645
1179648
1245184
1114109
1179648
-2359296
-589826
3276798
917503
393215
589824
786429
851965
983038
655360
983040
917501
786432
1048575
720894
720896
589822
393216
393214
786429
851965
1179645
1441792
1572862
1441790
1048575
1245181
983039
917503
983040
983040
1114110
1179647
1179647
851968
1048575
1114110
1245183
1114112
1179647
1179647
917503
917502
851968
917501
851967
1048575
917504
983037
1114109
983039
917503
983038
983040
1048576
983038
917501
1179646
983037
851966
1048573
917503
1048573
917502
917502
1048575
851967
655357
786430
720896
786431
1179648
1507325
1245181
1048575
917502
1114110
1114111
589821
-2490371
589822
4521984
589821
393213
851966
983040
851968
786430
786431
851966
786430
983039
851967
655358
655358
524285
589821
720896
851966
1638397
1638400
1572861
1376256
1114111
1114109
917504
1114111
1114111
1048573
983039
1048575
1245182
1179648
1179645
1048576
983037
1048573
917503
1114109
1048576
1114111
1048575
983037
851966
983037
1114111
1114109
1179645
1114109
1048575
983039
983037
1048573
983040
983037
983040
983038
1114109
983038
1048573
917504
1048574
983038
917503
983040
983038
851968
917503
1114109
1179645
1245182
1114111
851967
851966
786431
917501
917501
786429
1245181
1376253
1114110
1114110
983039
851968
1048574
-131074
-2621440
1835007
4128768
2031616
393214
524285
786431
917501
851965
786431
917502
720896
786429
786432
851968
786429
917503
655359
458751
589821
720894
917501
1507325
1703933
1638398
1507326
1245182
1114111
1114111
1048575
1048574
1179647
1179646
786432
851967
1114109
1048574
1114109
1048573
983039
851967
917502
1048576
1114109
1245182
1048575
1179646
1048574
1114110
1114110
1310717
983040
983037
917501
983038
1114110
983040
1048576
1114111
1048574
917501
1048574
1048575
983037
1114109
1048575
786429
917502
917503
655359
851966
1441792
1441790
983040
1048574
1179645
851967
-2424834
-65536
4587517
3997694
1441791
196608
393213
983037
720894
983040
1048574
786431
655358
851967
917502
851966
720895
524285
655359
720893
655360
851965
1114112
1835005
1835005
1572861
1376255
1048573
1114111
1114109
1114111
1310717
983038
1048575
983039
1048573
1114109
1179647
1048574
983040
1048573
983037
1114110
983039
1048573
1114109
1245184
1114110
983037
917503
1048574
1114112
1179648
1179645
1048573
1179645
1048575
1114109
983040
851965
1179646
917501
1114109
1179645
917502
917503
983039
1114110
1048576
1114111
1179646
983040
917502
983040
1114110
1114112
1114111
1114111
1048574
786431
983037
786429
851967
1245181
1376256
1245181
983039
917503
1048574
720895
-524290
-2097155
2752510
4063231
1572861
393216
589821
720893
917502
1048574
786431
917501
851966
851966
917502
851966
786430
655357
655357
458751
655358
655358
1179646
1638400
1703934
1769472
1638399
1179648
1376253
1114112
983038
1114109
983039
1048573
1048573
1114109
917504
1114110
1114112
851968
983037
1179646
1114110
983037
1048576
1114111
1245182
983040
1048574
1179645
983039
1179648
1048574
1048575
1048576
851967
917503
917501
1114112
1114111
917504
1048573
983038
1114112
983038
983040
851968
1179645
983040
1048573
1310718
1114110
983038
983037
1114111
720895
786431
589822
917504
1245184
1245184
1245181
1245184
917504
1114110
1245184
327679
-2818050
1310718
4587520
2555902
393213
655359
917501
917503
917504
983038
917504
1048573
917504
983040
983039
983037
983039
655360
589824
524287
786431
1179646
1572862
1703934
1769470
1769470
1507325
1179645
1179645
1048576
1114112
1245183
1048575
1179648
1114110
1114111
1179648
983040
1048576
983039
1114109
983040
983038
1114109
1048576
1179645
983039
1048573
1114110
983040
1048573
1048574
1048576
1114112
1114109
1179645
1048576
983037
1179647
1114109
1114112
1245181
983038
1048575
1114109
1179645
1048574
917501
1114109
851967
1179645
917504
720894
983037
1310720
1310718
1179645
1179646
1048575
1179646
589823
-2686976
786429
4784128
2359293
589824
327679
524286
851966
917503
917502
983040
851968
851966
983039
917502
917503
917502
786432
655359
524286
524288
786432
1179646
1638400
1638397
1507327
1376255
1245182
1114111
1179645
1048574
1114111
1179647
1048575
1048573
1048576
1114111
1114110
1179647
983040
983039
1114110
1114109
1114111
1179647
1376254
1114109
983037
1179647
983037
983040
1114112
1245182
1114110
983039
983040
1048574
1048574
1179646
851968
1048574
1179648
917504
983039
1048574
851968
851968
917504
917504
786430
983039
917502
983040
1114111
1179647
917503
1048575
1114112
1048574
917503
720893
917501
720893
1048574
1310718
1245181
1245181
983040
1114112
1310720
-720898
-2359299
-131073
4390912
3014656
589821
458750
720896
786432
1179646
851967
851966
851968
1179645
1048573
983038
917502
851966
720893
524287
851965
917502
1245184
1703934
1769470
1507328
1376256
1245182
1179647
1114112
1048576
1245183
1048576
1048574
1179645
1048575
1048575
1048573
1048575
1114112
1114111
1179647
1114110
983039
917502
983039
1114109
1114109
1048575
1179646
1245181
1114110
1048574
1245181
1179645
1179647
983038
917503
983040
1114112
1179645
917503
917502
1048575
1114110
1179647
983040
1179646
1048575
786429
1114109
720894
786430
1376255
1441792
1245182
1114112
917504
1114109
1245183
-917505
-2424834
3211263
3801088
1703936
131071
524286
589823
720896
917502
786431
917504
851968
720893
786429
851965
851965
720893
589823
589821
524285
720894
983037
1507327
1835008
1638398
1376255
1179646
1245182
1114111
1114111
1048575
983040
1179646
1048576
1245183
1245181
786430
1114112
1114110
1048574
983038
1048574
983037
1048576
1179648
917503
1048574
917504
851968
1048575
786432
1048576
1245182
983037
851968
917503
983039
917504
1114109
1048574
1048574
1114112
983037
1048574
1048574
917504
1048576
1048576
983040
851968
917502
851968
851966
786431
983040
1245184
1114111
1114110
1048575
1048575
1245182
1114109
-1703939
-655361
4325375
2818047
720894
393214
720895
917501
851968
917504
851966
983037
917502
917503
917503
851966
655360
524286
458749
786432
786432
917501
1441790
1441792
1179647
1310719
1245183
1245184
1179647
1048576
1179646
1048574
1114111
1245181
1245181
1310718
983040
1114111
1114110
1048576
1114111
1114110
1048574
1245183
1114112
1114109
1310718
1245182
1114111
1114110
1048575
1179647
1179647
1245181
917501
1179646
1114110
983040
1048573
917502
1114109
1114112
1114112
1179646
1114110
1048576
1179645
1048575
1048574
1048574
1048576
1114112
1179645
851965
1048573
851967
917502
1245182
1376256
1310717
1245184
1048576
1114109
1245182
983038
-2621441
65536
4259838
2818047
720895
327680
720895
851966
983038
917503
983037
851968
786431
786430
720896
655357
589821
524287
524288
655358
1114109
1441789
1769471
1769472
1441791
1441791
1310717
1245184
1310720
1114111
1114110
1114112
851968
1114109
1179646
1245184
1048576
1114109
1114112
1114111
983039
1179646
917501
1048573
1245182
1179646
1114110
983039
983037
851968
983037
1048575
1048576
983038
786432
851968
851968
1048573
1048575
983038
1048573
917502
1048573
1114111
1048575
917502
851965
851967
655359
917502
1179647
1310719
1245181
1245183
917504
1114109
1245183
-1638401
-1179649
4325376
3211262
983039
327680
458750
851965
851966
1114111
917501
851965
851968
983037
851966
917502
720894
589824
655357
458751
589823
720896
983038
1572862
1835005
1638399
1376255
1376253
1179648
1179647
1245181
983039
917503
1048573
1179648
1179647
983038
1179647
1114110
1048573
917503
1179645
1179645
1048573
1048574
917504
1114109
1114110
1048576
983040
851968
1114109
1114112
1245181
983040
917501
983038
1048576
1245183
1245182
1114110
1048576
1114110
917504
1114110
1114110
917504
1048573
1048575
1048576
851967
983039
983039
1048573
917504
655359
851965
720893
786432
983037
1310718
1310720
1245182
1114111
983040
1048575
655358
-2293763
786432
4456448
1441789
196607
655358
917502
983038
851965
917501
983040
851968
1048574
851968
851966
786432
720894
393215
393215
589822
917503
1245181
1572862
1703933
1507328
1441790
1245181
1048573
1048576
983040
917504
983040
1114109
983039
983040
1245184
983038
1114111
1310719
983037
983039
851967
1048573
983038
1048573
1114110
1114112
1114112
917503
917503
1048575
1048576
917502
917502
983038
1048576
1048576
983037
983039
917501
1048574
1114110
983037
983040
1048573
983037
851968
851966
851965
1048575
1310720
720896
655360
1048574
720894
983040
1245183
1245183
1114110
1441789
983037
1048574
1376255
-1900544
-1376256
4063229
3407871
458750
524287
589822
917504
983037
1114110
983040
917504
983037
851965
917503
851968
786430
851965
720893
589824
720893
1245183
1638397
1638400
1507326
1245182
1310719
1179647
1245181
1048575
1114110
1179646
1114109
1114112
1179646
1114111
983040
1179647
1114110
1048573
1048576
1114109
1179645
1048573
1048576
983039
786430
983039
983038
1048576
1048574
917503
917503
1048576
983038
983038
1048573
983039
917503
917502
1114111
1048576
983040
983037
1048575
1114110
1048573
1048574
983040
851967
851966
851966
1179646
1310719
1245184
1114109
1114110
1114111
1245184
196606
-1703939
-1310722
4325375
3473408
983039
196606
524287
786431
851966
786430
720895
720896
786429
851968
917502
786430
589824
589824
458749
327678
458752
851966
1441790
1572864
1638399
1441790
983039
1179647
1114111
983039
1114111
983040
1048575
851967
1048576
1179647
1179645
1114112
1048573
1048574
1179646
1245181
1048573
983040
1048573
851967
1114110
1245182
983037
851968
1048575
983040
851968
1114109
1179645
1048573
1048573
1048574
1048574
1048576
983040
917503
917501
983037
1048575
917502
917504
917503
983038
1048574
983039
917504
983040
1048576
1048573
1179646
1114109
917503
917504
851968
786430
1048575
1179648
1376253
1114111
786430
1048576
983040
-1900546
-917507
4259837
3342333
917503
327679
589823
851965
917502
917501
983039
983038
917503
983038
917503
786430
786429
655359
983040
1179646
1441792
1638400
1572864
1441789
1376254
1245183
1179648
1048574
1179647
983037
917504
1048575
1114110
1114112
1179645
1245182
1179646
1048574
1114111
1048574
1114112
1048573
1048576
1179646
1114110
983040
1179645
1114110
1114111
983038
917502
983040
1114109
1048575
1114109
983038
1048574
917501
983040
1114111
1048575
1048575
1048575
1179648
1179646
1048574
1114109
1114110
1048574
1114112
1048574
917501
983037
851965
917501
1310720
1245181
1310718
1179648
1048575
1179647
1245181
589824
-2752512
1245181
4849661
2424830
393216
524288
917501
851968
983038
720896
851968
851968
720894
917501
851966
720895
720894
655357
589822
851966
655358
983038
1638399
1572863
1572862
1572864
1310717
1114111
983038
1048573
1114110
917503
983038
1048575
1245184
1179647
1179646
1048573
1048573
851967
983037
983037
917501
1048574
983037
917502
1114111
917502
786430
917501
1310717
1048575
1048573
1048573
983040
1048573
1114110
851967
1245183
1048573
983039
1048574
1048574
917501
917502
917502
983040
917502
983039
983037
851966
917503
720894
655360
786431
786431
851966
1179645
1245184
1245182
851965
1048574
1048575
-2097153
-589826
2621437
4259839
1507327
393214
458750
851967
917501
851965
786431
786431
786432
851965
786432
786431
589821
655357
786429
589821
589821
851968
1114110
1638397
1703935
1572864
1572861
1376254
1048574
1245181
1179648
1048574
917502
917501
917504
1048573
1048575
1114110
1048575
1048576
1114109
1048576
983038
851968
1179648
1179645
1114112
1114110
1048576
917502
917501
1048575
1114110
851967
1048574
1114112
1048573
1114109
851965
917503
917504
1114110
983037
1114110
1179648
1114112
983039
1048573
1048575
1179648
1114109
983037
983038
851966
720896
983039
1048573
917502
917501
786431
851965
589821
1048574
1441789
1245183
1179645
1179647
1114112
983040
1310718
-1835010
-1310722
4194303
3604479
1179648
393214
655358
851965
851968
917501
851968
917502
851965
983038
983039
917503
720895
655357
393216
524287
655357
655360
1048575
1638399
1703935
1638400
1441791
1441792
1245181
1179645
1048573
1179647
1245183
1114112
1114109
1310720
1245183
1114112
1245184
1114109
1179645
1048573
983038
1179645
917504
983039
1179646
1048575
1114109
1048573
1114110
917501
1048576
1048576
1048576
1114110
1114112
1048574
917501
851965
983038
1048573
1114111
1114109
983037
983038
1245182
1114109
851967
917503
1048576
917504
851968
917502
720896
786431
1179645
1114112
1114112
1310717
983039
1048575
1048576
458751
-2752515
1114112
4980734
2228221
458752
458749
851967
983040
983039
983037
1048575
983039
786429
851965
786429
786430
786429
524288
524287
589823
655358
917503
1507327
1572863
1638397
1507328
1179648
1245181
1245183
1179645
1114109
1048576
917503
983040
917504
1048574
1310717
1245181
1048575
1048575
1048573
983040
983038
1114111
1048575
1114111
1114112
1048576
1179648
1114111
1048576
1245181
983040
1048575
983040
1179645
1114110
1048573
1114112
1048573
983038
917502
983037
1048573
1048573
1048576
1048575
1114111
983038
1048576
1048574
1048576
1048573
983038
917502
851967
1048574
1114110
1048576
917503
851967
786431
786430
983038
1376254
1245181
1245181
1114109
917504
327678
-2359296
1245184
4390909
2228222
458751
327677
720893
851966
720893
917501
851965
786430
851965
851965
786432
720894
655359
720896
655359
458751
524288
917502
1376256
1638400
1572863
1441790
1376256
1441789
1179645
1179646
983040
983037
983040
917504
983037
917503
1114109
1048576
1114109
983038
1048573
983040
983038
1114112
1114109
1179646
1179645
917502
720894
1048573
1114112
917501
917503
917502
917503
1048574
1048573
917501
1179647
1048576
983040
1048575
917504
983040
917501
851966
851967
1048575
1179645
851968
1048575
1179645
851968
851966
983040
983038
917503
786432
655358
720895
1114110
1245181
1179647
1179646
1048576
1048574
65535
-2818050
1835007
4587518
3604477
1048574
262144
786429
917501
851965
983037
1048573
1048576
851966
917502
851966
851966
851966
524285
327680
458749
655360
983039
1376254
1703935
1769470
1376255
1310719
1245181
1114112
1310719
1245184
1114111
983037
851965
983038
1245182
1179647
1114110
917502
1179646
1245181
1048573
917504
917504
917501
1114109
1179646
983037
1048573
851968
1048576
983040
1048574
1048573
917501
983040
1048575
1179645
983040
983037
1048573
983039
1114109
1114111
1114111
1048575
1048573
1245181
1048573
1179646
983040
917502
983037
983038
983037
851967
851967
851966
983037
983038
851967
1048574
917504
786432
1114109
720893
720896
917502
983037
1048573
1048573
1048576
851967
786432
851966
851967
720893
983039
1441792
1048575
1048573
983039
851967
1048575
1245184
-917507
-2031618
3473408
3866621
1376253
327677
458749
917502
917502
917503
983038
983037
917504
851967
851967
851966
655357
720894
589822
393213
458752
589824
655360
1507327
1769472
1638399
1572861
1441789
1310720
1179648
983040
1048574
1048576
1114109
1310717
1114110
1114109
1048576
1179648
1179646
1114110
1179645
1310717
1114109
1114109
1114111
983039
1179645
1114112
1179647
1179646
1114109
1048573
851968
1048573
983037
1114110
1114110
983037
983039
917502
1048576
983037
1048576
1048575
1245183
983040
983039
1179645
1179648
917503
1114110
1310718
1048576
917504
1048574
1179647
983040
917503
917501
917502
1114109
1114110
1048574
1048576
1245181
1179648
1048576
851967
917504
1114110
1048576
1179648
1048574
1114109
983040
786432
1114110
983038
1114109
1048573
917502
1179647
983038
851968
851968
786432
851968
1048574
1441789
1048576
1900543
327677
-1835009
4325375
4718591
2293757
655357
1048575
1179647
1114111
1048576
1048573
983039
983038
1048575
1179647
1048574
1179646
1179647
983037
983040
1114110
851965
917504
1048573
1179645
1179645
1179648
1048575
1114112
983037
983038
1114110
1179648
1245181
1048575
1114109
1114112
917503
1048574
1179648
1245183
1114110
1179646
1114111
1048576
1114110
1048573
1048573
917503
1048573
1048575
1048574
983040
983037
917504
851968
917504
1114111