851965
851967
1245182
1179648
1310719
1114112
1245182
1245183
1114112
1048575
917504
786432
851965
786432
655360
589824
1179646
983040
983038
1572862
1310718
1376254
1376254
1376253
1179646
917502
720896
524287
589823
786430
851967
786432
589821
589823
917503
917503
917502
1310718
1114109
1310720
1048576
851968
1048573
1310718
1179645
917503
917502
786430
458751
786430
1048574
1048576
851968
851966
655359
589822
851968
458750
458750
2949118
3211262
-196611
-131075
1245182
1245184
1114110
917502
983037
1245181
1179647
983038
589823
655358
720895
786429
1048573
1048574
851966
1048573
786432
655360
720893
458749
327677
655360
917502
786431
917503
1245181
1310718
1179646
1179648
1048573
1048573
1376254
917504
851965
1179646
1441791
1376254
1245183
917504
1310717
1179647
917503
1048576
917501
786431
589824
1310720
983039
1048574
1048575
1179647
983039
851967
851968
720896
655359
786431
786431
786430
851965
851968
983037
917502
1114109
917504
917503
3276797
2490367
720894
-393219
1048575
1245181
1114112
1048574
1245182
1310717
1310719
1376253
1441790
1310718
1114110
1245184
1703933
1572863
1507326
1245183
917504
786430
786429
720895
851966
851968
983040
1179645
1179645
917502
917503
851967
786429
917502
655358
851965
1048574
917502
917502
1048575
1048576
851967
917502
851968
851967
983038
917503
917502
851966
851966
786430
851965
851968
917501
917502
786430
786431
983037
1114110
851965
655360
917502
786431
524286
458751
458752
589823
786431
655360
851967
1179646
393213
2162688
3473406
-327683
-589826
983038
1245183
1245182
983037
983039
917504
1245181
1310717
1179647
1310717
1245184
1245183
1179645
1245182
1310718
1114111
917504
655358
655359
786429
851965
917501
1114112
983040
1310718
1179647
1245181
1376253
1048574
983038
983039
1245183
1114110
1179647
1048574
851968
851967
1048574
917503
786431
786432
720896
720893
917501
655358
851965
917502
851965
524288
655357
720896
720895
851967
786431
786431
1179647
1179645
1048576
1245184
1179645
983038
1179646
1114111
917502
1048574
1179647
1507325
851966
1245182
3473407
786432
-851968
786429
1376255
1376254
1114111
1048573
1179645
1310719
1507326
1310720
1572864
1376256
1441790
1703936
1507326
1376256
1245181
1048575
917501
851967
1048575
1179648
1114112
983037
1310719
1376253
1179645
1114110
1114110
983037
983040
1179645
1245181
1376255
1310720
1507328
1769469
1376254
1179648
1310718
1245183
1245182
1310717
1310717
1310718
1245183
1245181
1114110
1376255
1769471
1507326
1507325
1310719
1310718
1114109
983039
1114111
1310720
1310718
1048576
983040
983039
1114109
917503
655358
720894
655358
458750
327680
458751
655360
393216
589821
720894
393216
1703934
3670013
458750
-851968
720895
983038
851968
851966
1114110
1179645
1245181
1245182
1179647
1572862
2031614
1376254
1572862
1572861
1507327
983040
851965
917503
720894
720893
655358
589823
393213
655357
720895
524287
786429
917503
786429
655360
524287
589824
589823
589821
655358
524288
786431
720893
589822
524286
589821
655358
720895
917503
917504
1114109
1114112
1114112
983037
917503
917501
917501
851967
983040
1376253
1048576
917501
1114111
1310717
1179647
1114110
983037
851967
851968
983039
1114109
1179645
1441789
655359
2621437
3276798
-524291
-655360
1048574
983040
786432
851968
851967
917502
1179647
1048575
1114110
1441790
917502
1048573
1310719
1245182
1114111
1245184
1179646
786429
655360
655360
720894
786430
917501
983040
983037
720894
524286
589822
917501
589823
655357
851967
786432
655358
655358
786429
524288
786430
983037
851965
917501
720896
917501
786429
786430
917502
786429
589824
786431
917503
851965
917504
983039
1179645
1572861
1638398
1441792
1245183
1179645
1310718
1835007
1245183
1572863
1638397
1638398
1507326
1507325
1441791
1441792
1376255
1114112
1310719
917504
2686975
3538941
-131074
-786434
720893
1507325
1507325
1376255
1245184
1441789
1310720
1703936
1638398
1572862
1572862
1703933
1769471
1900544
1900542
1638399
1310720
1179645
1245182
983040
1048575
1114110
851966
983039
1114109
983038
786432
720893
786430
851965
983038
786429
720896
524286
589823
458752
655359
720894
720893
851968
655358
524288
393216
655359
655359
524286
393215
393213
524286
589823
393213
393213
458751
720895
1179648
1310718
1245184
1835007
1703936
1507327
1572863
1310717
1376253
1900542
1835005
1769470
2162686
2424831
4653054
1900542
131072
1179648
1900543
1966080
1966079
1507325
1900541
1572864
1507326
1441791
1310718
1376255
1441790
1376255
1507325
1310718
1114112
851968
851968
720893
589822
786430
720894
917501
851968
983037
917504
983037
1114109
1245182
1048573
983040
1376253
1048575
1179647
1310719
1310720
1245184
1114110
983038
917502
917503
983039
917504
983039
1376255
917503
1310718
1310720
1310719
1310718
1048573
917504
851967
983040
983037
655360
851966
917501
1048576
917501
851968
655359
720893
1310720
786430
1179648
786430
1835007
3538943
589822
-393218
1441792
1769470
1441792
1572861
1638399
1638399
1572864
1507327
1900543
1900544
1966078
1900543
1966078
2031616
1835007
1638400
1376255
1114110
1179648
1179645
1310720
1179648
1048574
1179645
1441791
1114111
1114112
983038
917504
983038
720895
786430
589824
720893
655360
720896
458751
524285
458751
262144
589821
393213
458751
196607
262143
458749
458750
524285
589822
524287
524286
524286
589822
589824
720895
458752
524288
655360
786430
655360
917503
327678
1048576
2752512
2621437
-983043
-917505
524285
524286
524285
524288
655359
524287
655359
720894
720893
720895
720893
1048574
786431
720893
655359
393214
327677
327680
393216
655359
720895
720895
917501
786429
983038
1048575
851968
851967
917504
983039
589823
1048573
1310720
983039
983040
983039
720895
851967
917501
1114109
1048573
917501
1048573
786432
917501
917501
917504
983040
851966
851968
786432
786431
851968
1114110
917504
917502
1114109
1179646
1114112
983037
1048573
1048575
1310717
3670016
1572862
-917507
196606
1376256
1179648
1048574
983040
851968
1048573
1114110
1310717
1048573
1245182
1441791
1441791
1769471
1048575
983038
1114110
1048573
983039
983037
851965
655359
720896
786429
851965
720894
655360
786432
589824
458751
1245181
917504
917501
851965
1048576
983037
917503
917502
851966
983040
1179646
983038
851965
851965
1048575
983037
851967
851966
917503
851966
786431
1179648
1703933
1179647
1835007
1245181
1179647
1310717
1179646
1114111
1310717
1310717
1048573
851966
1179647
851967
851968
655360
1114111
524287
1638400
3735552
655358
-786435
-65539
1048576
851966
1048573
786429
720894
720893
720895
655360
720895
655360
720895
786432
1048576
1048575
983037
524285
393216
458751
589822
589823
589824
720896
458751
327680
1048573
655360
720896
720894
720893
458749
786430
589824
524286
786431
851965
917504
1179648
917504
1048575
851967
1048573
1114109
1179646
1048574
1048575
1114109
1048573
917501
851968
720896
917503
917503
917502
1179645
917501
1376256
917503
1048576
1114112
983039
1441791
1179645
1114109
1048575
917501
3014654
3342336
-131075
-196608
1114109
1310718
1376256
1507327
1376255
1245182
1310718
1441792
1114112
1441792
1769469
1310719
1441790
1310717
1441790
917504
720895
589823
524287
851965
1114111
1376254
1114112
1048576
1048575
1114111
983038
786431
851968
720893
786432
589823
655357
720895
589824
983037
786430
1048573
983037
917502
851966
851968
917501
1048573
851968
655360
1048573
720895
983039
983038
786432
786429
720896
851968
786430
720893
720893
917501
786432
983039
720893
720895
655359
851968
786430
786432
720895
720894
524288
983039
720896
983037
655359
720896
2949119
2621440
-524289
-65539
1179646
1114109
1245182
1245182
983040
1245181
1245182
1048576
983039
1114111
1507327
1048576
1179645
1114112
1376253
917501
720895
655359
655359
917503
917501
589821
917501
1048574
851967
786432
1179648
851967
851967
720896
720896
786429
786432
786431
720896
655358
720894
655360
655357
851967
851968
720895
786430
786430
1114109
786429
786429
983038
524285
524288
524285
851968
393216
917501
786430
720896
983037
917504
983040
983037
983040
1114110
917501
917503
917503
786432
2097149
3735551
393214
-524288
1048574
1310719
917503
1310717
1179648
983040
1245183
1310717
1441790
1245182
1245184
1507327
1507327
1507326
1048576
917502
1114109
589824
917503
786432
720895
720895
851967
917503
983037
655360
720895
983040
1114110
1310719
1048575
983039
983039
786432
458751
1048575
720895
917504
917503
917503
655359
851968
1245184
983040
786431
786431
917504
1245184
1441789
1048573
917504
1048574
1114112
983038
1114111
786430
1310719
3670014
917502
-1048576
393216
1441792
1114110
1179647
1114112
1048576
1245181
1179647
917504
983039
1114112
1441789
1310719
1310718
1114111
917504
786431
720893
655358
720895
1179645
983037
1114112
1310720
1376255
1048576
1114110
1114109
1114110
1179646
983040
1114109
983037
983040
917502
1048574
1245184
1048574
851965
1507325
1245181
1179645
851967
917501
1048574
1048576
851967
851965
851967
720893
1048576
3473405
1376255
-655361
-131073
458752
917503
851968
917501
851965
1048576
1114111
786432
1048575
1048574
917501
1048573
1048573
1048575
1048575
983038
655358
851967
589824
720893
655360
720894
851966
589822
655357
917502
851965
524286
851966
458752
262143
458751
786429
327680
720894
851965
851967
720893
983040
786431
720893
786431
851967
786431
786430
720896
655357
720895
917504
720896
786429
589824
786431
3473408
1572863
262141
1245182
1245181
1310717
1179647
1179647
1310719
917504
1048574
1507328
1114109
1376253
1441789
1572861
1376255
1114111
1048576
917501
720895
851967
917503
720894
917501
1179646
1179647
1179647
1310718
917502
720895
917502
1114111
786429
1114112
1179645
983039
917504
1048575
1048576
983037
917504
851967
1245184
1245181
1376253
1310718
1507325
1376254
1310718
1310718
1179648
1179646
1114111
983040
1114110
1376254
589824
2883583
3604477
-131074
0
1376253
1245184
1114112
1179647
1507327
1441790
1376253
1507325
1179646
1179647
1769470
1572863
1769470
1376253
917502
1048575
786432
983037
983038
851965
786432
786432
655359
589824
1048574
1245182
786432
1048574
917503
1048573
1114109
1179647
1048574
1179647
1245184
1179648
1114111
1048574
1114111
1048576
1048573
1179648
983039
1114110
1048573
917503
983037
917504
1048574
1114109
1048573
1048573
917503
1048574
1179648
1048574
1179648
1245184
1179647
1245181
1114110
1310720
1114112
1245184
1179648
1114111
1114109
1048573
1179645
720895
2228224
3080189
-196608
-262144
1376254
1310718
1310720
1310720
1245183
1245181
1376256
1179648
1245183
1376253
1245184
1572862
1310717
1376254
1376255
1179648
983038
917503
917504
851967
786429
1245181
786429
851966
917502
917503
851967
851967
917504
983037
1048573
458750
720893
655360
589821
851966
851966
720896
458751
393214
786430
720895
720893
524286
655360
851967
786429
917504
589821
851968
1179646
720896
786431
983038
917502
1048575
917501
983039
1179646
983040
1048573
983040
1048576
983040
1048573
1179648
1245182
851968
983039
3473407
2031615
-917504
196605
1048574
983039
983037
1048574
1048575
983037
1048575
1245181
983039
1245182
1310719
1245181
1048573
1310717
1048576
851967
589822
851968
851967
786429
917502
917504
1114109
851965
851967
1179646
851968
983037
1048574
1179646
1507326
1245184
1376255
1703934
1310720
1638398
1638397
1441792
1441789
1376254
1310720
1507328
1245181
1310719
1310718
1572861
1245183
1376253
1703934
1310719
1507326
1769469
1507328
1638398
1703933
1572862
1310717
1114109
917502
786431
983040
1048574
1245181
720893
1703933
3670015
524287
-983042
589823
1310717
851966
1245181
1048575
983038
1114110
1114110
1179647
1179645
1310720
1376253
1310718
1179646
1245183
1245184
786430
655359
917504
786432
851967
655360
851966
917504
786429
983038
917501
720895
851968
786432
720896
655357
524288
655360
655357
851965
851965
720895
917503
917503
851966
983039
983039
917504
524288
589821
458752
589822
655358
655357
720893
720893
720896
851966
786432
917504
720894
655360
720894
983039
655360
917502
589824
720893
1114109
851967
851968
720896
1114112
851965
655360
2686973
-786432
65533
1179646
1310717
917503
917503
917503
917501
1441792
1179647
1245183
1179646
1048575
1245184
1376253
1179646
1114111
917501
720896
655358
786429
589823
720893
720896
851965
524287
655357
655358
655360
524285
327680
917503
655358
720893
655358
655358
786430
983037
720895
786432
786430
983037
851968
720893
1048573
983037
917504
1048574
786431
720896
851967
917504
851965
851965
655360
786429
1179648
1114111
1048575
589823
2883582
2490368
-327680
-262144
1048576
1179646
983038
1048574
1048575
851965
851966
1048573
1245182
983038
1310719
1114112
1310719
1179645
1048575
1114109
1245181
851967
524286
851967
1114109
917502
1048573
983038
983037
1048576
1179646
1048576
1507327
1048574
1048575
1048574
983040
917502
983037
1179647
851968
917504
1048573
983037
1310717
1114110
1048575
1048576
1114111
1376256
1310719
983039
1114111
1310719
1310720
1245182
1310718
1310719
1245184
1179648
1179647
1310717
1048575
1048575
1179645
1245184
1245182
983038
2293760
3342335
65533
-327683
983039
1114112
1048575
1114111
1179645
1048573
1310719
1310720
1048576
1114111
1179645
1245182
1114110
1441789
1376255
1179646
1179647
851967
1048573
1114111
983040
983037
1179646
1179647
1114112
1114110
1048576
917503
983037
983039
851966
1048573
1048574
851966
851967
786429
917502
1048575
1048574
917501
1048573
655359
786429
851968
851965
720895
851967
720893
851968
786431
720895
983039
1048576
786432
917503
1048574
917503
851966
983040
1114109
458752
2621438
2949120
-655362
-327683
589824
917502
983038
917504
851967
917503
1048574
1245183
1245181
1114110
1245184
1310720
1376255
1376256
1310720
1179648
851966
917504
1179647
1048576
1179648
1179646
1376254
1179645
1048576
1179647
1507327
1507326
1245182
1245182
1179648
1310717
1310719
1376255
1179648
983037
983040
1179645
1114112
1441789
1310717
1048574
1048575
1114109
983039
1048574
1245182
1114112
1048576
1310719
1179648
1179645
917504
1048574
1441789
1245181
983039
786431
1376254
3407869
1179646
-720896
393216
1310719
1114110
1245181
1179647
983039
1048573
1048575
1114110
1114109
1179648
1179646
1441791
1376253
1245183
1048576
1048576
983037
786430
720896
589823
851966
917504
786429
720895
1048574
786432
917504
983040
1048574
983038
786429
786430
851968
983037
851965
917501
720895
786431
786431
786431
786432
917504
983039
917503
851967
917502
851965
786429
655360
786431
851967
983040
851965
917504
851966
786429
917503
983040
1114109
1048575
1179645
1507328
917504
1179646
1114109
720894
2621439
2818048
-524290
-393219
1048576
917501
851968
917504
917502
851968
917503
983040
917503
983038
851966
786430
1048573
1048575
917501
851965
720894
589821
655358
720894
655359
983038
983038
786432
851968
720894
393215
786430
524285
458751
655360
655360
851967
720895
589823
786431
851967
917504
851967
720893
851965
655357
589823
655360
458751
589823
655360
917504
786429
524286
655357
524286
1048575
1441791
1114112
983037
1245183
1048575
786429
3014655
2818048
-393217
-131072
1310720
1179647
1245181
1245182
1179648
1310717
1245181
1310719
1245183
1245184
1507325
1441789
1310720
1441791
1245184
1376253
1310720
1179645
983040
1048575
983038
1179648
1114110
1048573
1048576
917502
983039
983040
1245182
1310717
983038
983037
1114111
983039
917503
1048575
1048575
983040
1114112
1114110
1114111
1048576
1048575
1179648
1179648
1245182
1572864
1245183
1048576
1245184
1114112
1114110
1245183
1179646
786432
1310718
1376254
983039
1114111
1310717
1048574
1114112
1310720
1310717
1179648
917503
2293759
3670016
589821
-393216
1310719
1376253
1441790
1310718
1179647
1310717
1179646
1114112
1310719
1245184
983039
1441792
1572861
1376253
1179647
1114110
1048575
786430
786431
851965
786431
851967
983037
851967
983037
1114111
917503
917501
851965
983039
1179645
1114109
917504
917502
983038
1179646
1114109
786429
851968
851966
655359
917502
786432
720894
851965
917504
983037
851968
1048573
851967
983040
786431
720896
851968
851965
983037
1245181
851967
720896
720896
655359
786430
851968
851967
458749
458749
3145727
1900543
-917506
-262145
458752
1179648
917501
1048573
1048573
1179647
1310719
1245181
1048575
1179645
1179645
1310718
1441789
1376256
1114112
720895
851965
655359
917502
917502
1179645
1179645
917502
1114110
1179647
1245181
1048575
1245184
1245183
1114112
1114112
1048573
1376253
1114111
1507327
1310719
1245181
1245181
1507327
1572861
1441791
1376256
1376256
1245181
1310718
1179646
1245182
1441792
1310720
1114109
1245184
1376254
1114110
1114111
1179647
917503
786432
983040
1114109
1179645
1114109
1048576
1310718
851966
2359294
3801086
393216
-393216
1048574
1114112
1114112
1048575
1245182
1245184
1179648
1179646
1245181
1376254
1245183
1114111
1179648
1245181
1376255
1507325
1179645
655358
589823
786432
851965
851965
917501
589824
851968
720893
524288
655359
589822
720895
786431
720896
655358
655357
720894
720896
655360
720896
917501
851968
917504
720894
655360
720894
983037
851965
851967
1114109
917503
655359
655360
786430
720896
851967
851966
720896
720896
851965
851968
917504
1048574
1114109
983039
786431
917502
983040
851968
655358
1835008
3538943
524287
-655362
720895
1179647
1245182
983039
1114112
983038
983038
1048573
1114112
1376254
1376256
1179646
1441791
1310719
1376255
917502
720893
655360
786430
786430
720896
655358
917501
720893
1376255
1048574
917501
983040
851965
786429
589822
589824
917502
983037
1179647
1048573
786429
917504
983038
851966
1048575
786431
917503
917501
983039
917501
851965
1114109
1179645
1048576
917504
786430
786429
983039
655360
720893
851965
786432
983038
786431
851965
720896
589823
3145728
2228221
-720897
-65538
786429
786430
851967
655359
655359
720894
589823
851967
655360
983037
983039
1048573
1179646
1048575
983037
720895
262141
1048573
1179645
1048573
983038
720895
851965
786432
786430
917503
917503
786432
786432
720896
917501
917504
983037
1048575
983038
851968
851967
720895
983038
917501
851966
786431
720894
1114111
1048573
917501
1048575
983037
983040
983039
1179647
1114112
917503
983037
1179648
1310717
1245182
851965
3211262
2490368
720893
-393217
655357
1245181
1179648
1114112
917504
917503
983039
983038
1245183
851968
851967
1441792
1179647
1376256
1179646
851968
655360
851965
1114110
1114109
1114111
1114111
1048575
1245183
1376255
1114109
1245182
1245183
1114110
1114110
1114110
983038
851967
917502
1114112
1114111
1048576
917501
917503
1048574
1048573
983037
917504
851966
786431
983039
917502
917502
983038
917502
1114111
720895
917503
983039
1048573
1048574
1179647
1441791
917501
589821
2490365
3211262
-65539
-262147
983037
1048576
1310717
1114109
1114109
1507325
1245181
1179645
1245183
1441790
1245183
1245182
1114110
1048573
1245183
1048574
917501
655359
589823
655358
720896
917503
720893
786431
851966
655360
786429
917502
983038
1114111
983038
589822
589824
983037
1048573
917503
786430
1048573
983039
1114110
1179646
1114110
1179646
851967
983040
1179647
1376253
1114112
1048573
1376253
1179647
1179645
1245182
1179645
1310717
983040
917504
1048575
1048574
917501
917504
983039
1048573
327678
1900544
3473405
65533
-851969
589824
917503
917501
983037
851967
851965
917503
983040
1048574
1114109
917502
851965
1245181
1114111
851968
786429
589822
589823
655360
524286
720895
720895
786432
589823
655359
786430
786431
589822
1114110
589824
851965
851967
720893
524287
851965
589822
983037
917502
655358
1179645
458751
851967
851966
1048573
983037
1048573
851968
983039
1245181
1245182
917504
1048576
983037
983038
983039
851967
1114110
1310720
589821
2686976
3211264
1310720
-983041
983038
1376253
1310720
1245182
1441790
1376255
1114109
1048575
1245183
1441789
1376253
1310718
1441790
1441791
1376255
1179648
983040
786431
786432
720895
655359
1048575
917503
917504
917504
983037
1179646
1376253
1245182
1310720
1376254
1376255
1310719
1245181
1310720
1441789
1179648
1310719
1376256
1245184
1441792
1310717
1245183
1048575
1179647
1114112
1179647
1114110
1048575
1114112
1114109
1048576
1048575
917503
1048573
917504
983040
1114109
1114112
1245182
1245182
1114111
917502
917503
983037
983039
1048573
851968
851965
1114110
589823
2293759
3211264
1441792
-917506
720896
1310718
1376256
983040
983039
917501
1048573
1245184
917501
1245182
1245181
1441791
1114111
1245182
1441789
1114109
786430
983040
720893
983038
786431
917503
983040
917501
851968
851965
983038
983039
786432
851967
851966
917501
983037
1048575
983037
786432
917504
720896
720894
851968
786430
786430
851966
851965
917502
983040
786430
720895
589823
786432
720895
589822
851965
1048576
720893
720893
589822
720894
786429
786429
720894
524288
786430
393215
1835007
3670016
524286
-1114112
196606
851967
655359
851966
917504
983038
917502
1048574
917503
786431
1179646
1441789
917502
917503
983038
1179648
786430
786430
655358
786429
851968
851966
1048574
983037
851965
851966
851966
720895
917501
1048574
917504
786432
983037
851966
720893
720893
720894
851968
786430
983039
786430
786430
589821
720896
851968
655358
917504
1245182
589823
917502
851965
851968
786432
917501
1245181
851965
917502
983039
851967
983039
917501
1048573
851965
1310717
3538944
1114111
-983043
1048576
983038
851967
917504
1179646
917501
917504
917501
1048576
1179647
1048576
1245181
1114110
1114110
1310717
655358
851968
1048575
917501
786431
1114109
1048573
917501
1179647
983039
917502
983040
851967
1048574
917504
851967
1048573
1048575
720896
720896
983039
851965
786430
786431
589822
786429
655359
524288
851967
851966
851968
786432
917502
851966
720894
1179648
1048575
917503
1048576
1245182
1245183
1179646
1310720
1507325
1441792
1179645
1310720
1376256
1441792
1245183
1441792
1048573
1703936
3670016
1114109
-589825
720893
1376253
1114112
1376254
1441789
1376253
1245181
1310719
1376253
1376253
1441789
1376253
1310718
1179648
1310720
1245181
1114109
720895
917504
1245182
983040
983038
917501
851968
851967
851967
1114110
917503
786429
917504
1114112
983037
655357
720894
983038
720895
917502
983037
720895
786429
851968
983039
851968
917503
917501
917501
786431
786429
720895
917502
524285
655358
1114109
851967
786430
655359
851965
851967
1048573
786429
851967
1048575
917503
720895
720895
1048574
458749
1703934
3538944
2490365
-655362
-131074
1179647
1048576
1310720
1245183
1048576
1114112
1310717
983040
1114109
1572862
1441792
1245182
1179647
1245184
1114112
786432
786429
786432
851967
851967
917501
786432
1048573
1048575
917503
983038
917501
1048573
1114110
1114109
1114112
1179645
917503
1114112
1245181
983040
1048576
851968
1179645
1114110
720895
1048573
1310719
786430
983040
983039
983039
983037
1048575
1048576
1048575
1179647
983039
917502
983040
1114111
1179646
1048575
1048573
1048575
1048575
917502
1114112
1048573
983037
458752
3014654
2686974
-720898
327679
1179647
917502
983037
917504
1179647
1048576
983037
1507327
1245181
1179645
1179647
1310720
1245184
1310717
1441789
1179648
983040
851968
786432
589823
917504
983037
851965
851966
851967
983037
1114111
917504
851967
1114109
851965
851967
917501
655359
655358
720896
786430
851965
983037
983037
786431
1048573
917504
983040
917503
917501
917501
917501
983040
1048573
983038
1310718
983038
1114109
1114109
917501
1114111
983037
1048574
1245183
1114111
1048573
1179648
1441789
1507327
983038
786432
983039
917501
851967
1179646
851966
589824
2424831
3342335
131070
-458752
851965
1048574
917503
1310719
786429
1310719
1310717
1048575
983040
1048574
1245181
1179648
1179646
1245184
1114111
1048575
851967
786429
786430
655357
524285
720893
851967
851965
786431
851968
851967
786429
983039
1048575
1048573
1048574
786431
786429
851966
917503
1179646
851966
1048575
1048573
1179647
851965
917503
1114109
851966
917503
1048574
851966
917503
917501
720896
983040
983039
851968
786430
983037
983040
917503
589824
983039
917503
917503
720895
851968
786430
655358
851965
655359
851965
589823
524287
3276798
1900543
-1114112
-131072
983040
1048576
1048574
1048574
1179645
983040
983039
1179645
1245184
1245184
1376255
1245182
1376256
1310720
1114109
1179645
1048576
983037
917504
786432
851966
917504
983039
1048574
1114112
851967
720894
917503
983039
983039
1048574
1114112
1114109
1114110
1048573
1048573
983040
1048576
917503
1048574
786430
851968
1179646
917502
1048573
1048574
1048576
983039
786430
1376256
851968
851965
655358
851966
851968
786432
917504
983038
983037
1179648
983039
1114109
1114109
983040
720894
720895
1048573
917503
393214
2293757
3211264
-262145
-524290
1048576
1245181
917502
1310720
1245184
917502
1179645
1114109
1114109
1048576
1245183
1310720
1507325
1245184
1310719
1376254
1245183
851966
786432
851965
786432
720894
917502
1048574
1048575
917503
786430
917504
786432
917501
786432
851966
917502
917501
655357
917502
983037
851966
851968
917503
983037
786429
1114111
983038
786430
983039
1048576
786431
983037
917502
917501
917503
851965
786432
1048575
1048576
720893
851965
1048573
524288
851968
917504
786429
589821
655357
524286
720896
1048573
851967
524287
1114110
3407869
1245182
-917505
131070
983040
851965
983039
786429
983037
983038
917501
851966
983038
1310718
1179647
1179648
1179647
1376253
1245182
983037
524285
524287
589821
524286
524285
917502
983037
917504
983039
917503
917502
917504
983039
1048573
1048574
1114109
983040
917502
917504
1048574
1114109
786431
786430
851966
720894
720896
851967
786429
655358
851967
1048576
851966
917502
851965
917504
1048574
655360
786431
1179646
983038
1179645
1114109
524288
983039
3276799
1966077
-458755
262142
1114111
1114111
983037
983039
1048573
851967
917504
1179647
1114110
1179647
1245182
1376253
1245182
1245184
1441789
1048574
917501
786429
720893
720894
720894
851965
1179646
1048573
851967
851966
1114109
983040
917503
1048575
983038
917502
917503
983040
786432
851965
851967
1114109
1114109
1048574
1114111
1179648
1114112
983040
917502
1179645
1048574
983037
983038
1048575
1245184
1179645
1048573
1048573
1179648
1310717
917502
1114109
983037
1245181
1310717
1048576
1179647
917501
2490368
-327681
-983042
458749
1310719
917503
1048573
1114110
851966
786430
1310720
983037
1048575
720896
786431
1048573
1179645
1048575
1114109
1048575
589824
786431
917504
851966
786429
589821
917503
983038
983039
917504
786432
589821
851966
917503
917503
917502
917501
1048576
851965
786432
983038
983040
983037
720894
917502
983040
983038
851966
917502
851965
786432
983038
983038
917503
917501
917501
1048576
917502
983037
851968
917504
1048573
851966
917504
983038
917501
1048573
983040
1048574
1179645
655358
1835008
3670013
851965
-851970
786430
1572861
1376253
1048575
1310717
1179648
1179645
1114112
1441789
1310720
1441790
1572863
1179645
1376255
1507326
1441792
1179646
1114111
917504
655357
655360
655359
851965
917503
851968
851966
786432
786431
917504
1114111
1048574
1114109
1048574
917504
720894
655357
851966
983037
917503
917504
917503
917502
983039
1048574
851966
917501
917502
851967
917502
720894
917501
983037
1048574
983039
917502
786431
655360
1048576
1048573
851968
851968
851968
1114112
1114109
917501
983040
786432
1048573
3735551
1572861
-1048577
655359
1507327
983039
1441790
1114112
1048576
1310717
1245183
1245181
1245184
1376253
1310720
1441791
1310719
1376256
1179648
1114111
917503
786429
655359
589822
786431
786432
786430
983039
720896
655360
1114110
1310718
1114110
1179647
1179647
1114111
1310717
1441791
1507326
1245184
1179646
1441789
1376256
1179646
1310718
1179647
1310717
1310720
1310720
1179647
1179647
1376253
1245182
1179645
1179647
1310720
983040
917503
1114112
1245183
1310720
1048573
1376255
983039
1114111
1245183
1441791
1048575
983038
1048574
1048576
983039
983037
917501
851968
1048574
3735551
1114110
-917504
524287
917503
851967
983039
786431
1310717
786430
983040
1179647
1179645
983038
1114111
1507325
1441791
1310718
1441790
983040
851966
851965
720896
589824
786432
720896
655359
589824
983039
1048576
983037
851968
720895
786430
720894
786431
917501
655359
655359
851968
983040
917504
983040
851967
851965
786432
655359
786430
851968
524285
786432
851966
720893
589822
720896
1048575
917502
720893
917503
786430
786430
983037
655359
983039
720895
786432
851968
851965
655357
851966
851965
851965
262144
2162687
3276797
-393217
-655360
262141
1048575
1048574
917501
983038
1114111
1114109
1114112
1179645
1179646
1048573
1114112
1441789
1310720
1376253
1376256
983039
917504
917502
917504
983038
1048573
1114110
917502
1048573
1114110
851968
1048573
1179647
851966
851966
983040
1048574
917504
917503
983040
983039
851965
851966
983037
720896
917503
917502
720894
1179645
1114112
851965
1114109
1245183
917501
917501
1114110
786430
786430
983037
851968
786429
917501
1114111
786432
917503
1245182
983038
786432
720896
983039
851965
786432
917501
1048573
655357
1310718
3473405
655360
-1048578
-393217
1114109
1048575
1114111
1048575
851967
917503
1114110
851965
1114110
1310717
1179645
1048576
1179645
1310720
1310720
1179647
720896
655360
1179647
917503
1114110
1114111
1114110
983038
983039
1114112
917503
983039
1179646
1245181
1048574
1114111
1048574
1114110
1179645
1048576
1114111
1048576
917504
983040
1245183
1179645
1048576
1114110
1310718
1441790
851968
1048576
1245184
1245184
1114112
1179646
1114111
1114109
1179647
1048575
1179648
1179648
1179647
1048576
1048573
1114112
983037
720894
917501
851965
786432
851967
655357
786432
720895
524286
720896
1703933
3473405
655358
-786432
524287
1114112
1048573
1048576
851968
1048573
1114111
917501
1048574
1179647
1179646
1310717
1441789
1507328
1376254
1179645
1048574
983039
917501
786430
720893
655358
786432
786431
786430
720896
851968
720895
786429
786429
786431
720896
458749
786429
786430
655357
786430
851968
983040
851968
1048575
1048575
983037
1048575
983037
1114111
1114112
1048575
1179646
983039
1048575
1114111
1048575
1310717
917502
917502
1114112
1245183
1048576
1048574
1048575
1114112
851967
1179646
851967
1179647
3735549
1376253
65534
589824
1376256
1114109
917504
1114110
1376253
1048576
917501
1507325
1179646
1179648
1441792
1310720
1179648
1310718
1245181
1048573
720896
720894
851965
983040
1179646
1114110
983039
1048576
983039
851967
1376253
1048576
1179646
1179646
1114112
1114111
1114109
786430
917501
1114110
1048573
851967
917501
983038
1048574
1114112
1114111
1048576
1048575
1048575
1048576
1179646
1179646
1114110
917502
851966
1507326
983037
1179647
1048574
1179647
983037
786429
1048575
1179648
1179645
1376253
1179648
720895
2097150
3538944
393213
-589824
983038
1114109
917504
983039
1048573
1179647
1114110
1179646
1245181
1310718
983038
1114112
1638399
1441789
1310717
1310718
1179645
786431
917504
786430
655359
851966
851968
851966
1114109
983037
917503
851968
917501
917503
917504
720893
720893
655358
720893
655360
720895
851967
655358
786431
720896
655358
851967
851966
851966
983037
1310717
720894
1048574
983039
983039
983040
917504
917501
917501
851967
786429
655357
983039
1048575
983039
851967
720896
983040
3604477
3473407
-131072
-655362
786429
1376253
1179647
1179648
1179647
1310719
1114109
1310720
1179648
1310717
1245183
1048574
1310717
1245183
1703933
1572862
1310719
1179645
1310718
1179648
1310717
1114112
1179645
1310720
1048575
1048574
1310717
1048575
1114111
1114110
1048574
1179648
851968
655359
720893
917504
851968
851967
1048574
917502
1048573
917503
851965
983037
917503
786430
786431
720894
720894
786432
786432
983040
851967
851965
851967
851968
1114111
1048575
983038
851968
458752
2949117
2883584
-655363
-131075
1114111
851966
1048576
851966
720893
917504
917504
983037
983037
983040
1245181
1572861
1376256
1310719
1376253
1114112
917502
786430
720896
655358
720896
851968
917504
1048575
1245184
1114110
851968
983039
786431
1048573
1048574
851967
786432
917502
983040
786432
851968
1048573
917502
851967
1114111
1179646
983038
917502
983040
983038
786431
983038
917502
851968
851968
851967
1048574
1114110
917502
983038
983039
983037
917503
1048573
1048576
1048574
1048574
917502
983038
983037
720896
851966
983039
851968
983039
786429
1769469
3604479
393215
-917504
655358
1048575
1114111
1179646
851968
1114110
1048575
1114109
1310720
1114110
1441790
1572863
1310719
1179646
1638399
917502
786432
720894
589822
524288
851968
720896
589824
720896
983039
786430
851967
983037
851968
655360
589824
851965
983040
720895
786432
851966
917501
983040
786429
720895
720896
589822
720894
983037
655360
786432
917503
917501
851965
851966
917504
851965
786431
917501
917503
983040
983038
1114111
655360
1179646
1114109
983040
983038
1179647
1179645
983038
917501
2424832
3604478
65536
-393219
917502
1048575
1114110
1179646
1179647
1048576
1245183
1114112
1048576
1048573
1114112
1114110
1114111
1310718
1179646
917502
786430
720896
720894
720893
786432
720895
720895
720893
1114109
589822
720895
786430
983038
983037
983039
983039
983037
786430
851966
851965
917501
851967
786429
917504
786431
851967
983038
851968
851965
720896
917501
1048573
917502
1048573
917504
720896
917502
1245183
1048574
1048574
917504
1441791
917502
1114111
917504
1048573
1114109
1048576
983037
1179646
3735549
3670013
-65539
-655360
1179648
1310717
1048573
1114109
983037
1048575
1048575
1114111
1048575
1114112
1310718
1310720
1310717
1441792
1376254
1114111
786429
786432
1179646
655358
983037
851965
1114111
1048575
1179646
1048575
786431
720896
786430
917504
983038
851968
786432
720894
720896
917502
851965
589824
851966
917501
983039
1114109
983038
983037
851965
1048573
1114109
983038
983039
1048573
917504
983039
983037
1048574
1245183
1310717
1114112
720894
720893
1441790
1114109
983037
1245182
1310717
1114112
1245183
1179645
1114111
917503
917503
983039
1179645
1179648
851968
917501
3276800
1900542
-1179649
262144
983040
1114109
1245183
917503
1048574
1114109
1179648
1441789
1245184
1245182
1114110
1179645
1048574
1245184
1310718
1245182
1114111
1048575
851967
851966
917503
1114109
1114111
1179648
1441792
1703933
1638398
1572863
1376254
1179646
1179648
1376253
1179648
1179646
1048573
917504
1048573
1310718
1507328
1376253
1310720
1376256
1310719
1310717
1048574
1179645
1179645
1376256
917504
1048576
983037
851965
851968
917503
1114110
1114112
786430
851965
720895
917504
917502
917502
1048576
1179648
1048576
851967
917503
983039
983037
720894
983037
851966
786430
655360
3342333
2228223
-1114113
-3
1114112
1114109
786430
851966
983037
917502
786432
1114112
917502
786432
1114109
851967
1114112
983037
917503
983037
786430
655359
720894
458752
393214
589824
720894
720895
786429
917501
917503
720894
720896
589824
655360
917504
655359
786432
917501
720893
655357
655357
720895
720894
720896
786429
786431
655359
720895
851967
786431
983040
917502
851967
720894
786430
917504
917504
1048575
917502
1048576
917503
851967
1048573
1245182
1114109
786431
1048575
1179646
1114110
1310717
1179648
851966
917504
1048573
3342336
1900544
-786435
196607
1114110
1048574
851967
786432
983039
1114112
1114112
983038
1048576
983038
1245183
1245182
851968
983039
1572863
851966
655357
720893
720896
655358
720896
983038
786431
1048574
1048575
917502
720895
917501
983039
983039
1179647
1179648
983039
1179647
1114112
1114110
1179645
1179647
1114112
1048576
917503
851966
1114111
983039
1114111
917504
917503
1048574
917503
917501
851968
786432
1048573
851965
786430
851965
917502
983038
786430
720895
1048574
1048576
983040
1245183
1310719
851965
851965
851968
851967
917501
786431
917504
458751
2031615
3211263
1572864
-1310722
196605
1048574
983037
1114110
1048575
851968
917504
917502
1114111
1114112
1179648
1245184
1114112
1114111
1179646
917503
917502
589821
458751
720894
589823
786430
786432
786430
1048574
1114111
917501
1114109
1048576
1048574
786431
1048575
1048573
851967
720894
720893
1114111
655357
786430
917501
917501
786431
851968
1048575
983037
917501
851966
851965
917503
851967
720893
786430
786430
720893
786430
983040
786432
786430
786430
851965
917502
917503
655357
917504
1245182
786431
983038
3538942
1703934
-786433
393216
1310719
1179647
851966
1179645
1310717
1114112
1441792
1376254
1048576
1179645
1310718
1310718
1376255
1507328
1441790
1179646
1179647
720895
851965
1114109
1048574
1114111
1245182
1114112
1310719
1376255
1179645
1245182
1114109
1245181
983039
1048575
1441791
917502
1245184
1179645
1179646
1376253
1245184
1048574
1179646
983040
1310718
1179648
1245181
1179648
1114111
1310717
1310719
1048575
1179647
1441789
1376254
1376256
1376254
1376253
1310717
1310718
1638398
1114110
851966
983037
1048575
983038
1048575
655358
1572864
3670013
655359
-917505
655357
983040
1114110
1310719
1310718
1245182
1114111
1114112
1310718
1441790
1376254
1310720
1310718
1507327
1572861
1114109
983040
1114110
786430
655359
983037
720896
851968
851966
851968
720896
720896
786430
589821
720895
1048573
786430
786432
786429
720895
589823
589823
720894
786432
1048573
851968
786429
655360
851967
786432
720894
786430
786429
720896
983038
851966
917504
1048574
983039
1048575
1048576
983037
851965
851968
1114110
983037
983037
720894
589823
851966
720894
851967
917501
851965
393214
983037
3145726
458752
-1245186
262143
786431
851965
851967
786432
720896
720895
786432
786430
1048574
851967
983038
1048576
1114110
1114110
983038
851967
589821
524286
589823
458749
655358
720894
983039
917502
786430
655360
655359
720895
983039
917504
983039
917501
720893
851967
917501
851968
917502
851967
786430
851968
917504
983037
851967
786430
786431
851966
1048574
786432
917504
1245183
524285
917502
917501
851967
983038
1114110
1114110
917504
1310720
1245183
1114110
1114110
720896
1900541
3670014
327677
-851971
-65537
851968
1114112
983040
1179647
1048573
917504
1114109
1048575
917503
1114112
1179645
1245183
1441789
1245182
1114112
1245183
851967
720893
720893
851966
851965
786429
851968
851966
655357
983037
1048574
917501
1245183
1114112
983039
1048576
1310720
1441789
1572862
1376253
1048573
1245182
1048575
1179647
1179647
1114111
1376255
1048574
1179645
1114112
983037
917504
917504
983040
983039
983040
1507325
1048574
1179645
983039
1114109
983039
1179646
1179648
786430
720893
851967
851965
917503
1114110
786431
1179646
458751
2031616
3342335
-196610
-1048577
393213
1114112
1114110
1245181
1179646
1310718
983037
1114110
1572864
1114110
1048575
1638397
1376255
1376254
1179648
1048574
720894
589823
720893
720895
655358
720895
917502
983037
1048573
983040
851965
917503
917502
983039
786431
983040
1048576
786432
655357
589823
786429
786430
720896
720894
655359
917504
720893
589824
655358
720894
851968
655359
786431
851968
720895
589824
786429
786431
720893
851968
1048575
851966
983037
720896
655357
851966
786432
1179648
1179647
851965
1114111
3670014
1835008
-851970
458751
1507326
1114112
1048576
1114112
1114110
1114111
1179647
1310720
1441790
1376255
1376255
1310718
1179646
1376253
1245183
1179648
1048573
851968
655359
720893
1048574
1048575
1048575
1114110
1114110
851967
917502
983038
1114110
1179646
1376254
1179646
917502
983039
1048576
1048575
1179645
1048573
786432
1441789
1114110
983038
851966
917501
917503
917504
983038
983038
851966
851965
917502
983038
851965
720894
786431
1245183
720894
1114110
851965
851966
917502
786431
851965
589823
196607
2097152
3145727
-458755
-1048577
786430
1245183
589821
983038
1179648
917504
786430
786431
1048574
1048573
983038
1179645
1114110
1179648
1310719
917504
983039
1114110
589821
720896
720896
851965
983040
1179646
1048575
1048575
1310717
1114110
1048573
983039
720896
1376253
983038
983040
1048573
1048574
917501
1048576
1245184
1179646
1114109
1048573
1114112
1245181
1048573
983040
1376253
1441790
1114111
1114110
1179646
1310718
1310719
1114110
1376255
1245184
1507328
1245183
1179645
917504
1310718
1376255
983039
1048575
1179648
1310717
1245182
1048573
1114111
1048575
720896
2686976
3080192
-327680
-655360
917502
1114112
917504
851966
983039
917503
983039
1048573
1114109
1048573
1114110
917503
1245182
1310719
1310717
786432
786429
786430
589823
524285
458751
983039
720895
851965
917502
655359
655357
983039
917503
917502
917502
720896
655359
655360
983039
983037
1048575
917501
720895
983037
851967
786430
917502
851966
1376253
720896
1114110
1048575
1048575
917501
917504
983039
917501
1048573
1114111
983037
1048575
1245182
851965
655359
983039
1048573
1048573
1114109
1179648
1114110
786432
3604478
2162688
-1048578
327678
1179646
983040
1245181
1179648
1114110
1114112
1114109
983039
1048576
1179647
1441792
1376255
1245184
1245182
1114110
720896
524286
1114109
917501
1048575
851965
851968
1179646
983039
917503
851966
917501
1048574
983039
851965
1048574
983038
983037
917502
851966
1048576
1179647
1114111
983038
1048573
1048576
1114110
1245183
1114109
1245181
1114110
1441791
851966
1310718
1179647
1179648
917502
1048573
1179648
1376253
1048575
1114109
1114110
1310717
983039
1048574
1441791
983040
1179645
3538944
1703936
-1048579
262143
1310719
1179648
1310719
1114110
1245182
1441791
1507326
1310720
1376253
1507327
1310718
1638399
1638399
1572861
1376253
1114111
720896
786432
720895
720894
851967
983037
983039
917504
1048573
786432
983038
851966
720896
720893
786430
851966
917502
917501
917501
917504
1048573
1179645
1179648
1376253
983040
1310718
1245183
1048576
983039
1114109
1114112
1245182
1310718
1048575
983040
851968
917504
786430
851965
1114109
1048575
720893
983037
983040
851965
917504
851967
786432
786431
720895
917502
851967
917504
1179645
655360
1769469
3538943
262142
-786432
720895
1245183
1310720
1179646
1114109
1048574
1114111
1048575
1114112
1048576
983037
1310718
1245181
1114111
1179646
1179645
1179647
655360
655359
720894
720895
917504
983037
655360
851966
983038
786431
983039
851968
1048573
917504
851966
786431
786431
851967
917504
655357
786429
720896
655359
786431
917504
917502
786432
851966
786431
786429
851966
655358
851968
786431
786430
983039
1048576
1376253
1441792
1507325
1441789
1179646
1179647
1507325
1310717
1310718
1441790
1114109
917502
3604477
2162686
-851971
-655361
851966
1245183
1310719
1310720
1310718
1179646
1245181
1179645
1310718
1179645
1179646
1376253
1179648
1310719
1441791
1245184
1179645
983039
720896
786429
851965
589824
786432
720895
720895
917504
983038
1179645
917503
786432
720896
786430
917503
786431
720894
655359
786432
983037
720895
786429
851967
851968
917502
786429
851968
1114109
851968
917502
720895
720893
1245183
851968
917503
983037
1048575
851968
1048575
917503
983040
1048574
983039
983040
983038
851965
851967
851966
1114109
786431
589823
2818048
2293759
-655361
-196608
589824
1114112
851967
1048573
917501
917503
1114112
1048576
1179648
1310717
1179648
1048573
1179645
1310719
1179645
1048573
1179648
1048575
786429
720893
786429
589824
720895
917502
851967
851965
720895
851967
983037
917504
655360
917504
786430
851968
851967
720894
720893
851965
917504
655357
786431
1048573
720896
720895
917503
851966
1114110
786431
917501
917504
851966
851967
917503
786430
786430
851967
786429
720896
851968
720894
720896
917503
851966
786431
851967
917502
720894
1048573
3473405
1835008
-917507
-2
1048573
1179647
983038
851968
983038
917504
851965
983039
917504
983038
983037
1114110
1114111
1048573
1245184
720896
983037
720893
458750
589821
851965
786430
786431
1310720
917503
851968
1048574
1245181
917503
851967
917502
917501
983037
1048575
851968
983039
851967
1114110
983037
851965
851968
1179647
1114112
1048573
917504
1048575
917504
917501
1048573
917504
786432
851967
786430
851967
1179647
917501
786431
720896
786430
786432
983039
1114111
917504
1376256
2686973
3145728
-327682
-393218
1179648
1310718
851968
1114111
1179648
1114112
1048573
1048573
1048576
1179646
1376256
1376256
1245184
1376254
1376255
1310720
1114110
851965
655358
983037
851965
655360
655357
851965
917503
720896
655359
1048574
917502
983040
983040
851967
786432
786432
917503
786429
1048576
1048573
851965
851968
983037
983038
851967
1048574
1114109
1048573
917501
983040
983040
983040
1245184
851966
1114110
1114109
983039
1048576
851968
1048573
983037
851965
1048575
1245181
1048574
786431
851965
851968
983040
1048574
1048575
917502
786429
2097151
3342333
196605
-589827
720894
983038
1114110
983039
917502
786431
983038
1114112
1114109
851965
1114111
1179645
1114110
1114111
1048576
1048576
851965
589824
589824
720895
786431
786429
786430
786432
786432
1114112
983037
917502
851968
720896
1179645
720893
851968
1048576
720896
917502
851965
851968
1114109
1048576
851968
917502
983038
786430
917502
1048573
1048575
851967
851966
851967
917504
917501
983037
917503
655358
720896
1048575
983040
851968
786429
786431
917503
1179645
917502
983037
524286
1638397
3670013
458751
-1179648
-327680
983039
983039
983037
1114111
1114109
1048575
1048576
1048575
1114109
1245183
1114112
1048576
1114112
1376253
1179647
917501
917503
720894
917503
983038
851966
917501
851966
983038
917504
983037
983039
983037
917503
851965
720896
786429
1048574
1114109
655358
786430
917503
851968
917504
917501
917501
851965
1048573
983040
917503
1114109
1114109
1114112
1179648
1114110
983038
1114110
1048575
1114110
1245182
983038
917503
1048575
1048575
917504
1048573
983040
1048574
1114109
1048573
1245181
1114109
983039
3342333
2031615
-786435
327679
1114112
1048573
1048574
1114112
1179646
1114112
1310718
1376255
1376255
1245182
1179645
1310720
1507325
1572862
1179645
983040
1179647
851966
720894
655359
786430
917503
1114109
1179646
1048573
1114110
983037
983039
1048573
917504
1114112
983040
1048576
1114111
851967
1048574
851967
983037
1114110
917504
1048575
983040
851967
983038
851967
720896
917504
917502
917504
786429
786431
851966
786430
851968
851967
786431
983040
851967
786432
851967
983037
917504
786429
983037
589824
589821
720895
851965
983037
917504
589823
3145727
2228221
-917507
-65539
983038
1114111
1048573
655359
1048573
720896
917503
1048576
1179645
1114111
1048576
1114109
1114112
983038
1179645
1245184
917504
720896
851966
655360
786432
720893
786432
917503
917502
917503
851968
917501
655360
851967
1179648
1048573
851965
917503
786430
851968
983037
917504
917504
786432
917501
983040
917501
917503
917502
786431
851965
917502
983037
917501
851966
851965
786430
720895
851968
983040
917502
720896
851967
1048574
917503
786432
851965
1048573
720894
589824
2883582
2883584
-655363
-196610
1114109
1179647
1114111
1114111
1179647
1179645
1245182
1114110
1114111
1179648
1310719
1376256
1310719
1179647
1179646
1245181
1114110
983040
983040
917502
851965
1114109
917502
1048573
983037
1048574
851965
1114112
1048573
983040
1179648
983037
720894
917503
1114110
1376253
1179647
851968
1114111
1179647
983039
851966
851966
1048575
917503
917501
1114110
1048573
786429
917502
983039
917504
983038
1048576
786432
983039
983039
983038
851966
1048576
1048574
1179648
851965
983037
1376254
1179646
1048574
1179645
983037
983039
2293757
3735549
196605
-524288
786432
1376254
1376255
1114110
1179647
1310718
1245182
1245182
1245181
1310719
1179648
1114112
1376253
1376253
1310719
1310717
1114112
917502
786431
589822
851965
851968
851967
851967
720895
786431
851968
786429
720893
720894
917501
786429
589823
655360
786430
851967
983038
851966
983037
1179646
1048573
1179645
983038
1179647
1376256
1245181
1048573
917501
1114112
1179648
1114111
1179647
1114111
983039
1048575
1376253
1048574
655360
917501
983040
983037
983038
917502
1114112
1114112
720896
3276799
2424832
-851970
327678
1310720
1310719
1114112
1310718
1245184
1245184
1310717
917503
1048575
1245183
1114109
1114109
1441789
1376255
1376256
1310717
851965
851968
851965
917502
786430
917502
983037
851968
1048575
983040
917503
917501
1114111
1114110
983040
983037
983038
983037
851967
851967
851968
851968
786431
851965
983037
851965
1048575
1048575
983037
983037
917504
1048576
917502
1048575
786431
655358
917502
851967
851965
851967
720896
655360
786430
983040
720896
1376253
3473407
983040
-524291
-262144
1114111
983039
1310717
1310718
983040
1048575
1114109
1179645
1179645
1179648
1179645
1310719
1179648
1114110
1310717
1179645
917503
1179647
917504
786432
917504
917503
1048573
983037
851968
917503
720896
851965
851968
655358
983037
786430
851968
851968
851968
851968
786431
851966
655358
720895
786430
851967
655357
786429
786431
786431
1048575
983037
983037
1048574
917502
917503
851968
851965
786431
1048574
786431
917502
1114112
1048574
917501
983039
1048575
720895
851966
917501
983038
983040
983040
917502
524287
2752511
2752510
720896
-1114113
458751
917501
1048574
851967
917503
1048576
917504
983037
1114111
1048575
983037
983037
1245183
1245181
1179646
1310718
917504
851965
851967
786429
720894
917503
851966
786432
851968
983039
1048575
983039
1114109
1179645
851967
1048573
983040
917502
983037
786431
1048576
1048574
983039
1114110
917503
1114112
1310720
720896
1179646
1376253
1179647
1179645
1114111
1245184
1114110
1048573
1179646
1114111
1245184
1048575
917503
983038
917504
1048573
1048575
1048573
983039
720896
3145727
2555901
-851970
-131072
1048576
786431
851965
1048574
917504
917504
1048576
917502
983037
983040
1048574
1245182
1310718
1376256
1310720
1245184
1245182
786431
983037
917503
983038
983038
851968
983040
786431
917502
917504
851967
786432
851965
917504
917503
917503
1310717
1441792
1376256
1572862
1572863
1441791
1441791
1441792
1245182
1245182
1441790
1441791
1441790
1179648
1310717
1245183
983040
983040
1114110
1114110
983038
1048574
983039
1048576
851966
720893
1114110
1114110
786431
851967
589822
720894
1048574
917504
917503
983040
720894
2555901
2752510
-393216
-327683
851966
1245182
1114111
983039
917502
1048573
983040
917501
1048576
1179648
786432
983040
917504
1179645
1245184
1245184
983039
786430
327680
393214
786429
917502
851966
655360
786431
589822
720896
1179645
1114109
851968
983038
720896
917503
851968
983038
720895
786429
917503
786431
851966
720896
589824
655358
917502
917501
851965
851965
851967
851966
655358
851965
851968
983039
917504
917501
983040
655360
917501
720894
786431
917503
851966
983040
917504
720893
589823
720895
851966
655360
786432
655358
3145728
2293757
-851969
-327681
917501
851968
1048574
1048575
851967
786429
1114109
1114111
917502
851968
983039
851965
983039
1048574
1179647
1114111
1048576
720894
720896
851965
589823
917504
917503
917501
851967
655360
655360
917501
1048574
720894
327679
655358
1114111
1048575
851965
851967
983037
786429
851967
851968
851968
983037
786429
786430
786432
720896
917502
1114111
917502
983039
1048575
1048573
917503
917501
1048575
1048573
786432
917502
720893
720896
1048575
917504
917502
720896
1245181
2621440
3014656
-589824
-327682
851965
983038
851967
1179648
1048575
1114111
1114110
1179648
1310718
1572862
1310718
1245183
1114112
1376255
1114111
1114110
851966
786431
720894
983039
983039
720893
983037
917502
1048576
1048573
851966
786430
786432
1114111
917501
917501
983040
917502
917503
589822
1310717
851968
851968
917501
983037
1114112
1179645
1179646
983040
851967
983037
1048573
1048575
983039
983040
1048574
1114112
1048573
1245182
1179646
851966
983038
1179646
1048575
1114111
1114112
1114109
851966
1179647
3538941
1310720
-917505
196607
851967
1245184
1245184
983037
983040
1114109
983040
1048576
1114110
1114111
1114109
1048576
1310718
1310717
1310719
1310720
1245181
917502
851965
917504
851966
983039
1048574
851966
917501
1114111
1179646
983038
917501
917502
1048573
851966
1048574
1114109
917501
851967
917504
917504
1114109
1114112
786432
1048575
917501
917504
1114109
1245181
983039
983039
851968
983040
983039
851965
1048575
983038
983040
983038
851967
1048573
983039
917504
720896
786429
3473405
3604477
-2
-1114112
655358
786432
983038
917504
983039
1179645
1114112
1048574
1048575
851966
524287
786431
983037
851967
720896
917501
786432
1310717
786429
720895
851965
786429
851966
983037
851967
720895
786430
917501
851965
851965
983038
1048576
851968
983037
983039
1048574
1048573
1048575
917502
983037
1114111
917504
1114110
1048574
786432
786432
1179647
851966
917504
1245184
720895
1900542
3145726
524285
-786433
983039
1245181
1179646
1048573
1245183
1376255
1048575
1179646
1310717
1179645
1245182
1245181
1376255
1572862
1441789
1376253
1376253
917502
917504
851967
917501
1048574
917503
1114111
1048575
983040
1179648
917501
983037
917501
1048574
1114111
1048576
983038
786429
1048575
1048576
1048574
917503
917504
786432
1048574
983037
1048574
1048575
1048576
1179646
1048575
983038
786430
786431
983038
851966
851968
1114111
917504
851966
983039
1114111
983038
786432
983040
983040
983038
720894
786431
917504
917501
917501
917501
917503
393214
1703934
3407870
131069
-720899
917501
1114109
983040
1048576
1048575
1114111
1179647
1179648
1179648
1310718
1179646
1245184
1310719
1507328
1441792
1310720
1048574
851968
720894
786429
851968
720896
851966
1048575
786432
786430
851965
1048574
1114112
1048576
917501
720896
655360
786432
851965
786429
786431
786430
589823
786431
786431
851966
655358
786432
851967
917501
917501
917503
1048575
720895
851967
1048576
655360
983040
917504
1048573
1048575
917504
917501
786432
851968
720893
851965
917504
786430
1048573
458752
2752509
3538943
917502
-1179651
196608
1179647
655360
720893
1048574
917503
1114109
1310717
1245182
1048576
917503
1114111
1048574
1245184
1310720
1179646
1114111
917502
786432
786429
917501
720896
851965
1114109
1048573
917504
1048573
983038
1048574
1048573
1245184
1310717
1245182
1245183
1245183
1245182
1310718
1179646
1114109
1179648
917501
851968
917501
1048576
1114111
1245184
1179647
1179645
1114110
1376253
1310718
983040
917504
983040
1048575
786431
1048574
1048573
1179645
1048576
1048576
1245183
1245183
851968
786432
917502
983039
1048573
983040
786432
458752
2424829
3276798
1048575
-983041
458752
983037
917503
1179647
1048576
983037
1179648
1114110
1114111
1245184
1245184
1245184
1310720
1376256
1245182
1310717
1310718
1114112
851967
917504
1048574
851966
851967
983038
1114109
786430
1048574
786432
917504
786430
917503
1048576
1310719
1179647
1245184
1179647
1114110
1179645
1114111
1048573
1179646
1114111
1179645
1114109
1114111
983040
917501
983038
917502
1048573
1048573
1114110
1114110
983038
983037
1048576
983038
1245181
917502
917501
1114111
1048573
1179645
1048573
1179645
786432
1048576
1048575
1114109
983037
589821
2359295
3604479
1769472
-983040
196606
1048574
1048574
983039
917504
917504
917501
917503
851966
917502
983039
1114112
1048573
1114112
1310720
1179646
1048573
851967
655358
655359
851968
589824
720895
983040
983040
1245184
1310720
1245181
1376256
1376255
1245182
1114111
1245182
983039
1048573
1179645
1179646
1114111
1114111
1245182
1114110
1245181
1048573
1048573
1179648
1048573
786430
851965
851965
786430
786429
917501
851965
786431
983037
851965
851968
1048574
851967
851967
655357
720895
983038
720895
917501
851967
589823
589821
2949117
2228224
-917504
65536
786429
1048576
1114110
1114111
1245184
1114112
1114112
1179647
1245182
1441789
1179647
1179646
1179647
1441789
1310718
1310718
983038
786432
655359
720895
917501
720894
983039
983037
917503
983039
1048575
1048575
917504
1245184
1179648
720896
983040
1114110
1048574
917503
851968
851965
1048573
917504
917502
1114110
1114110
983037
851966
983040
1179648
851968
983038
851966
851967
1114109
1114109
983038
1048573
1179647
1114111
1179645
1048573
917503
1245182
983040
786430
786432
917504
917504
1114110
1114110
1179647
524285
1507327
3538942
655360
-917504
720895
1114111
1179647
1179647
983038
1048574
1114111
1114112
1048574
1114109
1310717
1179645
1376254
1376254
1310718
1179647
1114110
786431
720894
655360
655359
983040
851967
851966
786429
786430
786430
720896
786432
1048574
1114109
851965
983039
983038
851967
851965
851966
917504
851967
851968
786431
917501
917502
917504
851966
851965
917502
720893
851967
917504
589821
655358
917501
917501
786429
851967
983040
1310717
1245182
851965
851968
983037
851966
851966
1048573
1048573
786429
1114110
3670013
1245181
-1048577
393213
1048574
851968
851965
1048574
1179646
851965
983037
983038
983037
983040
851966
917504
1441789
1245182
1245182
983038
917503
917502
655360
786432
786430
983037
983038
983038
983038
983040
983039
786432
851966
917501
1179646
1048575
851968
917503
1048573
917504
786431
983037
983037
983037
851966
851968
983040
917504
983038
851966
851967
1114109
1179646
983037
917504
1048574
1048573
1114111
1048573
983038
917502
786430
983039
1048574
1179645
917501
917503
1048573
720894
1179645
2490367
3211264
-655360
-393217
983037
786429
1048576
1114112
983038
851968
1048575
983039
1114112
1245182
1245183
1245184
1245183
1507325
1179648
983038
917503
720896
983037
786430
655360
786429
983039
1114109
917501
720894
1048573
851968
1114110
786431
851966
983038
851967
786432
917502
917504
917504
1114111
720893
983038
851967
917503
786432
720895
917501
851967
851967
786432
1048574
720896
720896
983038
1114112
851966
917502
851967
917503
851965
1310719
1245184
720895
851965
983038
983040
983038
786431
1179648
720894
1114110
3538941
1179646
-458755
-589826
917504
1048574
1048575
917502
1048575
851968
983038
1048576
1179646
1048576
1179646
1245182
1114111
1245182
1179645
983040
983039
851967
786430
851965
720893
917502
720895
851968
1114109
786432
786430
851965
917502
851967
1048575
983037
917502
851965
786432
1048574
1048576
1048573
1048576
983040
1048573
720896
983037
983037
917504
983040
983037
1048575
1048576
720896
1048574
917504
983040
1179646
1376253
983037
720896
983040
917503
1179645
851968
851965
851967
589824
2621438
2686975
-720897
-458755
786430
851966
1179645
1114109
983037
1048573
983040
983038
917502
917503
1376256
983039
1179647
917502
1114112
983037
589822
589821
786429
851968
917503
983039
983037
1048575
1114109
1048573
851967
1114112
1114109
786432
786431
917504
917502
917502
983039
983038
1048576
983038
1114111
1179645
917503
917501
851965
983039
983040
786429
655357
851966
917501
851965
851967
983037
1114112
917503
983040
983038
851965
1048575
1114110
1048575
1114109
1048573
917504
983038
1114112
1179645
983037
983037
917501
1376256
3473405
851966
-1048576
458751
1114109
1048573
1048575
917502
1048574
1245183
1310717
1048575
1245181
1310720
1114111
1310717
1245184
1376254
1114112
1048574
851967
851968
786432
589824
655360
786432
655358
917502
983038
786431
983040
1114110
983038
1114110
851967
917501
1114111
917502
786430
851968
851965
786429
720896
917504
720896
851967
720895
655357
917501
851967
786429
851965
851965
917504
983040
917503
1048576
983037
983038
1048576
1114110
1179648
786431
917502
851967
655357
851968
851965
1048574
786430
851967
3276799
3473408
262141
-851968
589822
1245181
1114111
1114109
1179646
1179646
1245184
1179648
1245183
1245182
1179646
1310719
1376256
1310720
1572861
1245184
1048575
786429
786429
851968
917501
983037
1114109
917504
983039
1179647
1048576
983038
1114111
917501
1048573
1179646
983037
983038
983040
983039
1048575
1245184
1048576
1048576
1179646
1376256
1114112
851968
1114109
1114111
1048576
1179646
983037
917504
786432
1245181
983037
983040
983039
1310719
1048574
983037
1114109
1179645
1114110
983039
917502
1114110
655360
2424832
3211263
-196610
-458752
983038
1245181
1179648
1114110
1245181
1048574
983039
983037
1179646
1245181
1376256
1245183
1507326
1376256
1310717
1376253
1048575
786432
720893
786431
1048576
851967
851968
917501
917504
1114112
1114109
1114109
1114112
1245184
1245183
917502
1245183
1048576
851968
786430
983037
1114112
983040
1048576
1114110
851965
851968
983039
917501
851967
851968
983038
1048576
1114112
917504
917503
917501
851966
983037
917502
1048574
917503
917501
786431
983038
1114110
589824
720896
851967
786431
851966
917503
917501
917501
458751
2686976
2359296
-851968
-327680
1179645
983040
983037
917504
917503
917503
917501
917501
1114109
851966
851966
720896
1245181
1310718
917504
851967
851965
589822
262143
393214
589824
720894
655357
786432
720893
655357
655358
786431
851967
720895
786432
851966
655357
851966
720896
589823
1048576
917503
786431
917503
851967
786430
851967
720895
786432
786429
720895
851968
720896
786432
851966
786429
851965
1179648
917504
786429
983039
983038
917503
983039
917504
1048576
983039
983038
1114111
1048574
524287
2293759
3407872
-3
-720899
917501
983040
1048576
1245182
917504
1114109
1179647
1310720
1179647
1245183
1114112
1245184
1507326
1310719
1310718
1441790
1376253
720896
1048573
983040
786432
917501
851965
1179645
1114111
983039
983037
1048575
1114110
983038
917502
917503
917504
917502
851965
983037
917501
917501
983038
786429
983037
983040
983040
1048575
1114109
917502
917503
1048576
1310718
1179645
1310719
983037
917502
917502
1245183
1048573
1048574
1048576
917503
983038
917502
851968
917501
983040
1048576
851966
2555901
3080191
-327681
-1114115
393214
1048575
1245183
1114112
1114109
1245183
1114111
1048574
1114112
1310718
1310720
1179647
1114112
1376255
1310719
1114112
917502
851966
851967
655358
720896
1179645
1048574
720893
1179647
720896
851966
983039
851966
917503
786430
1048575
589823
917504
1310720
1245182
983038
1048576
1179645
1048573
1245183
1245181
1245181
1245182
1114110
1048575
917504
983037
917501
851966
1376253
1048575
1179646
1114111
1245181
1048574
1179647
1179645
1114110
1310720
1376256
1179646
1114111
1245184
1114110
851966
851965
1114111
983037
720893
1638400
3604479
524288
-720898
786430
1179647
1179646
917503
983040
917501
1048574
917504
1048574
1114109
1048575
1048573
1179645
1376253
1245181
1179647
917504
851967
786430
720894
720894
786431
720894
655357
851967
1114112
917502
720895
1048575
983038
917503
851968
851968
851967
786430
1114110
1114111
917502
917502
917502
983037
983039
917501
917502
1114110
983040
851965
851965
917503
983038
1048576
1179646
1048575
983039
917504
1179645
1245184
917503
983038
1048576
983039
851965
1048574
1114112
655357
1441789
3670014
1441789
-851971
393213
1048576
1048576
1114112
1179645
1048575
1048575
1245182
983039
1048573
1048573
1245184
1048576
1310719
1376254
1245184
1179647
720896
720894
655358
720893
983038
851965
1048573
983040
1114112
786430
786432
917504
851967
1048575
1179648
917501
917503
1376256
786430
1245184
983039
917502
917501
983038
983039
917503
851968
851966
983039
1048575
1114109
983039
1048576
983039
917503
983038
1114110
1114109
1048574
1179646
786431
917504
983040
983039
1114109
786431
3407870
3604478
131071
-851969
786430
983040
851968
917502
851966
786431
917503
851966
983037
983038
1114109
1114110
1179647
1310720
1179647
1179647
720895
655360
720895
786429
720895
786431
851967
917502
1114110
1048573
1114111
917502
983037
851968
1048573
1245181
1310717
983039
917502
983039
786430
917501
1048576
917501
851965
1114112
851967
917504
851965
917501
917501
786430
1179645
917503
720893
983037
851965
786430
655357
917504
983039
917504
851968
851965
983040
1048573
983037
917502
917501
1048575
786432
917504
393213
2293757
3145728
-196610
-917507