-1441789
-1114112
-1310717
-1179648
-1114111
-1179647
-851965
-917501
-1114110
-917504
-983038
-851968
-917502
-983039
-1048576
-1114109
-1048575
-1179645
-1376253
-1441790
-1245183
-1114110
-1245181
-1179645
-1114110
-1114112
-1048574
-983039
-1179646
-1114112
-1114110
-1245183
-983040
-1048573
-983040
-1179645
-1114109
-1048574
-1179647
-1114112
-1179646
-1114111
-983040
-983038
-983040
-851965
-786432
-1114110
-1179646
-1048576
-1114109
-1048575
-1179647
-983037
-1048575
-1245183
1835010
393218
-2686973
-1638399
-1114109
-1114109
-917504
-1048573
-1179647
-1179646
-983038
-851968
-851968
-983037
-917501
-851967
-786432
-851965
-655357
-786429
-917501
-983040
-851968
-1114111
-1179647
-983039
-1245181
-1179648
-1179646
-1114109
-1048575
-983038
-1114109
-1048575
-1048573
-1114110
-1048576
-1114111
-1048575
-1114112
-1245181
-1179648
-1179645
-1048576
-786430
-1048575
-1114110
-1114111
-983038
-720896
-1048574
-851967
-1245181
-196606
1769475
-589822
-2293760
-2031613
-1245183
-1376256
-1179647
-1310718
-1245181
-1048575
-983040
-1048576
-1179646
-983038
-983038
-1048573
-1048574
-851968
-983039
-1179647
-1245181
-1310718
-1376254
-1376253
-1245182
-1179646
-1376253
-1310719
-1310717
-1245181
-1245183
-1310719
-1114111
-1048573
-1114111
-1179647
-1245182
-1245181
-983040
-1179647
-1376255
-1114111
-1114112
-1245181
-1179647
-983038
-917501
-1245181
-1179648
-1048573
-917503
-917501
-1245181
-1245181
-1179645
-1179648
-1310719
-1114110
-917504
-983038
-1572861
851968
1507331
-1900544
-2228221
-1179646
-1114111
-1376255
-1245183
-1048576
-1114111
-1114110
-1048575
-1114109
-983039
-786430
-786431
-917502
-851965
-1048575
-327678
131074
-524286
-786432
-917502
-1048575
-983037
-786432
-1048575
-1179646
-983037
-1048573
-1179648
-1114111
-1179645
-1179648
-1114109
-1310718
-1179646
-1245183
-1245182
-1179647
-1179648
-1179648
-1179646
-1310717
-1441790
-1245183
-1245181
-1179648
-1114109
-1114110
-1048574
-1114111
-1179648
-1376254
-1245184
-1114111
-983040
-1048574
-1507325
-1376253
-1310718
-1114109
-1048576
-1114109
-917502
-1769470
-1441789
2031618
851970
-3080190
-1966077
-1310718
-1572863
-1310717
-1179648
-983038
-1310719
-1376256
-1245183
-1245184
-1179645
-1048575
-1179647
-1179647
-1114111
-917503
-1048573
-1114112
-1245182
-1441790
-1441790
-1376253
-1310720
-1179648
-1114112
-983038
-917501
-851965
-1048576
-983038
-983037
-917501
-1048573
-983037
-917504
-851965
-1245184
-1179648
-1114111
-1114109
-851967
-917501
-1114110
-1179646
-917501
-1179645
-917504
-851966
-786432
-1114109
-1179647
-1245182
-786432
-720895
-786429
-1507328
393216
1638402
-1441789
-2424829
-1310718
-1376253
-1245184
-1310717
-1310717
-1245181
-1179645
-1310717
-1179646
-1048573
-917501
-917501
-1114109
-917501
-917503
-983038
-983039
-1179645
-1310718
-1376255
-1245183
-1376255
-1376253
-1179647
-1245182
-1114112
-1245183
-1310719
-1310719
-1179648
-1245181
-1245181
-1179646
-1245184
-983040
-1048576
-1048575
-1245184
-1245181
-1179646
-1179646
-1114109
-1114109
-1114109
-1114112
-1310719
-1245184
-1048575
-983037
-917503
-1114110
-1245182
-1245182
-1376255
-1114111
-1048574
-1114111
-1179646
-983037
-1507327
-458751
2228226
-524286
-2752510
-1245181
-1310719
-1376256
-1114112
-1179647
-1114112
-1114109
-1245181
-1114111
-1048576
-851966
-786430
-786429
-917501
-917504
-917502
-983038
-1114109
-1114110
-1179645
-1048576
-1179648
-1179648
-917503
-1179645
-1048575
-917502
-983038
-1048575
-983040
-917501
-1114112
-1114109
-1114111
-1245181
-1179646
-983037
-1114111
-1048575
-1179645
-1245182
-1179648
-1048575
-1048573
-917502
-917502
-1179647
-1114112
-1048574
-1048575
-1114112
-1048574
-1179648
-851967
-851966
-1048574
-786431
-983038
-1048575
-1179647
-1179645
-1179648
-983040
-983038
-1245181
-1835008
-1245184
2097153
589824
-3276797
-1835008
-1310717
-1441791
-1048576
-1114109
-1114111
-1114109
-983038
-1376256
-1114110
-1245181
-983039
-1179645
-1114112
-1048575
-1441790
-1376256
-1245182
-1245181
-1376254
-1114109
-1114111
-786429
-983037
-983039
-917501
-786431
-917504
-851965
-983040
-1048574
-851966
-917503
-983039
-917503
-1048573
-1114111
-983037
-983039
-851967
-1114110
-1114112
-917501
-1048576
-1048575
-786432
-917502
-917503
-1048576
-983038
-786432
-983037
-786431
-786430
-1114111
-1114109
-983037
-1179648
-851968
-851968
-1048575
-851966
-1245184
-983037
1769472
262147
-2555901
-2424832
-1245184
-1245182
-1179648
-1179648
-1114110
-983039
-1048574
-917502
-1114109
-1048573
-851967
-851968
-917504
-917502
-983037
-786432
-786430
-1179647
-1245184
-1179646
-1048576
-1179647
-1114111
-1179645
-1114110
-917504
-1048574
-983038
-983037
-1048573
-983037
-1179647
-983039
-1245181
-1179645
-1179647
-1245182
-1114110
-983039
-1114109
-1048576
-1114109
-1114109
-1179645
-1179646
-1114111
-983038
-983040
-1048574
-1048576
-917503
-983038
-1048574
-1179645
-1179645
-1310717
-1048576
-1114110
-1048573
-851966
-1835006
-1572864
1769474
1245186
-2555902
-2031613
-983039
-1048575
-1179645
-1114112
-983039
-1114110
-917504
-1048574
-1114109
-720896
-917504
-917502
-786431
-1048573
-851967
-786430
-1114109
-1179648
-1114111
-1245184
-1310719
-1376253
-1179647
-1114111
-1245184
-1114109
-1048573
-917504
-1048573
-1114109
-1114111
-1114111
-1114111
-1114110
-1114112
-1114110
-1114110
-1114112
-1114110
-1114111
-1114112
-1114112
-1310720
-1245183
-1179645
-1114110
-1114112
-1179648
-1179646
-1114110
-1245182
-1179645
-1310717
-1048573
-917503
-1179645
-1310718
-1245182
-1441791
-1245183
-1179648
-1114110
-983040
-983040
-1703936
786434
2097152
-2162685
-2686973
-1114112
-1114110
-1179646
-983039
-1114111
-1048574
-983037
-983037
-851967
-1114111
-1048573
-786432
-917501
-983039
-1048576
-1441789
-1376254
-1114112
-1114110
-1441789
-1441789
-983037
-851967
-1114109
-983039
-917502
-983037
-917504
-851967
-720894
-983037
-983039
-983038
-983039
-1048575
-917502
-1114109
-1048575
-1048574
-917503
-1048575
-983039
-1179645
-983038
-786431
-851968
-851968
-1179645
-1310720
-1114109
-983038
-917504
-1572864
-393214
1835011
-655359
-2293757
-1900542
-1114111
-1310717
-1179647
-1048575
-1179647
-1048574
-983039
-1048574
-1310717
-1179645
-1114112
-1179645
-1179646
-1114111
-983040
-1114109
-1245183
-1245184
-1310719
-1376255
-1310717
-1310719
-1441789
-1310717
-1245184
-1048576
-1048573
-917504
-1114111
-1114112
-1179647
-851967
-851965
-1048576
-1114109
-851966
-917501
-1048576
-1114109
-1114112
-1048573
-1114112
-917503
-917504
-1048573
-1048573
-917502
-983040
-1048573
-917502
-720896
-786432
-983039
-1245182
-917504
-983038
-917501
-983038
-1376256
-720894
2293762
1
-1900544
-2228223
-1114112
-1245183
-1114111
-1048576
-1048573
-1048576
-917501
-917501
-917503
-1114109
-1114111
-1048574
-1114110
-786431
-720893
-983037
-917501
-1048576
-1114109
-983039
-1376253
-1114112
-1245182
-1245182
-1310717
-1114111
-1048575
-1048573
-851966
-1114110
-1114110
-983040
-983037
-983038
-1114110
-983040
-1179646
-1179647
-1179647
-1245182
-1048573
-1048575
-1048576
-1048576
-1179646
-1048575
-1114111
-1114111
-1114111
-1245181
-1048575
-983039
-1114112
-1114110
-983039
-983038
-1245182
-1310718
-1245183
-1245184
-1245182
-1179645
-1048573
-1114111
-1638397
1048576
2097155
-2293759
-2686974
-1245182
-1441790
-1376253
-1245183
-1048576
-1310719
-1245183
-1179646
-1376253
-1179645
-1114111
-1179647
-1179647
-851968
-983037
-983039
-983040
-1114111
-1310720
-1310718
-1310718
-1310720
-1114111
-1114111
-1048574
-917504
-917504
-1114110
-1114110
-1245183
-1245181
-983040
-1048574
-1114111
-983039
-786429
-1048574
-917504
-983039
-1048576
-1048576
-1048576
-917504
-917503
-1048576
-983040
-917501
-851966
-917503
-917502
-786429
-786430
-786431
-720895
-917501
-983037
-1048573
-983039
-1048573
-1179648
720898
1835010
196610
-2621439
-1835005
-1179646
-1572863
-983040
-1048573
-1245181
-1114110
-983040
-786429
-917503
-1048576
-1114111
-851968
-983040
-917503
-917501
-917503
-1179647
-1310720
-1245182
-1441791
-1441790
-1048576
-1048575
-1048575
-786431
-917503
-983038
-720896
-983038
-1245181
-1048576
-1114109
-851968
-917502
-917502
-1048576
-1048574
-786431
-917503
-1048573
-1114112
-1048576
-1048574
-983040
-917504
-786429
-655358
-1048576
-1114112
-1245183
-1245182
-1114112
-1048576
-786431
-1572861
-327680
1835008
-458751
-1572862
-1376255
-655360
-917504
-786430
-851967
-851965
-786432
-917503
-917504
-851968
-983038
-851967
-851968
-1114112
-983038
-1114109
-1048575
-983040
-1245182
-1245182
-1245182
-1179648
-1310720
-1310717
-1310720
-1310720
-1114112
-1179647
-1179648
-983039
-1179647
-1114110
-1376254
-1376255
-1114111
-1114112
-1179645
-1114112
-1245183
-1376253
-1179645
-1376254
-1310717
-1179645
-1245181
-1310719
-1179645
-1179646
-1245184
-1245183
-1179646
-1245182
-1179645
-983039
-1114109
-1376254
-1245183
-1179648
-1179648
-1179647
-1310720
-1179645
-1114110
-1703935
720899
2162690
-2162686
-2818048
-1310717
-1441791
-1376254
-1179646
-1245183
-1179648
-1114110
-1179645
-1114111
-1310719
-1376255
-1114110
-1048575
-983039
-1114109
-917502
-1114111
-1114112
-1245184
-1507328
-1310718
-1310720
-1245183
-1245182
-1310720
-1179647
-1048575
-1114109
-1179645
-1179647
-1114109
-1048576
-1245181
-1245182
-1114111
-1179648
-983037
-1179648
-1114112
-1245181
-983037
-1048573
-1114111
-1048574
-1114112
-1179646
-1048574
-1114110
-917503
-1245181
-1310717
-917501
-851965
-851965
-1179646
-1179648
-1179645
-1245184
-1245182
-1048575
-1114112
-917501
-1376253
-1114110
2162690
262144
-3014655
-1769471
-1179647
-1310717
-1310720
-1245184
-1245181
-1114111
-1048576
-1048573
-1114110
-983040
-851965
-851967
-983040
-851967
-720896
-786432
-786432
-983040
-1114110
-1245183
-1114110
-1114110
-1114109
-1114112
-1114111
-1114109
-1048575
-851965
-1179646
-1114110
-851967
-851967
-983038
-983038
-851968
-917504
-851968
-1114109
-1114110
-917502
-1048573
-917504
-1048574
-983037
-983040
-917504
-917504
-786429
-917504
-917501
-655357
-589822
-851968
-655360
-851967
-983037
-983037
-983038
-983039
-1245182
-786432
-1507328
-262142
1441792
1048579
-1900543
-1900541
-1179645
-1441791
-1245184
-1310717
-1376255
-1179645
-1179647
-1114110
-1114111
-1179647
-983039
-1179647
-983038
-655359
-1048573
-983039
-1048575
-983040
-1245183
-1245181
-1376253
-1441792
-1114112
-1114112
-1048573
-983039
-1048576
-983037
-983037
-1048574
-983040
-851968
-983039
-1179646
-1114112
-1048576
-1310719
-1245183
-1179647
-1114111
-1114110
-1179648
-1179647
-1179647
-1179646
-1114110
-1114112
-1179646
-1114109
-1048574
-917504
-851967
-720896
-1114109
-1114109
-917502
-983037
-1048573
-1245181
-1114110
-1376255
-786431
2293761
196610
-2752510
-1441789
-1048573
-1245184
-851968
-983037
-1048573
-917501
-1048573
-917501
-720896
-786432
-786432
-262144
-589821
-917503
-917502
-917501
-786431
-1048574
-983040
-524285
-720896
-851968
-720894
-786431
-917504
-851966
-851967
-983038
-851968
-786429
-589823
2
131074
65538
131072
65536
-262144
196610
1966083
2555905
1703939
1441795
1310720
655362
327682
262146
-131071
-327677
-393214
-196605
-589823
-786430
-917504
-1114112
-1114112
-786430
-1179645
-1114112
-1441791
-1310719
-983037
-1048573
-983039
-1048576
-1114112
-1310718
-1638399
2293763
-786431
-3801085
-2031616
-1900542
-1966078
-1966077
-1769472
-1835008
-1703933
-1441790
-1441790
-1507327
-1245182
655363
-196606
-1048575
-1179647
-1638398
-1703936
-1835008
-2031615
-2097150
-2097149
-1835006
-1900541
-1769470
-1507328
-1572863
-1638398
-1441792
-1441791
-1310720
-1310718
-1179646
-983040
-720895
-851965
-786432
-917501
-1048573
-1310719
-1310720
-1441790
-1245183
-1179648
-1376253
-1376254
-1179648
-1310718
-1376253
-1441792
-1376253
-1310719
-1376253
-1114111
-983039
-1441789
-1572861
-1441791
-1507328
-1441789
-1376253
-1441789
-1114110
983043
851968
-2293760
-2555902
-1900544
-1310720
-1507326
-1441791
-1638398
-1769470
-1507327
-1179647
-851967
-1376254
-1245183
-851966
-983037
-983040
-1048576
-1441791
-1245183
-1179648
-1376253
-1245183
-1114111
-1114109
-1179646
-1179646
-1179647
-1114109
-1179646
-1376253
-1245184
-1310717
-1245182
-1179648
-1114110
-1310717
-1245183
-917501
-1114111
-1114109
-917502
-917504
-983037
-1048573
-1179647
-1179646
-1048573
-917503
-1048576
-983039
-1048574
-1245181
-1310718
-1310718
-1179645
-1310717
-1114112
-851968
-1114112
-1507326
1441795
2424832
-524287
-2883581
-1572862
-1114110
-1376253
-1245184
-1114109
-1048573
-1114111
-1245183
-1048574
-1114109
-1179648
-1048576
-983038
-983038
-983037
-1179646
-1114110
-1245183
-1376253
-1441790
-1376254
-1376254
-1376253
-1441790
-1245181
-1114110
-1310717
-1114110
-1048575
-1048575
-1048574
-1114110
-1048575
-1245184
-1310717
-1310718
-1245184
-1376255
-1179646
-1179645
-1114110
-1048573
-917501
-1114109
-1245184
-1114111
-1048575
-1048576
-1179646
-983040
-1048574
-983040
-1245182
-1179645
-983038
-1179648
-983038
-1114109
-1114110
-917503
-983037
-1114112
-1245184
-1114110
-1245184
-1703936
983042
2031618
-2424829
-2752512
-1310719
-1376253
-1310717
-1179648
-1048574
-1048575
-1114111
-983040
-1048575
-1114110
-1310717
-1114111
-1114110
-1048574
-851965
-851968
-917504
-1179647
-1048574
-1048576
-1048576
-786432
-917504
-917503
-851968
-851966
-983037
-851966
-720893
-720893
-720894
-983038
-917504
-1179646
-1245184
-1048576
-983038
-1245181
-589824
-393213
-720894
-851966
-458751
-458752
-655357
-524286
-327679
-589822
-917501
-1048575
-1245181
-917503
-1048575
-983038
-851967
-1376256
-196606
2031618
-393215
-2359296
-2097151
-1179645
-1179646
-1114112
-1179645
-983039
-1048576
-1114111
-983039
-917503
-983037
-1179646
-1179645
-917502
-983040
-1114111
-983038
-1114112
-1179646
-1441791
-1572861
-1376254
-1376254
-1048575
-1179648
-1179648
-917503
-1179646
-1179646
-983038
-1179645
-1114110
-1114112
-1114112
-1114109
-1179647
-1179647
-1048576
-1179646
-1179648
-1245182
-1310718
-1245183
-1245182
-1441792
-1179648
-1245183
-1245181
-1179648
-1310718
-1245183
-983038
-1245183
-1245183
-1376253
-1376255
-1114109
-1245181
-1310718
-983038
-1572862
-786432
983043
1441793
-1900542
-2359295
-1376256
-1441790
-1507326
-1507328
-1179648
-1114111
-1114112
-1048575
-983040
-1048574
-983038
-1114110
-1048573
-983039
-983039
-917504
-1114110
-1114110
-1114112
-1114111
-1245183
-1310717
-1245181
-1114112
-1179645
-851966
-1048575
-1114111
-1245181
-1179645
-1114112
-1114110
-1114109
-1245184
-1245183
-1048575
-1179648
-1245184
-1114111
-1245181
-1114111
-1245181
-1310717
-1310718
-1441792
-1179645
-1048574
-983037
-983038
-1245182
-1048576
-1179645
-1179647
-851966
-917504
-1048575
-1179647
-1310719
-1310719
-1441791
-1245183
-1245184
-1048575
-1179647
-1769470
786435
2293760
-2162688
-3407872
-2031616
-1507327
-1572862
-1376256
-983040
-1114109
-1114111
-1245182
-1245183
-1048576
-1114110
-1245182
-1114112
-917504
-917503
-917503
-1179645
-1310719
-1507326
-1376256
-1245181
-1245184
-1310717
-1179648
-983037
-1114112
-851965
-983037
-1048573
-983038
-917502
-786431
-983040
-1179648
-1048576
-851966
-983040
-851965
-983040
-1179645
-917504
-1179646
-917504
-917503
-1048573
-1048573
-1114109
-786430
-720893
-983038
-786430
-720893
-851966
-720893
-1114110
-1048575
-1048573
-1048573
-851966
-720895
-1310719
2031617
2228227
-1638397
-1441791
-458749
-524287
-655359
-524287
-327679
-196606
-327679
-655357
-589821
-786429
-720895
-458752
-786429
-589822
-589823
-720896
-786430
-983040
-1114112
-1179646
-1310717
-1245184
-1310720
-1376253
-1376254
-1376253
-1245184
-1245181
-1114110
-1114109
-1310717
-1376254
-1376255
-1179645
-1310720
-1245182
-1441789
-1245183
-1376255
-1507327
-1179648
-1441792
-1376256
-1179645
-1179648
-1179646
-1245181
-1179648
-1310718
-1310719
-983039
-1114109
-1179648
-1310718
-1376256
-1441789
-1245181
-1179646
-1114109
-1114111
-1507325
-1703936
1179648
1048576
-2293759
-2359296
-1703933
-1179648
-1572861
-1376255
-1376256
-1310717
-1179647
-1245181
-1048573
-1114109
-1245182
-983040
-983038
-983040
-983037
-1114110
-1114112
-1114111
-1245183
-1376256
-1376253
-1245181
-1048573
-1048576
-1245182
-983039
-1179648
-1048575
-1114109
-786429
-1048576
-1048575
-1245181
-1114109
-917501
-1376253
-1376255
-1048575
-983039
-1048573
-917501
-983040
-1179645
-1114110
-589821
-917504
-1114112
-983038
-1179646
-1245183
-1179647
-1179647
-917504
-983040
65538
-2424829
-2490365
-1572861
-1245182
-1376254
-1245184
-1245184
-1572862
-1114110
-917504
-1048573
-917504
-917504
-983039
-917503
-851967
-917503
-1179645
-1114110
-1179647
-1179647
-1310720
-1245184
-1310718
-1179647
-1114111
-1114110
-1048575
-1048576
-1179646
-1048575
-1114111
-1179646
-917504
-917502
-1114111
-1179648
-1048575
-1048575
-1114109
-983039
-917502
-1179645
-1114110
-1048576
-983040
-983039
-1114112
-1048574
-917504
-983040
-851967
-917502
-786432
-917503
-786430
-655359
-851966
-1048575
-1245182
-1245182
-983039
-851965
-917504
-851966
-1245184
-1376256
1703936
1048578
-2752511
-1835007
-1376253
-1376253
-1114112
-1179645
-1179645
-1114110
-1114109
-1114111
-983039
-983039
-983039
-786431
-720895
-851967
-917501
-1114110
-851968
-851968
-1179647
-1310718
-1310717
-1376256
-1310720
-1376253
-1179646
-1114110
-1245183
-1179648
-1179647
-1179647
-1179646
-1310717
-1245181
-1245184
-1441789
-1245181
-1114110
-1441791
-1245184
-983037
-1048574
-1114112
-1114110
-1048575
-1114109
-983038
-1114109
-786431
-851968
-917503
-983040
-983038
-1114109
-917503
-917503
-1114110
-1048576
-1245181
-1310718
-1245184
-1376256
-1114111
-1114110
-1376254
-1048573
-1507325
-65536
1769473
1507331
-2621437
-2162686
-1179648
-1310718
-1179646
-1114112
-1114112
-1048576
-1245181
-1114112
-1114110
-1179645
-917501
-851967
-786429
-851967
-720895
-589824
-786429
-983039
-1376253
-1310720
-1310718
-1245183
-1179645
-1179646
-1245183
-851967
-983038
-786432
-983037
-917504
-983039
-983037
-851966
-917502
-1048573
-917501
-917504
-1114112
-1114110
-1048576
-1179645
-983039
-1114110
-1179646
-983039
-1114111
-1179647
-1048574
-983037
-983040
-983038
-786431
-851968
-1179646
-983040
-1245181
-1245183
-983040
-1048576
-917502
-1638398
-1376255
1769475
458752
-2228221
-1638398
-1114112
-1376254
-1376253
-1310719
-1179645
-1114110
-1179645
-1245182
-983039
-983040
-1048574
-1179645
-1048574
-655357
-983037
-983040
-786430
-917502
-983039
-1310717
-1310720
-1376255
-1376253
-1114109
-1179647
-1179647
-983038
-917504
-1179647
-1179646
-1048575
-1245184
-1114110
-786432
-1114109
-1048573
-1245181
-1114112
-1048575
-1179645
-1179647
-1114111
-1048574
-983040
-1179647
-1114110
-720895
-917501
-851966
-720895
-786432
-983038
-1179648
-1048573
-1245181
-1245182
-1114112
-917503
-851967
-1507325
1048577
1638402
-2162685
-2752512
-1507327
-1048576
-1310718
-1179647
-1048576
-1114111
-1179645
-1114110
-983040
-851965
-720893
-851966
-655359
-720895
-786431
-655360
-786430
-786430
-1048574
-1245181
-1114109
-1114112
-1114112
-1048575
-1179646
-983037
-851965
-1114110
-1114111
-917501
-1114109
-1114111
-1376255
-1245182
-983038
-1048574
-1114110
-1245181
-917502
-1114109
-1114111
-1114111
-983038
-917503
-983037
-1114109
-1114111
-1048576
-1048576
-1048576
-917504
-983039
-1114111
-917501
-786432
-1114111
-1114111
-917502
-917502
-983038
-1048573
-1114111
-1441789
-1245181
-1048573
-917502
-917504
-1638399
-262144
2818049
-458749
-3276799
-1638399
-1507327
-1572862
-1245184
-1179648
-1179645
-1310717
-1114110
-1048574
-983040
-1114111
-1048573
-851966
-786431
-851965
-851967
-1048573
-1114110
-1310717
-1572862
-1441790
-983037
-983038
-983040
-983037
-1114110
-1114112
-1048574
-851968
-917502
-1048574
-1114109
-1179645
-917504
-1114110
-1048574
-983038
-983037
-786430
-1048574
-983038
-786429
-1048575
-983040
-1048575
-1048573
-1048574
-917504
-786429
-851968
-1114109
-1048573
-1048573
-1114111
-1114109
-1048575
-917504
-1114110
-1114112
-1179646
-1114110
-983037
-1048573
-1114111
-1310719
-1638397
1376259
1703936
-2490365
-2424831
-1245181
-1572863
-1245184
-1048575
-1114110
-1114109
-1114110
-983037
-1048573
-1048573
-1048574
-1048574
-983037
-1048574
-917502
-917503
-917503
-983038
-1048576
-1114112
-1179645
-1376254
-1114109
-1179647
-1114112
-1179645
-1114112
-1179648
-1245181
-917503
-851965
-917502
-786429
-917501
-1048573
-851968
-917503
-983037
-1114110
-917503
-1048573
-983037
-917502
-917504
-1114111
-917503
-917503
-786430
-720896
-720894
-393215
-786429
-1048574
-1245182
-1179647
-1048575
-1048573
-1310720
-1114111
-1245183
1966081
-458749
-2424831
-1703933
-1114109
-1245182
-1245182
-1310719
-1310718
-1048576
-1179647
-917502
-1114109
-983038
-917502
-1179645
-1048576
-983038
-1048576
-983040
-1245181
-1245183
-1376255
-1310717
-1179646
-1376254
-1114109
-1245184
-1245184
-1179647
-1179648
-1048576
-1048576
-1114112
-1048574
-983039
-1114109
-917504
-983039
-917501
-1245183
-1179648
-1114111
-1179645
-1114110
-1114111
-983037
-917504
-983037
-1114109
-1114109
-1048575
-720894
-786432
-1048574
-1245183
-1376255
-1179646
-983040
-917501
-720895
-1507326
1310720
1900544
-1900543
-2228224
-1507326
-1245182
-1179647
-1179645
-1114112
-983038
-983039
-1179648
-851967
-983039
-1048575
-851967
-786432
-851968
-786432
-851968
-786429
-983038
-1179647
-1245183
-1310720
-1441791
-1245181
-1114111
-1179645
-1114111
-917502
-1048574
-1114110
-1114110
-1310717
-1048573
-1179645
-1114109
-1048576
-1245184
-1245183
-1048574
-1114110
-1114110
-1048575
-851968
-917503
-1114111
-1114110
-1441789
-1179646
-1245181
-1114112
-1114111
-851966
-1048575
-1048576
-720896
-1179647
-1245181
-1376253
-1310719
-1179648
-1114112
-851967
-983037
-1703934
262144
2490371
-3014655
-1507325
-1310718
-1310717
-1376256
-1179645
-1048576
-1245182
-983039
-983039
-1048575
-917504
-983037
-786431
-786429
-851967
-917502
-1048576
-1245184
-1376255
-1245181
-1114111
-1114111
-983040
-983038
-917504
-786431
-983038
-786432
-1048574
-1048573
-786432
-917502
-1048574
-1245182
-1048576
-917501
-917502
-983039
-1114110
-917502
-917503
-1179645
-983038
-655360
-589822
-1048576
-917502
-983037
-1114111
-851967
-786432
-983038
-851968
-1441790
-589824
1835011
-327680
-2424832
-1769470
-1179645
-1310720
-1179647
-1048573
-1048574
-1245183
-1310719
-1179648
-983038
-1048576
-1114109
-1114111
-1114109
-917501
-1179648
-1310717
-1245181
-1376255
-1441789
-1441789
-1376253
-1245183
-1310717
-917504
-1179648
-1048576
-1114111
-1048575
-1114110
-1376254
-1114110
-1048573
-1048576
-1179647
-1245182
-1114111
-1048574
-983040
-1179645
-1245181
-1114112
-1179648
-1114109
-1048576
-1179648
-1048574
-1114110
-917503
-851966
-1048574
-1310717
-1114111
-851967
-1179647
-1245184
-786432
-1310717
-983039
2162690
917507
-2818046
-1900543
-1310720
-1376255
-1114110
-1179647
-1179648
-1048575
-1114112
-1179645
-1048576
-1048575
-851965
-851967
-851966
-983038
-983040
-1179647
-1179645
-1310719
-1376254
-1507326
-1310717
-1114110
-1114109
-1048575
-983037
-1245184
-1179645
-851968
-917504
-917504
-1048574
-1114112
-1179645
-1179648
-1245182
-1179648
-1114111
-1179646
-1114112
-1114112
-1114110
-1114109
-983040
-1310719
-1245181
-1048576
-1245182
-1114109
-1179647
-1179647
-1114111
-1179646
-1048574
-1114109
-1179646
-1441789
-1179647
-1048576
-1114109
-1114112
-1179646
-917502
-1114109
-1376253
1769473
1638401
-2686975
-2228224
-983039
-1572862
-1376255
-1179648
-1245182
-1114111
-917504
-917502
-983038
-917502
-720894
-851967
-851968
-786431
-851967
-786432
-720893
-983037
-1179648
-1179648
-1310719
-1310719
-1179647
-983040
-851966
-917504
-983040
-1114110
-917501
-786432
-851968
-917502
-851968
-917501
-1048573
-983040
-1048575
-983038
-917503
-983038
-983038
-983040
-851966
-1048573
-1310718
-786432
-1048574
-983039
-917504
-1114110
-917503
-983038
-917502
-851966
-851965
-851966
-1114112
-1048575
-1114109
-983038
-1114110
-1114111
-720893
-1310720
-65533
2162688
1114113
-2031616
-1835008
-1310718
-1245183
-1048574
-1179645
-1179646
-1114112
-1310720
-1114111
-1114112
-1179646
-983040
-917502
-786432
-983040
-983038
-1114110
-1245182
-1245181
-1441791
-1310720
-1245181
-1376255
-1245181
-917504
-1114112
-1048574
-1048574
-1245182
-1179646
-983039
-1114109
-1114109
-1245184
-1179645
-1048573
-1114112
-1114110
-1048573
-983040
-1048573
-1048573
-1114111
-1114110
-1048575
-917504
-1114112
-983039
-1245181
-1114111
-917501
-851968
-1179647
-983038
-720895
-655360
-917503
-917504
-917501
-851967
-1179645
-1179645
-1114110
-917501
-1376256
-1245184
2097155
1048579
-2949120
-2031613
-1376253
-1376254
-1441792
-1245183
-1048576
-1179647
-1114111
-983040
-1179648
-851968
-1048575
-983038
-786430
-917501
-851965
-917503
-983038
-1245184
-1376256
-1179648
-1310720
-1179647
-1114110
-1114109
-1114111
-1179647
-1179648
-917501
-786432
-1048576
-851967
-1048575
-1048573
-1048575
-1114109
-1114109
-1114109
-1114111
-1048576
-1114111
-983037
-1114109
-1114112
-1048573
-1114111
-1114111
-983039
-851968
-983038
-1114110
-1179646
-1179648
-1114111
-1048574
-1048573
-983039
-1114110
-1048576
-983040
-1245181
-1245182
-1179647
-1179646
-1245183
-1179645
-983037
-1114111
-1572861
1179649
2359296
-2293757
-2621440
-1507325
-1507326
-1114111
-1114110
-1245181
-1310717
-1048574
-1179647
-983039
-1114112
-1114111
-917501
-851968
-786429
-917502
-1179648
-1310717
-1376256
-1114112
-1245181
-1114112
-1245183
-1114110
-1179645
-1179648
-1114109
-1245181
-1114112
-1179648
-1048574
-983040
-1179646
-983038
-1179646
-1114112
-1048574
-1179647
-1179648
-1114111
-1048575
-1179645
-983040
-917504
-983039
-917504
-917503
-1114109
-983038
-1179648
-1048574
-1179645
-1310720
-1048576
-917502
-1179648
-1179647
-786431
-1376254
-983040
786434
2031619
-1638399
-2424830
-1179648
-1310717
-1441789
-983040
-1114111
-1048575
-1114109
-983039
-1048575
-1114111
-917504
-983038
-851967
-917502
-983038
-851967
-851966
-917503
-1179645
-1179647
-1376253
-1114112
-1048576
-983038
-1114109
-1114109
-851967
-1114109
-1179645
-917503
-1048574
-851968
-720896
-851967
-983038
-1114109
-1048575
-1114109
-1048574
-917504
-1179645
-1179648
-1179647
-1048574
-1048574
-1048575
-983038
-917502
-786432
-983037
-983038
-1376253
-1245182
-1048575
-1048573
-1114111
-1572861
1703937
-196605
-2490366
-1835007
-1310720
-1507328
-1310719
-1245181
-1114110
-1114109
-1114110
-1310717
-1048574
-1310720
-1441790
-1048573
-983038
-1114110
-1048573
-1114110
-1441790
-1441790
-1245181
-1376256
-1245184
-1245184
-1179645
-1179646
-1245184
-983039
-983040
-1179645
-1048575
-983037
-1245182
-1114111
-983039
-1048576
-851968
-1048573
-983038
-1114111
-983039
-983040
-1114109
-917501
-1048576
-917504
-983037
-983037
-720893
-720896
-983037
-1179648
-1114109
-983039
-917503
-851968
-851968
-1638400
917504
2424834
-1638399
-2424831
-1114111
-1310720
-1179648
-1245181
-1048575
-1114110
-1114111
-917503
-1048575
-1114111
-1048575
-1179647
-851965
-917503
-786431
-851966
-917502
-983038
-1179647
-1441789
-1376255
-1114112
-1179648
-1114111
-1179647
-1048574
-851966
-1114110
-1179646
-1048576
-1048575
-1114112
-1048576
-1048574
-983037
-1310719
-1376253
-1048575
-1114112
-851968
-1048574
-1114109
-983038
-1179645
-1048574
-983039
-1048573
-917503
-917501
-786432
-917504
-917502
-1114110
-1114110
-1114111
-1114111
-1114110
-917502
-917503
-917504
-1114112
-1179647
-983040
-983039
-1048573
-1048574
-1048576
-851965
-1507327
-786432
2752515
262145
-3407870
-1835005
-1310719
-1376255
-1179648
-1179646
-1114109
-1048575
-917504
-917503
-917502
-1048573
-1179645
-1114111
-983037
-983040
-786430
-983038
-917502
-851965
-1114112
-1310718
-1179647
-1376256
-1048573
-917501
-1114111
-917503
-983039
-786430
-851967
-983037
-983037
-1048576
-917502
-851967
-1048573
-983039
-1048575
-983038
-983038
-1114110
-1048575
-983038
-917504
-1048573
-983037
-1114112
-1179648
-1114111
-917501
-851967
-917502
-851965
-1114110
-851968
-720896
-851968
-655359
-655359
-1048575
-917502
-720896
-917503
-917502
-1376255
-1572862
1638402
-1638400
-2228223
-1310718
-1310719
-1310719
-1179647
-1179648
-1441790
-1245181
-917504
-983038
-851967
-917502
-851967
-720896
-851968
-851967
-786431
-851966
-917503
-1048576
-1048575
-1179648
-1179647
-1114111
-1179645
-1114112
-1114112
-1310717
-1245181
-1245182
-1048576
-983038
-1245182
-1245184
-1245181
-1114110
-1048574
-1179648
-1376253
-1245183
-1179647
-1310718
-1245183
-1114110
-1114110
-983039
-1376254
-1048576
-720896
-983037
-1048576
-1507325
-1310719
-851965
-720894
-917504
-917502
-1376253
-720893
2293760
2
-2621438
-1507325
-983040
-1310718
-1245181
-917501
-1114109
-1048575
-983038
-983040
-851968
-917503
-851965
-1114109
-786431
-786431
-851968
-655357
-851966
-983039
-1048576
-1245184
-1245181
-1114109
-1310718
-1179648
-1179646
-1179647
-1179645
-1114110
-1048576
-1114110
-1179646
-1114110
-1179647
-1245183
-1310717
-1114110
-1245183
-1310717
-1114111
-1114110
-1048575
-1114109
-1114111
-1114112
-1114111
-1048575
-1048573
-1114109
-1048573
-1048575
-1048576
-1048574
-1179647
-1114111
-851968
-917503
-1114111
-983039
-1114111
-917504
-1179648
-1376255
-1179646
-983039
-1310717
-1114109
-1179646
-983038
-1376253
-1507325
2293761
1179651
-3211263
-2031614
-1310717
-1441789
-1179647
-1179648
-1245181
-1048574
-1048575
-1114111
-1179648
-1310719
-1114110
-1179646
-851966
-983038
-786431
-983038
-1114109
-1048576
-1376255
-1376253
-1310720
-1245183
-1114112
-1310719
-1048573
-1048575
-1114111
-1048573
-851965
-1048573
-1048576
-1048575
-1048574
-917504
-1114110
-1114111
-1179646
-1048576
-917502
-983038
-1114111
-1048576
-1114111
-1179646
-1114110
-983040
-1179645
-1114110
-1048574
-786431
-1048573
-1048576
-786432
-1179645
-1048575
-983040
-1048576
-917504
-983037
-851968
-1179646
-1114111
-1245181
-851968
-1048574
-1114111
-1835006
-327680
3014656
-851966
-3211264
-1638400
-1245181
-1441792
-1507327
-1114109
-1048576
-1114109
-1048573
-1048574
-1179645
-917503
-1048576
-983037
-851967
-655360
-851965
-851967
-1048574
-1179646
-1310720
-1310720
-1310717
-1376256
-1179647
-1048574
-1245181
-1048575
-917502
-917504
-851965
-917504
-983037
-786432
-786429
-983038
-983039
-786432
-851966
-786430
-851966
-655359
-720896
-917501
-917502
-917501
-983038
-786430
-851965
-786431
-786429
-851965
-786432
-720895
-720894
-786429
-589822
-655358
-786429
-851966
-851968
-1048573
-1048573
-851968
-1048574
-1179647
-720895
-1245182
-458752
2359299
0
-1835005
-2359294
-1179646
-1245181
-1048575
-983037
-1048576
-983039
-786432
-983039
-1048574
-983037
-917504
-1048573
-1048574
-917501
-720895
-1114109
-1048574
-917501
-983039
-1245184
-1376254
-1114111
-1048575
-1048574
-1114109
-1048575
-917503
-1114109
-983040
-1048576
-1179647
-1114110
-1048575
-1245181
-1245182
-1245182
-1179646
-1114109
-1048576
-1179647
-1245184
-1310719
-1376254
-1114109
-1310719
-1245183
-1179648
-1245183
-1310717
-1310718
-1114112
-1310717
-1310717
-1638397
-1572862
-1179648
-1179646
-983040
-1572862
-917504
720898
1376257
-1769472
-2293760
-1245183
-1376253
-1376253
-1245182
-1310720
-1114109
-1245183
-1114110
-1245182
-1245183
-983039
-1114112
-983040
-983037
-917503
-917504
-983039
-983038
-1245184
-1245184
-1376255
-1114111
-983037
-983039
-1114110
-1048575
-917503
-1048573
-1048575
-983038
-1048573
-917503
-983038
-1114111
-1048574
-1179645
-786432
-983038
-983039
-917501
-1048574
-1114111
-1179645
-1114111
-1048576
-1048573
-1179645
-1114112
-1048574
-983040
-1048573
-1179646
-983037
-720896
-917504
-1376254
-720895
-1048574
-1048573
-1507325
-458752
2490368
-262144
-2949120
-1835006
-1376256
-1245184
-1310718
-1179647
-1179645
-1179646
-1114111
-1114110
-1048576
-851965
-917502
-1048574
-983039
-851968
-851967
-917503
-1048575
-1048574
-1245181
-1114112
-1114112
-1114112
-1245181
-1245182
-1179646
-1114112
-1048575
-917504
-851968
-786431
-851967
-851966
-917503
-786431
-851965
-851968
-851968
-851965
-851965
-786429
-917502
-851967
-917501
-917503
-851966
-786431
-786432
-851967
-851967
-786432
-786432
-589824
-851966
-1048573
-1114111
-1048575
-1114110
-1114111
-720894
-917504
-1572862
655362
1900544
327682
-2162686
-1703935
-1179648
-1441791
-917502
-1114111
-1245181
-1310717
-1048573
-1048574
-1179645
-1114110
-917502
-786431
-983039
-983040
-786429
-1048575
-983039
-917501
-1048573
-983038
-1048575
-1245182
-1179645
-851968
-917503
-983038
-1048574
-917502
-1048573
-983039
-851966
-1048575
-1114111
-1048574
-851967
-655360
-851967
-720893
-917503
-1179648
-917502
-1179645
-1048573
-917504
-983038
-917501
-851966
-655358
-917501
-1179645
-1114111
-1114111
-1048574
-1114109
-1114110
-851967
-1769469
-131072
1245186
131073
-2490365
-2293759
-1572864
-1638398
-1507327
-1376256
-1376254
-1376255
-1245184
-1310718
-1310719
-1376254
-1376255
-917504
-983037
-1179648
-1114112
-1310719
-1572864
-1507325
-1441792
-1376253
-917504
-1179645
-983038
-1310718
-1310719
-917501
-917502
-1179647
-917504
-983038
-786432
-1179645
-851965
-1310717
-917501
-786430
-786431
-1048576
-655358
-524286
-1179645
-1179647
-655359
-983040
-851967
-1048576
-1114109
-1114111
1638401
2686976
-524285
-2883582
-1179645
-1179647
-1441792
-1114110
-1048575
-1245183
-851967
-983039
-1179646
-1114111
-917503
-917501
-983038
-917501
-1048573
-917502
-1245181
-1179648
-1114110
-1376255
-1179646
-1114112
-1310720
-1179645
-1114109
-983040
-983039
-1114110
-1048575
-1245183
-1114111
-1376255
-1114109
-983039
-1245182
-1179646
-1048575
-1245184
-1048575
-1179647
-1179647
-1114109
-1179647
-1048576
-1114112
-1179646
-983039
-1245181
-1114110
-1114109
-917501
-1179645
-1048575
-851967
-983039
-1376254
-1179646
-1179645
-1179646
-1245181
-1179647
-983040
-1376254
-1310718
1966083
1507328
-3080192
-2162686
-1376254
-1441792
-1376254
-1310718
-1114110
-1179648
-1179645
-1245183
-1245181
-1048576
-1048575
-1048573
-983039
-983039
-1114109
-1048573
-851965
-917501
-1114111
-1310720
-1310717
-1114111
-1179647
-1179646
-1048573
-1048576
-1114109
-1048575
-786431
-983039
-1048575
-1114110
-1048574
-1048573
-1114110
-983039
-1048574
-917502
-1048576
-983037
-917504
-1245182
-1114111
-1114110
-1114112
-1048575
-1048573
-1114109
-1179645
-983040
-851968
-917501
-786429
-720896
-851968
-1245183
-1310720
-1114110
-1048575
-1114112
-1179646
-851968
-1310720
-983038
2162691
2359298
-1245182
-2883581
-1245184
-1245181
-1310717
-1114112
-983039
-983037
-917502
-917502
-851965
-1114110
-1179647
-983039
-983039
-851966
-917504
-1114111
-1245181
-1376256
-1114110
-1179645
-1245184
-1179648
-1245182
-1048575
-1048575
-1048575
-917502
-983037
-1179646
-983040
-917501
-851966
-786429
-720896
-851966
-917502
-1048575
-1048574
-1114110
-1114109
-983039
-917503
-1245182
-1245182
-1048575
-851967
-1245183
-1376254
-1048573
-1245182
-983040
-851967
-917502
-917504
-1638400
-1048576
1769473
131075
-2228221
-1835008
-1114112
-1441792
-1310720
-1310719
-1245184
-1179647
-1179645
-1179647
-1114112
-1179645
-1179645
-1114111
-1310719
-1507328
-1114110
-1245184
-1310719
-1114110
-1376254
-1376253
-1114110
-851968
-851967
-1048575
-1245183
-983038
-1048573
-1048575
-1048573
-1179645
-1048575
-983037
-1048575
-917503
-1114111
-1114109
-1114110
-1245181
-1048576
-851966
-851967
-1048575
-1048576
-983038
-983038
-917502
-655360
-983039
-1114110
-1245184
-1114109
-1048574
-1048575
-917502
-917501
-1441791
-1310719
2162690
983041
-2818047
-1900543
-1179648
-1507325
-1310719
-1114112
-1114110
-1114111
-1114109
-1179647
-1048575
-983040
-1114109
-1048573
-983040
-1048574
-983037
-917502
-851967
-917502
-1114111
-1441790
-1245183
-1310718
-1245184
-1245182
-1048576
-983040
-1114112
-851968
-1048573
-1048575
-1114110
-1114111
-1114109
-1114112
-1114112
-1179647
-1048576
-1179645
-1179648
-1114112
-1048576
-1048574
-1048573
-983040
-1179645
-1179646
-1048575
-1179648
-1048576
-1048574
-1048575
-1114109
-1048575
-983040
-1114109
-1245181
-917503
-851966
-786431
-1048574
-1310717
-1245181
-1245183
-1179648
-1048576
-917502
-1245182
-1572862
-458751
2883586
65539
-3473406
-1769470
-1376255
-1507325
-1179648
-1179645
-1179647
-1114109
-1114110
-1048573
-983039
-983040
-1114110
-1179645
-983037
-917503
-917502
-1048576
-983039
-1048576
-1179647
-1310719
-1245181
-1310720
-1376255
-1376253
-1245182
-1179647
-1114109
-1114109
-1048575
-983037
-1114111
-1048575
-1048576
-1048576
-1048573
-1048573
-1114110
-1048573
-917502
-1048574
-983040
-983038
-1048575
-1179645
-1179648
-1048575
-917502
-983040
-983037
-851966
-786429
-917503
-1179646
-1179648
-1179647
-1048574
-1048575
-786429
-983039
-1441792
1245186
1572865
-1769470
-2162688
-1245183
-1179645
-1179645
-1114110
-1048575
-1114112
-983040
-1048573
-851968
-917502
-851965
-851967
-917501
-786432
-786430
-786430
-917502
-983040
-1179648
-1310720
-1441791
-1179645
-1048573
-1179646
-1114112
-1114110
-1048576
-983040
-1048575
-983039
-851968
-983038
-983038
-917501
-917503
-1245181
-983038
-851967
-1048576
-983039
-983039
-1310719
-1310717
-1048573
-1114109
-1245181
-1376253
-786432
-1048576
-1376254
-1572861
-1376254
-1245181
-1179647
-851966
-851965
-1638399
-65533
1900545
-1245182
-2490367
-1572861
-1310719
-1245182
-1376256
-1245184
-1114112
-1048575
-1179646
-1048576
-1048574
-1048574
-851967
-917501
-917503
-1114109
-983039
-917504
-1245181
-1114109
-1245182
-1376254
-1245181
-1179645
-1114110
-917502
-983040
-917504
-1048574
-1048575
-1114110
-1114109
-1114111
-1179647
-1310717
-1048576
-1114109
-851965
-1048573
-1114111
-1114111
-1048574
-917501
-786432
-655360
-917502
-851966
-851968
-1048575
-655360
-720893
-851965
-983038
-1179646
-983037
-1048575
-983039
-983039
-1048575
-1572864
786435
2293762
-1769471
-2555901
-1179648
-1441790
-1179646
-1179645
-1048576
-1048575
-1114112
-1048573
-1114112
-917504
-1048576
-1048576
-983039
-983040
-917503
-720896
-1179648
-1310717
-1179648
-1376253
-1310720
-1310720
-1245184
-1179647
-1310718
-1179645
-1114111
-1245181
-1048575
-983040
-1114111
-1245184
-1245184
-1245181
-1376253
-1114112
-1048573
-1048574
-917504
-1048576
-786432
-917504
-917503
-851967
-851966
-917503
-786432
-786432
-1048573
-1048575
-917504
-1048575
-983040
-983039
-983038
-917503
-1114111
-917501
-1245183
-1245184
-1114112
-1179646
-1245181
-983040
-1310718
-1114112
524289
2686976
-1441790
-3211263
-1441792
-1441790
-1179647
-1179647
-1048575
-1048576
-1179647
-1245181
-983040
-1179645
-1048576
-983040
-983037
-786429
-851965
-589823
-851966
-983039
-1310717
-1245181
-1179648
-1376253
-1310717
-1179646
-1179648
-917504
-917504
-917504
-917502
-1048574
-1048574
-786432
-851968
-1310720
-983040
-851966
-851968
-983040
-983038
-983038
-720896
-917503
-917501
-917502
-1048576
-917502
-851966
-983038
-851967
-786431
-720895
-1245182
-1114111
-1245182
-1376256
-917504
-851967
-917504
-1048575
-1507325
-1179646
1966081
524288
-2555902
-1966079
-1048576
-1310718
-1179647
-1245184
-1179647
-1179645
-1179646
-1179646
-1179646
-917502
-851968
-983038
-983040
-983037
-983038
-1048574
-851968
-917502
-1179645
-1245184
-1179647
-1310719
-1376253
-1245182
-1245181
-1245182
-1310718
-1114111
-1114111
-1245182
-1179646
-1245184
-1114112
-1179645
-1114112
-1179647
-1310719
-1048576
-1245181
-1179647
-1114110
-1114112
-1245181
-1114110
-1245181
-1310718
-1114109
-1114110
-1048574
-1048574
-917502
-1048575
-1179648
-1245182
-1310719
-1179646
-1114109
-1179645
-983039
-1507327
-917504
2097152
196608
-2949118
-1703935
-1310720
-1310717
-1245181
-1114111
-1114112
-1048576
-983040
-1048574
-1048573
-1114110
-786429
-655358
-786430
-851965
-786429
-983037
-1114110
-1114110
-1245182
-1441789
-1179646
-1245182
-1245182
-1048574
-917501
-786432
-917502
-1245183
-1245181
-1179645
-1114110
-1114112
-1310719
-1179647
-1048574
-1179647
-1179645
-1048573
-983039
-1114110
-1114110
-1114112
-1179647
-1114109
-1179647
-1048574
-1179646
-1179647
-1048576
-1179645
-1114111
-786432
-851966
-917501
-1441789
-1245182
-1179645
-1245183
-1245184
-1245183
-917503
-917504
-1703936
-917502
2490368
262147
-3276798
-1638397
-1245183
-1441789
-1310718
-1179647
-1048576
-917502
-983039
-983040
-786430
-1114109
-1048573
-589822
-983037
-983039
-786431
-1179648
-1310717
-1310718
-1441792
-1310719
-1245184
-1310719
-983040
-983040
-1048574
-851968
-917502
-1048573
-1048573
-1114111
-1179647
-1179645
-1179645
-983038
-1048576
-983039
-1048576
-983038
-983040
-1114111
-1179647
-1048573
-917502
-1114111
-1048573
-983039
-917503
-917501
-917502
-983039
-1114109
-1048574
-720896
-786431
-851965
-720893
-1048574
-1114110
-983037
-983039
-1048575
-1114110
-917502
-786429
-1507325
-65535
2424834
1376256
-2359293
-2162686
-1245181
-1245184
-1048575
-1048576
-1048575
-1048573
-851968
-1179645
-851966
-851965
-917502
-1048574
-917501
-720895
-851965
-917501
-917504
-917502
-1048576
-1376253
-1114110
-1114109
-1048573
-1245182
-1245184
-1114109
-1048576
-1114111
-1179648
-1048575
-1114112
-1114110
-1048575
-720895
-720893
-917502
-917504
-983040
-1114111
-1310718
-1245182
-1114112
-1179646
-1048574
-1048573
-1048576
-1048576
-851967
-720893
-917501
-1179647
-1310719
-1179647
-1114112
-983039
-1179648
-1048574
-1769471
655361
1769474
-196605
-2490366
-1769471
-1179645
-1245184
-1376256
-1310718
-1310718
-1245182
-1179646
-1114109
-1114112
-1114109
-1048575
-1048575
-1114109
-1245182
-917502
-917503
-1048573
-983038
-1245183
-1245184
-1376254
-1376254
-1310719
-1310717
-1245181
-1114112
-1114111
-1114112
-983040
-983040
-1048576
-1179647
-1179645
-1114109
-1048575
-983038
-983039
-917503
-983039
-983037
-1048576
-851968
-983037
-1048576
-983040
-851968
-917501
-720894
-983040
-1048575
-983040
-1048573
-917503
-917503
-983040
-1179647
-1179645
-1048573
-1245181
-1310719
-1179647
-983037
-1507328
-589822
2752512
262145
-3211264
-1638399
-1376253
-1376256
-1245181
-1245184
-1376256
-1114110
-1114110
-1114109
-917504
-1114112
-1179647
-1048574
-786431
-917502
-983040
-1048575
-1048576
-1310717
-1310720
-1376255
-1114111
-1310718
-1376253
-1245184
-1310720
-1048574
-1114111
-1245181
-1114112
-1245183
-1245181
-1376254
-1310720
-1310717
-1376255
-1245181
-1114112
-1114111
-1114110
-1245183
-1179648
-1114112
-1179645
-1048575
-983037
-851968
-1048576
-1048576
-917502
-655360
-917503
-851966
-851966
-1048575
-983040
-851968
-917504
-983038
-589822
-786429
-1441790
917506
2752512
-1703933
-2686975
-1638399
-1114111
-1245182
-1114109
-917504
-851968
-917504
-983040
-983037
-720895
-1048575
-1048574
-917504
-786429
-786431
-786430
-983038
-1048575
-1179646
-1376255
-1310718
-1441791
-1245183
-1245181
-1179647
-1048573
-1114109
-1179645
-983040
-917503
-983037
-1048576
-1048575
-983039
-1114111
-1179647
-1114112
-1114109
-1114110
-1114109
-1245183
-1048573
-917504
-851966
-720895
-917503
-1048576
-1179646
-1376253
-1245184
-983039
-983037
-786431
-1310720
-983040
2424832
786433
-3211261
-1900543
-1245181
-1507328
-1376256
-1114112
-1114112
-917503
-1179645
-983038
-1048573
-1048573
-851967
-1179645
-786432
-786431
-983037
-851967
-1048576
-1245182
-1310719
-1376255
-1310718
-1179646
-1048575
-1114112
-983038
-983037
-983040
-917503
-851966
-983037
-917501
-917504
-917501
-917504
-917502
-917502
-786432
-917503
-917501
-851966
-983037
-917503
-1048574
-917501
-917501
-1179646
-1048576
-917503
-917502
-720895
-983037
-917502
-851965
-1048575
-917501
-1048573
-983039
-720895
-1179647
-1245184
1703937
720896
-2031614
-2031613
-1572864
-1114111
-1310719
-983038
-655360
-786430
-786430
-786432
-917503
-655359
-917501
-983038
-917504
-851966
-983039
-851966
-917501
-1048575
-1310718
-1441789
-1310718
-1441790
-1441792
-1376253
-1376254
-1376254
-1245181
-1245184
-1245181
-1310719
-1376254
-1310720
-1245182
-1441789
-1441790
-1310719
-1441790
-1441790
-1114111
-1245181
-1179648
-1114111
-983037
-917504
-983040
-983038
-720894
-851967
-1179646
-1179646
-1179648
-1310718
-1048575
-983040
-851965
-1048575
-1310717
1638403
983042
-2424832
-1835006
-1179648
-1114111
-1114112
-983040
-1048576
-1114110
-1048575
-983038
-917502
-720895
-851965
-917501
-720894
-720896
-786429
-917501
-917501
-851966
-1048574
-1114110
-1310718
-1245182
-1179648
-1114112
-1179647
-1114110
-851968
-1179645
-983039
-1179648
-1114112
-1114109
-1179647
-1179646
-1179645
-1310718
-1245182
-1048575
-1048573
-1179645
-1245181
-1114110
-917504
-1114110
-1114111
-917504
-1114109
-1048573
-1179648
-1114112
-1048574
-851968
-1048575
-851966
-1114111
-1179648
-1179648
-1245181
-1179645
-1048576
-1179648
-851967
-1245181
-1638400
65539
2949120
-983040
-3211261
-1638400
-1376253
-1376254
-1179646
-1245182
-1310717
-1245184
-1245181
-1048573
-1048576
-1048576
-1179647
-1048573
-917501
-917501
-983040
-983039
-1179647
-1245181
-1441789
-1441791
-1245181
-1245183
-1114111
-1048574
-1179645
-1179645
-983040
-1048575
-1179647
-983039
-1048576
-1114111
-1114111
-1048574
-917502
-1048575
-983039
-983039
-851966
-983038
-1114111
-1179645
-1114110
-1114109
-1048573
-917503
-917501
-851967
-851966
-917504
-983039
-851968
-851966
-917503
-851968
-1114112
-1114112
-917502
-1048576
-851967
-983039
-720893
-1245181
-1048576
2097154
393219
-2293759
-1703935
-1114111
-1048576
-983039
-1048576
-720893
-786429
-786431
-458752
-983038
-1179647
-983039
-983040
-983040
-1048573
-1048575
-1179646
-1179648
-1310719
-1441791
-1179648
-1310720
-1507327
-1245181
-1179647
-1048573
-983039
-983040
-1245181
-917503
-1048575
-1114110
-983037
-917503
-1114111
-1245184
-1376254
-983039
-1048575
-1114110
-1179645
-1179645
-1310717
-1179647
-1179648
-1245183
-1114111
-1245181
-1245184
-1179648
-1376255
-1376256
-917504
-1114112
-1179646
-1310720
-1310719
-1441790
-1114109
-1703933
1572866
2097155
-2359293
-2359293
-1441790
-1638397
-1048573
-983039
-983037
-983037
-983038
-1048576
-1048574
-917502
-1048575
-1048575
-1114109
-720894
-917502
-983037
-983039
-1376254
-1179647
-1114111
-1245183
-1310718
-1245181
-1179645
-1048575
-1048574
-917504
-1048573
-917502
-1114109
-1310719
-1048575
-917504
-917502
-851968
-1048574
-1179648
-1310717
-1114110
-983037
-983040
-1048576
-1048574
-1179645
-1048574
-851968
-851965
-1114109
-1048574
-786431
-851968
-1245181
-1507325
-983038
-1114112
-720896
-851967
-1835008
1
2752514
-589821
-3538943
-1638398
-1048574
-1376256
-1114112
-1114111
-1048573
-983039
-1114110
-983040
-983040
-983038
-983039
-983038
-983037
-786430
-851966
-851965
-720894
-917502
-1179645
-1179647
-851968
-917502
-1048573
-1048575
-917502
-720896
-917503
-851968
-917503
-786429
-851965
-786430
-655359
-720894
-786432
-786431
-917502
-917503
-720895
-786429
-851965
-983037
-1048574
-1048574
-851967
-786431
-983039
-983037
-786429
-589822
-917502
-1048576
-1245182
-1048575
-851968
-786431
-917503
-1048574
-1703936
-65533
-720895
-2359293
-1638397
-1179646
-1245182
-1179648
-1114112
-983037
-1310718
-1507325
-917504
-1048574
-983040
-1048573
-1048574
-1048576
-1179646
-1114111
-1310717
-1245184
-1245182
-1441791
-1179648
-1507327
-1310720
-1048573
-1310717
-1114109
-1179648
-1245182
-1114111
-983040
-1114110
-1179648
-1245181
-1179646
-917503
-1179646
-1179648
-917503
-1048574
-1114110
-1245182
-1114112
-1048573
-1179648
-1114111
-917503
-1179645
-1441791
-1441790
-1245182
-1179647
-983037
-1048574
-917504
-1441792
-1048573
458754
-2883582
-1638398
-1376253
-1245184
-1114110
-1245183
-1114112
-983037
-851968
-720895
-851965
-720895
-786432
-851966
-917501
-917503
-589823
-589821
-917504
-1245182
-1114112
-1245181
-1179645
-1114109
-983039
-786429
-983037
-983039
-1048576
-1310718
-1376254
-1245184
-1114111
-1114109
-983038
-983038
-1114109
-1179645
-1114109
-983038
-1048573
-1114109
-1114110
-1048574
-917503
-917502
-1048574
-1114109
-917501
-1048573
-917504
-720894
-917503
-917502
-786432
-917502
-983039
-983038
-1114110
-1048575
-917504
-851966
-1376253
-1507326
1835010
1966082
-2686976
-3145728
-1572862
-1245183
-1114110
-1310720
-1310720
-1114112
-1114112
-1048576
-917504
-1179647
-1048575
-1048576
-1114112
-983037
-1114112
-458751
458752
-65536
-327679
-589824
-917503
-983039
-1048575
-1114111
-1114109
-917503
-983037
-1179645
-1114111
-917502
-983039
-917504
-917503
-983039
-1114111
-917503
-1048575
-1179646
-851968
-917501
-1048574
-1048573
-917501
-1114109
-1048575
-786432
-1048573
-1179648
-983040
-983038
-1048575
-1048575
-917504
-983040
-1048576
-1310718
-1114109
-1048573
-1310717
-983040
-1048573
-1769469
-1048574
2097152
-196605
-2621437
-1900544
-1245184
-1376256
-1179646
-1376255
-1179647
-1245182
-1179648
-1114112
-1245181
-1114112
-983040
-1048573
-1179646
-983039
-1114112
-1245181
-1376256
-1441791
-1310720
-1245184
-1376253
-1310717
-1441792
-1441791
-1179648
-1179645
-1179647
-1245183
-1114111
-1114112
-983037
-1048574
-1245182
-1179647
-1376254
-1245182
-1179646
-1245183
-1048574
-1048575
-1245184
-1179648
-1114110
-1179646
-1245181
-1179647
-1179647
-1114112
-1114109
-851965
-983039
-1114110
-1376253
-1376253
-1114110
-851965
-983037
-1179648
-1310720
-1572864
1376259
1638402
-2555901
-2162687
-1310720
-1376255
-1179647
-1245181
-1048574
-1048573
-1048575
-983040
-1048575
-1048574
-983038
-1048575
-917503
-720894
-851968
-917502
-851965
-851966
-1245181
-1376253
-1310717
-1376255
-1114112
-1114112
-983037
-1179646
-1048576
-1245181
-983038
-917501
-983040
-1048574
-1048576
-1114110
-1114109
-1048576
-1114110
-1048574
-1114110
-1114109
-1245183
-1245182
-1114111
-983038
-983039
-1114110
-983039
-1048573
-917503
-1114111
-1245181
-1114109
-983038
-1114109
-1048575
-917504
-720896
-917502
-1245182
-1179645
-1114112
-1179647
-983038
-1048574
-983038
-1310717
-1703934
-131069
2752513
-1114110
-3276797
-1441790
-1441790
-1179648
-917504
-1114112
-1310717
-1114109
-1048575
-1114109
-983039
-983039
-917504
-1179646
-917504
-786429
-786432
-851965
-1179647
-1310719
-1310720
-1245181
-1114111
-1245181
-1114112
-1179647
-1114110
-1114112
-983039
-917504
-851968
-917503
-1048573
-917501
-917503
-983039
-1048573
-1245181
-1048573
-851967
-983039
-1114110
-917503
-917503
-983040
-917504
-917503
-983038
-917502
-786432
-720894
-851968
-917504
-983038
-1048574
-1245183
-917504
-983039
-851967
-1376253
-1179648
1900547
786432
-1966078
-1966077
-1179646
-1245184
-1114109
-1245181
-1245181
-1179646
-1114109
-983037
-1048574
-1245181
-1179647
-983040
-1245181
-983040
-1114112
-1310720
-1376254
-1441790
-1310717
-1245184
-1376254
-1310720
-1507327
-1507328
-1114109
-983037
-1179646
-1179647
-1245182
-1179645
-983040
-1114111
-1310720
-1179645
-1114109
-1179645
-1179647
-1179647
-1048576
-1114109
-1114111
-1114111
-1114112
-1114109
-1114111
-1114109
-851965
-917504
-1114111
-1310720
-1245182
-1048573
-1048576
-1048575
-917504
-1114112
-1376255
1441794
1835009
-2293757
-2359293
-1245184
-1376254
-1310718
-1114111
-1114112
-1179645
-1245183
-1114109
-1048573
-1114109
-1245182
-1114111
-1048576
-917503
-786431
-983037
-917502
-1048575
-1179647
-1310718
-1507325
-1376253
-1245182
-1179647
-1179646
-1179646
-1245183
-1114111
-1179646
-917504
-917504
-983040
-1048574
-1114111
-1114110
-1179646
-1114111
-1179645
-1048574
-983039
-1114112
-1114111
-1114111
-983040
-1114111
-1114110
-917502
-1179646
-1048574
-1114111
-1179648
-1048574
-1245181
-1048575
-983040
-983039
-1114110
-1114112
-851965
-851968
-1048573
-1114111
-1310719
-1114110
-1048574
-1114112
-1114111
-917504
-1048574
-1703934
851969
2424832
-1769471
-2883583
-1310720
-983038
-1310718
-1245182
-1179645
-1114111
-1048574
-1048573
-983039
-983039
-1048575
-1179646
-1114112
-1114111
-917504
-655360
-851966
-1048576
-1048575
-1114111
-1245182
-1245181
-1048575
-1114110
-1179648
-1114109
-983038
-917502
-917504
-851966
-917502
-917502
-851965
-917502
-917501
-786432
-786431
-1114112
-983040
-655358
-917502
-1048576
-1114109
-1179645
-1114111
-983037
-917503
-983038
-1114110
-917501
-851966
-786430
-1048574
-1245181
-1179645
-1048573
-983040
-983038
-1048573
-851968
-1507327
-327678
2097153
-655357
-2424829
-1507326
-1048574
-1310718
-983040
-1245181
-1114111
-1179646
-1179646
-917504
-983037
-1048575
-917503
-917501
-851968
-1048576
-983037
-917502
-1048574
-1179647
-1507327
-1310717
-1441790
-1507327
-1376256
-1376256
-1179648
-1114111
-1179648
-1245183
-1310719
-1245183
-1114111
-1179646
-1245182
-1048575
-1441792
-1245184
-983037
-1114109
-983040
-983039
-917504
-1114112
-1179645
-1114110
-983040
-1114112
-851966
-917503
-983040
-1048576
-1179645
-1114112
-1114112
-1114111
-917502
-851968
-1441791
1114115
2097153
-1900543
-2490365
-1376253
-1507328
-1245182
-1245181
-1114110
-1114109
-1245181
-1048573
-983037
-983038
-851968
-786430
-851966
-851968
-786430
-786432
-917504
-851967
-1114110
-1179648
-1179648
-1179647
-1179646
-1245181
-1179645
-1114111
-1114109
-983040
-1048576
-1048573
-1048576
-1048573
-1179647
-1114112
-917501
-1048573
-1114111
-1114109
-1114109
-983040
-1114112
-1245181
-1048574
-983040
-983040
-1245183
-1114110
-1114111
-983039
-983037
-1114110
-1114111
-1310718
-1245183
-1114109
-1179645
-1048575
-917504
-1048576
-1048575
-1310718
-1310719
-1310718
-1048575
-1245181
-983040
-1572861
-1179648
2293761
1114114
-2752512
-2031613
-1376256
-1441792
-1048575
-1048576
-1048573
-1048576
-1245181
-917504
-983040
-917501
-983037
-983040
-851965
-720893
-851965
-851966
-786430
-917501
-917503
-1114112
-1179647
-1114111
-917503
-786432
-1114109
-983037
-917502
-1048574
-786431
-851968
-917502
-786431
-720895
-917504
-851967
-1048576
-917501
-786432
-1048576
-851968
-786430
-983039
-1048575
-655358
-720896
-720895
-1114112
-1310717
-1048575
-1048574
-851967
-983039
-917502
-1703933
-1245182
1900544
720896
-1966080
-1966078
-1048574
-1310720
-1310717
-1179646
-1114111
-1114111
-1179648
-1376254
-1376253
-983039
-1048574
-1114111
-1179646
-1310719
-1048574
-1245181
-1441791
-1310720
-1572862
-1507327
-1441792
-1441790
-1245183
-1114110
-1310719
-1245181
-1114111
-1179645
-1245183
-1114111
-1048576
-1245181
-1048576
-983037
-1048573
-1048573
-1114110
-851966
-917504
-983040
-1114109
-1048574
-1245181
-1310719
-1048575
-983038
-1114111
-917504
-917503
-786429
-720893
-983040
-851968
-1114111
-1048575
-1114110
-1114110
-983040
-720896
-1507325
-262141
2752512
-262143
-2949119
-1441791
-1441789
-1376254
-1048576
-1048576
-1048576
-1114110
-1048573
-851968
-917504
-851968
-983038
-917503
-1048573
-851966
-786431
-851965
-786431
-851965
-1179646
-1310717
-1245183
-1245181
-1114112
-1179645
-1048574
-1048574
-1572861
-1376253
-1048573
-1114110
-1114112
-1048575
-1245181
-1114111
-1114112
-983040
-1114112
-1048576
-1048576
-1114110
-1245183
-1245183
-1114111
-1048576
-1048573
-1048573
-1114112
-1114109
-1310717
-1114112
-1048576
-1310717
-1179646
-983037
-917503
-851966
-1048575
-1310719
-1179646
-1114109
-1179648
-983037
-851968
-1114109
-1572863
-458749
2490368
-327679
-2686976
-1900541
-1441792
-1179647
-1245182
-1310717
-983038
-917504
-983038
-917503
-786430
-983039
-786429
-786430
-786431
-851965
-589824
-851968
-720894
-1179647
-1179648
-1048573
-1114109
-1179647
-1048573
-917504
-983039
-917502
-851965
-851966
-917502
-786430
-983037
-917503
-917503
-983040
-851965
-1048576
-1048574
-917502
-917503
-1114112
-1179648
-851967
-917501
-786430
-786430
-851968
-851968
-983038
-720896
-786429
-1048576
-1179645
-1179645
-917501
-917502
-1048576
-917504
-1507328
196608
1703936
-1179646
-2490368
-1638400
-1310719
-1507326
-1310719
-1310717
-1310717
-1310720
-1179646
-1114111
-1245181
-1179648
-1048576
-983038
-1048574
-1048576
-1048574
-1048573
-1048576
-1376253
-1441790
-1310718
-1507327
-1114110
-1114111
-1310717
-1114111
-1114111
-1245182
-1179646
-1114112
-1048575
-917504
-983037
-917504
-983038
-1048576
-983037
-917501
-851968
-983037
-983038
-1048575
-983039
-983038
-917502
-851967
-1048574
-983038
-983038
-917501
-1114111
-851965
-720893
-983038
-983037
-1048575
-917503
-983037
-983040
-1048573
-1048575
-983039
-786429
-1376254
262145
2228227
1835008
-2818047
-2228221
-1310718
-1376254
-1310717
-1441791
-1245181
-1179646
-1376253
-851968
-720893
-917503
-917501
-786432
-851967
-851965
-851966
-851968
-851968
-1048575
-1310718
-1179647
-1376253
-1441790
-1245181
-1114111
-1114111
-1179645
-1179645
-1310718
-1310720
-983040
-983038
-1114111
-1179647
-1114109
-1048573
-1114109
-983037
-1179647
-1048573
-917504
-1179646
-1048573
-983039
-1048576
-851966
-786432
-786430
-917501
-983037
-786431
-851968
-851968
-786429
-917502
-786432
-655357
-786431
-720893
-655358
-1048574
-1048573
-983037
-917504
-917501
-917504
-720895
-1114112
-1376253
1966080
1441795
-2359293
-2686974
-1441792
-1179647
-1114111
-851968
-917502
-917504
-1048575
-917501
-851965
-655360
-851966
-851968
-786431
-720894
-917502
-917501
-851965
-786429
-1048573
-1048575
-1114109
-1179648
-1114111
-1048573
-983039
-1245182
-1114112
-1048576
-1048573
-1114111
-983038
-917504
-917501
-1310719
-983037
-983040
-1179646
-1048573
-1114110
-1245183
-1310720
-1048576
-917502
-983039
-1114111
-1114111
-917504
-1048573
-786431
-983037
-917504
-1179645
-1179648
-1179646
-1245182
-1245181
-1179648
-1245184
-983038
-1638400
-131069
2031616
-1048576
-2686975
-1572861
-1376255
-1638399
-1310719
-1179645
-1245182
-1310717
-1179647
-1048576
-1179645
-983038
-1245183
-1048576
-983038
-1114110
-983040
-1048576
-1245181
-1245184
-1245181
-1310720
-1245183
-1245182
-1114109
-1048573
-1245184
-983037
-1048576
-1048576
-983039
-983037
-983038
-1114109
-1048575
-917503
-983039
-983038
-1179646
-851967
-983038
-1048576
-1048575
-851967
-983037
-983040
-1048574
-1114112
-1114110
-1114109
-983038
-851965
-1114109
-1048574
-851966
-983039
-1048574
-983039
-1114109
-1114111
-1179646
-1310717
-1179646
-1245183
-1048574
-1441790
-1441791
2031619
1769475
-2883584
-3211261
-1507326
-1310718
-1179648
-1441791
-1179648
-1048575
-1245181
-1179646
-1245183
-1114109
-1048574
-1179645
-983038
-983037
-917503
-917503
-1048576
-1179645
-1179646
-1310720
-1310718
-1376254
-1310720
-1376253
-1114111
-1114111
-1048576
-1245183
-1048576
-851966
-917504
-917502
-917502
-917501
-983037
-983039
-983038
-1048574
-786432
-851967
-917504
-851966
-851966
-917501
-983039
-917503
-917501
-917502
-851966
-720893
-655360
-655359
-983037
-1114109
-1179646
-983039
-851967
-983038
-851967
-786430
-1507326
-262142
2097155
-458751
-2228224
-1441792
-1179645
-1376253
-1179646
-1179647
-917504
-1245181
-1245184
-1114111
-851968
-917504
-851965
-983040
-917502
-786432
-983037
-851967
-917501
-1179645
-1179648
-1179646
-1179646
-1048576
-1114110
-1245182
-1376254
-1114110
-1179647
-1179646
-917504
-1114110
-1179648
-1114111
-1048576
-1048576
-1048574
-1114110
-1310717
-1245181
-1114110
-1245182
-1114110
-1310720
-1179647
-1376254
-1245184
-1310717
-1245184
-1245183
-917504
-1179647
-1310718
-1507326
-1245181
-917501
-1048573
-1048576
-1179645
-1245184
-1572864
1245187
1441792
-2359295
-2359294
-1310719
-1310719
-1245181
-1114109
-1179645
-1310717
-1376253
-983040
-1048576
-1048576
-917501
-851966
-851968
-786431
-786430
-851967
-851965
-851967
-917503
-983040
-917503
-1048576
-851966
-983040
-786430
-983040
-1048574
-983040
-1048576
-983040
-983039
-1114109
-1245182
-1310719
-983040
-1048574
-917502
-983039
-1179646
-1114112
-1114110
-1114111
-1114112
-917502
-851968
-1179645
-1048576
-1048575
-1179645
-1114111
-1245184
-1179648
-1048573
-1114109
-1245181
-1048575
-1179648
-786431
-786432
-983038
-1245183
-1441791
-1245184
-1114111
-1048574
-1114109
-1048573
-983037
-1638400
131075
3014658
-917504
-3276799
-1441790
-1376255
-1245183
-1245182
-1048576
-1048574
-1179647
-1114112
-1245181
-1179646
-1245181
-1048573
-917504
-851967
-983040
-983037
-1048573
-983038
-1048576
-1310719
-1310720
-1245183
-1376253
-1179647
-1245181
-1179647
-1179647
-983040
-1048573
-1245184
-1179648
-983039
-1048573
-1048575
-1114112
-1114111
-1245181
-917504
-851968
-983038
-1114111
-1114109
-983039
-983037
-983039
-1048576
-1048576
-1245181
-1048576
-1048575
-983037
-524288
-917503
-1048575
-1179648
-1245182
-917503
-1048573
-1179648
-851968
-1310720
-1572861
1572867
1048576
-1900543
-1900544
-1114112
-1376253
-1441790
-1310717
-1114112
-1114109
-1048576
-983040
-1048575
-983038
-983039
-786430
-983038
-1114110
-1114110
-1048575
-917504
-983037
-1048576
-1310720
-1376255
-1376256
-1507325
-1245182
-1179646
-983040
-983038
-1179646
-1310717
-1179646
-1114109
-1245183
-1245183
-1245181
-1245181
-1245184
-1245182
-1048576
-1048573
-1114109
-1179646
-1179645
-1179646
-1245183
-1376254
-1245183
-1114111
-1114110
-1114109
-1245181
-786430
-917502
-1179645
-1114109
-1245182
-1310720
-1179648
-1114112
-1114112
-1048573
-1638399
131073
2621441
-917502
-2686973
-2162687
-1114109
-1310719
-1179645
-1310719
-1245183
-1310718
-1245182
-1048574
-1179647
-1048575
-983039
-1114111
-1048574
-917503
-1048575
-1114112
-1179648
-1245181
-1245184
-1310720
-1114111
-1376256
-1376253
-1114111
-1114112
-1179646
-1114110
-917503
-1179646
-1179648
-1245184
-1310717
-1376255
-1114111
-983038
-786430
-851965
-983038
-589823
-851966
-1114109
-1245183
-1310718
-1048573
-1114109
-1114111
-1245183
-1179648
-1245183
-1245181
-1179648
-1048574
-1179647
-1310718
-1179648
-1114111
-1048574
-1048576
-1114109
-1179648
-1310720
-1310719
-1310718
-1114110
-1114111
-1179646
-1114112
-1310719
-1638400
1376258
2228225
-2293758
-2752510
-1835008
-1245184
-1441790
-1441790
-1179648
-983039
-1114110
-1179646
-1114110
-1114110
-1048576
-917504
-983037
-917502
-851966
-917501
-917504
-1179646
-1310717
-1310718
-1310717
-1310720
-1376256
-917501
-851967
-983037
-786431
-851967
-1048573
-983037
-983038
-917503
-851966
-786430
-786431
-720893
-851967
-983037
-917504
-1048573
-917504
-851967
-917503
-1114109
-1048575
-851966
-983039
-983037
-851966
-983038
-917501
-589823
-1048573
-1114111
-1179645
-1048573
-720895
-851967
-720894
-1114109
-1376254
1703939
1835010
-1048575
-2293758
-1376254
-1376254
-1310718
-1179648
-1245182
-1048576
-1114112
-1114109
-1114111
-1245181
-1114111
-983038
-786429
-786432
-983040
-917503
-917504
-983040
-1048576
-1179645
-1376255
-1376255
-1376254
-1114111
-1048573
-917502
-1114111
-1179645
-1048574
-983038
-1114110
-983037
-1048576
-1310717
-1376254
-1114112
-1114109
-1245181
-1310720
-1245182
-1179648
-1310718
-1245181
-1245183
-1245181
-1245184
-1179648
-1179648
-1310718
-1179647
-983037
-1114109
-1376253
-1441789
-1179648
-1179645
-1310720
-1048574
-1048574
-1114109
-1638399
524289
2228227
-1507325
-2490366
-1179645
-1310718
-1376253
-1114112
-983037
-1048576
-983039
-786431
-851965
-851968
-786432
-917502
-786429
-655358
-786430
-786432
-720896
-917504
-1245184
-1376254
-1376256
-1310718
-1245183
-1376254
-1179647
-1179645
-1245181
-1376253
-1114112
-917504
-1048576
-1114109
-1114109
-1048576
-983038
-983037
-983040
-983040
-1310717
-1179646
-917501
-1048573
-1114110
-851966
-1048575
-983039
-1179645
-1114109
-720893
-786429
-720895
-1048573
-1048576
-983038
-983039
-851968
-983040
-786431
-1048574
-1376253
-1114112
-1179645
-1245182
-1114109
-1245182
-1310719
-983037
-1245181
-1376255
2162690
2031617
-2949117
-2293760
-1245183
-1441789
-1048573
-1245181
-1245184
-1114111
-1114112
-1048576
-1114110
-1048574
-917501
-1048574
-786432
-917503
-1048573
-983037
-1048573
-983038
-1048575
-1376256
-1310717
-1179648
-1376255
-1179648
-1179648
-983040
-1048573
-917503
-983040
-983040
-1048573
-983040
-786431
-983038
-851968
-851968
-1048573
-851968
-1048574
-917502
-983038
-917504
-983040
-1114109
-983040
-917504
-851967
-720894
-655359
-851965
-720893
-851966
-786432
-786432
-720895
-524288
-983038
-1048574
-1048575
-1114112
-851967
-1179647
-917504
-655359
-1376255
-1245184
327680
2162691
-1114112
-2424832
-1245181
-1310717
-1114112
-1114110
-1114111
-1179647
-1179648
-1048574
-983037
-1048573
-917502
-851966
-1048576
-851967
-917502
-1048574
-1048573
-1310717
-1376255
-1376253
-1114112
-1114109
-1441792
-1245181
-1245183
-1179645
-1048574
-983037
-1114109
-1441791
-1179647
-786430
-983039
-983040
-1114111
-983038
-1179645
-1114111
-1048576
-917503
-1179646
-1114109
-1048575
-1245184
-1114112
-1048576
-1376254
-1179648
-917501
-786429
-917503
-983038
-1245184
-1310717
-1048573
-983037
-983040
-917503
-1114112
-1048574
-1703934
-131069
2424833
-851967
-2883581
-1179648
-1179646
-1376254
-1114112
-1310718
-1114109
-1179646
-983040
-1179647
-1114110
-851965
-851967
-655359
-786432
-720896
-720894
-786432
-983037
-1245181
-1245182
-1114112
-983040
-1179647
-1179647
-1114110
-1179645
-1114110
-1048574
-851967
-1048575
-1048576
-983039
-1048575
-851966
-1376255
-1114110
-851965
-983040
-1114109
-1114110
-983038
-851966
-1245181
-1048573
-1245181
-1114109
-1114111
-983040
-983039
-851967
-1048575
-1048576
-1048576
-1310720
-1179648
-786432
-786432
-917502
-1179646
-1245181
-1179646
-1114110
-1048573
-1048575
-1114111
-1048573
1245185
2490370
-2162688
-2752511
-1179648
-1310717
-1310720
-1310719
-1310720
-1114109
-851965
-1048574
-1179645
-1245181
-1179645
-1048573
-851965
-917503
-786431
-851965
-720895
-786432
-1048576
-1245183
-1310720
-1245183
-1245181
-1114112
-983039
-1048574
-917503
-917503
-983040
-983040
-851968
-917503
-851965
-917502
-655359
-851966
-786431
-851967
-983038
-786430
-786429
-917502
-917501
-851966
-851966
-917504
-983039
-720895
-917502
-786430
-655360
-720894
-458749
-458751
-720896
-786432
-720895
-983040
-655360
-851966
-983038
-1310719
1245187
1835011
131074
-2293758
-1441792
-1441791
-1179645
-720894
-1048573
-983039
-786432
-983038
-917502
-786432
-786430
-786432
-786429
-851968
-851968
-786431
-720895
-1048573
-1441792
-1179645
-1507325
-1572861
-1179647
-1114111
-1376253
-1310718
-1441791
-1376256
-1048576
-1245183
-1310718
-1245182
-1048573
-1114109
-1179645
-1048575
-1114110
-1310718
-1245182
-1376256
-1179646
-1048573
-1114112
-1310718
-1048576
-1114111
-983038
-786432
-917501
-1048575
-1441792
-1310719
-1179647
-1179647
-1048575
-851968
-1769469
-196608
2490369
-589822
-2818047
-2228224
-1310717
-1376256
-1245183
-1310719
-1048573
-1179648
-1179648
-1179646
-1114111
-983040
-983037
-983038
-983038
-786430
-720896
-786429
-917502
-1048575
-1114112
-1310717
-1376256
-1179648
-1114112
-1179646
-1048574
-786430
-917501
-851967
-851966
-917501
-917504
-1310718
-1114111
-1114112
-1310717
-1376255
-1310718
-1310718
-1376256
-1310717
-1310718
-1114110
-1048574
-1048574
-1048573
-1048574
-983038
-983040
-917501
-1245184
-1179647
-1114110
-1245184
-1310720
-1310717
-1310718
-1048574
-1769469
-917502
2555904
-2162687
-2818048
-1441792
-1638400
-1507325
-1376256
-1245183
-1048576
-1376256
-1114109
-917502
-1048576
-1048575
-917503
-720893
-720896
-851966
-851966
-720893
-1048573
-1114112
-1114111
-1310720
-983037
-1179647
-983039
-851968
-786432
-786429
-786431
-786431
-851966
-1048574
-720895
-655359
-851966
-786430
-917501
-655359
-458752
-851965
-1114109
-851965
-1114109
-983040
-851968
-983038
-1245181
-1310717
-1441792
-1441790
-1310717
-983040
-983037
-524288
-851966
2
2490369
-131069
-2228221
-1572864
-1310717
-1245182
-1179648
-1114110
-1048575
-1245183
-1179645
-1048576
-1048573
-1245183
-1114111
-1048575
-1179647
-1245183
-1245181
-1310720
-1376253
-1310719
-1507326
-1638397
-1441792
-1376253
-1310719
-1376255
-1245184
-1441789
-1441789
-1245184
-1310719
-1114109
-1048575
-1245183
-1114112
-1245181
-1376255
-1245183
-1179648
-1179647
-1245181
-1179647
-1114111
-1310720
-1179645
-1048576
-655360
-1048575
-983040
-1310719
-1114112
-1245181
-1179646
-1114111
-851967
-1441791
-655357
2359298
-65533
-2818045
-1507328
-1048576
-1376255
-1114112
-1179648
-1179645
-1245181
-917501
-983037
-917503
-786432
-917502
-851968
-851966
-589824
-720896
-589823
-983040
-1245181
-1245181
-1245181
-1376254
-1114110
-983038
-1507326
-1179646
-851966
-983040
-983040
-1048575
-1048575
-1114112
-1048576
-1114111
-917502
-1245181
-983038
-1114109
-1310719
-1048574
-917503
-917504
-983039
-1048575
-1179646
-1245184
-1048573
-917504
-1048575
-1114111
-1048573
-1114111
-1048576
-917501
-983038
-1179647
-1245181
-1179646
-1114111
-1179645
-1114110
-983037
-1507328
2359299
2752513
-1769472
-3145727
-1310717
-1376254
-1441791
-1245184
-1376254
-1114111
-1114109
-1245182
-1114111
-983040
-1048576
-1048576
-917504
-720896
-983039
-917502
-786430
-720895
-1048573
-1310719
-1376255
-1179646
-1114112
-1245182
-1179645
-1114110
-1048575
-983039
-917503
-786432
-1114109
-983040
-917501
-1048574
-1179645
-655359
-1245182
-1310718
-720894
-1179648
-917504
-655357
-589821
-983038
-983037
-1114110
-917503
-983038
-983038
-1114111
-851968
-1441792
-917504
2031618
65538
-2359294
-2359293
-1507326
-1376253
-1310718
-1310720
-1245184
-1048574
-1376254
-1114111
-1114111
-1179648
-1114110
-917502
-851968
-1048573
-983040
-1048573
-983039
-1310717
-1310719
-1376255
-1310719
-1245181
-1310719
-1245184
-1245181
-1376254
-1441789
-983038
-1179647
-917504
-917502
-1376255
-917502
-851968
-1179647
-1245183
-1245181
-983039
-983038
-983040
-983039
-1048575
-983037
-983039
-983039
-917504
-720896
-720894
-720895
-786429
-983037
-917501
-851967
-851967
-983037
-917504
-917503
-1114111
-1310717
2031619
1900544
-655360
-3014655
-1310718
-1179648
-1179645
-1179646
-1048575
-1048573
-1048576
-1048574
-917504
-1048574
-1048573
-983037
-1048574
-851966
-655360
-917503
-851965
-1048575
-1310717
-1179645
-1179647
-1638398
-1441792
-1179646
-1179645
-1245183
-1310717
-1114110
-1048575
-983038
-1048576
-983040
-983040
-1114112
-1048574
-1048573
-917504
-1114109
-983038
-1048575
-983038
-1114110
-1114111
-1048573
-917503
-720896
-851965
-1245181
-1179647
-1245183
-1310718
-1048573
-1114110
-1048573
-1769470
-262143
1703937
1703936
-2752509
-2359294
-1310717
-1507326
-1179647
-983038
-1114110
-1245181
-983040
-983038
-983038
-983040
-786429
-720896
-1048575
-786432
-589824
-851968
-851967
-851967
-1048575
-1245182
-1245184
-1179645
-1048574
-983039
-1114112
-1048574
-1179648
-1179645
-983038
-851968
-1114112
-1179647
-1114109
-917503
-917504
-1048574
-851965
-917504
-1048574
-917504
-1114111
-851965
-983037
-1114110
-1179648
-1245183
-1179645
-917501
-1048574
-1179647
-1572863
917507
-1441789
-2621438
-1245183
-1310719
-1179647
-1048574
-983039
-1245184
-1245183
-917502
-1310718
-917501
-917502
-1114112
-983039
-1310717
-1900543
-2097151
-1114112
-1507328
-1441789
-1179648
-917504
-65536
-131071
1441795
1376257
-2228222
-1048574
-524287
-327680
-131071
-1245182
-2097150
-1638400
-1835005
-1507325
-1310719
-1507328
-1245182
-917504
-1441791
-1114111
-1114110
-1114111
-1310719
-1441789
-1441791
-1179647
-1179647
-1048576
-983040
-1703935
-589821
2686976
-327679
-3276798
-1769470
-1376256
-1507325
-1310718
-1114112
-1376255
-1376255
-1245184
-1310718
-1245181
-1179645
-1114109
-1179647
-983040
-983040
-851966
-1179648
-1310717
-1376255
-1507325
-1507325
-1245182
-1310719
-1114110
-1376255
-1114111
-851967
-983040
-983038
-1048573
-1114111
-1048576
-1048574
-1245182
-983039
-1179647
-1245184
-983038
-1245182
-1245181
-1179647
-1114112
-1114109
-1245181
-1179646
-720896
-1048576
-1048576
-1245182
-1245182
-1114110
-1114109
-1245181
-1114110
-1507326
-1769472
851969
2228224
-1703934
-2818046
-1376255
-1179647
-1179645
-1245184
-1179647
-1179645
-1179645
-1114109
-1114112
-983040
-917504
-1048573
-917502
-720895
-983037
-1114110
-1048575
-917503
-1114109
-1179646
-1245184
-1245183
-1114110
-1179645
-1245184
-1114109
-983037
-983039
-1048575
-983039
-917503
-1048573
-983037
-983039
-1114110
-1048573
-851968
-1310720
-1114111
-917504
-1245181
-983038
-1114109
-851966
-786432
-983040
-983038
-1048574
-1114112
-1179645
-1310717
-1114109
-851967
-1179648
-1376255
1769475
851971
-1966080
-2424830
-1638398
-1245181
-1507327
-1245184
-1245184
-1179647
-1179648
-851968
-1179647
-1310717
-1048576
-1114112
-1245181
-1179648
-1114111
-1048573
-1245184
-1245182
-1376255
-1441792
-1245183
-1245184
-1441790
-1310718
-1048574
-1179646
-1048576
-1114111
-1179646
-1179645
-983038
-1048575
-1310717
-1245183
-1048575
-983039
-1114109
-1114109
-1048575
-1048575
-983037
-1179645
-1048574
-1114109
-851968
-1048574
-1048573
-917503
-1048573
-720896
-851968
-983038
-917501
-1114112
-1048573
-983040
-1376253
-1310719
-720896
-1048573
-1310717
65536
2883584
-720895
-3145728
-1441789
-983040
-1310720
-1310717
-1179646
-983038
-1114110
-1114112
-917502
-1114109
-1179648
-1114112
-983038
-917504
-983038
-786431
-786430
-1048573
-1310718
-1310717
-1245181
-1310719
-1245184
-1245184
-1179647
-1114109
-1245183
-1245182
-1179648
-1114109
-1048573
-1114109
-983039
-1048575
-1310719
-1114112
-1310717
-1114112
-1048576
-1310718
-1245181
-1114110
-1245182
-1179647
-1114110
-1114110
-1179645
-1048576
-1114112
-1114109
-1114110
-1310720
-1048576
-851968
-1048574
-1245182
-1376255
-1310718
-1376254
-1114112
-1179646
-917503
-1572862
-917503
2424832
524291
-2752511
-2228222
-1310720
-1310720
-1179648
-1114109
-1245183
-1048575
-1048574
-917503
-851967
-917501
-851965
-851968
-655359
-655358
-851968
-917504
-851966
-1048574
-1376256
-1376253
-983040
-1114112
-983040
-1048576
-1114109
-1048573
-917504
-851966
-917504
-1048574
-1048575
-983037
-983038
-1048576
-1179648
-1048576
-1114111
-1310719
-1179647
-1048573
-1048576
-1114111
-1048573
-917503
-1179645
-917504
-851966
-851968
-983037
-1114111
-1245181
-1114112
-1245183
-1048576
-917503
-1048575
-1048573
-1703934
983042
1572866
-1376256
-2228221
-1703933
-1179645
-1376256
-1179647
-1179646
-1245184
-1245182
-1245181
-1310719
-1245184
-1179645
-1048576
-917504
-983040
-1048576
-983038
-983039
-1179646
-1245181
-1441790
-1310720
-1441790
-1245183
-1048575
-1114109
-1114109
-851967
-1048575
-1245182
-983037
-983040
-1245184
-1179648
-1179646
-1048576
-917502
-1179646
-851968
-983039
-1179646
-983039
-1048573
-917501
-851965
-983040
-983040
-1048575
-786430
-917502
-983039
-1179645
-1310719
-1179645
-1179647
-1310719
-917504
-1310718
-1703933
1245187
2621442
-2162687
-2752510
-1310719
-1376254
-1507325
-1310720
-1310720
-1376253
-1179645
-1048576
-1048575
-1310717
-1179647
-917501
-1114109
-1048574
-1048574
-1048575
-983040
-917504
-1048576
-1114111
-1376253
-1376253
-1245182
-1245183
-1179645
-851965
-786431
-983038
-1048576
-1114112
-983037
-983039
-1245184
-1179646
-1179647
-1310717
-983040
-1114111
-1114109
-983039
-983040
-983040
-1048573
-983039
-1376254
-1048576
-851965
-983039
-983038
-1048575
-1179645
-983040
-786430
-786429
-786430
-1245183
-1114109
-1114109
-983037
-917504
-1114111
-983039
-1638400
196610
2818048
-1048573
-3211262
-1572861
-1245183
-1572863
-1245183
-1179645
-1245181
-851968
-851967
-1114111
-1114110
-983040
-1179646
-983038
-983038
-917503
-655360
-983039
-1179647
-1114109
-1114110
-1310718
-1245181
-1310718
-1245183
-1114109
-917503
-917504
-851967
-917503
-983038
-983038
-983039
-917503
-1048573
-917504
-983040
-1048574
-851967
-983038
-1048575
-983040
-1048576
-1048574
-655359
-589823
-786431
-917504
-1310717
-1114110
-983040
-1114111
-917501
-786432
-1507327
-589821
2293763
-1638399
-2162688
-1310717
-1310719
-1441789
-1179645
-1310718
-720895
-1179646
-1048575
-1245181
-1048574
-983039
-983037
-1048576
-1114111
-1245184
-1310719
-1507327
-1179647
-1048575
-1245182
-1114111
-1048573
-917503
-983039
-1114110
-1179647
-1114109
-1048576
-983040
-1114110
-1048573
-1048576
-1310718
-1245182
-1179646
-1179647
-1179646
-1114109
-1114110
-1114111
-1310717
-1114112
-1114112
-1114110
-1114111
-917501
-655358
-851968
-1179646
-1245182
-1048575
-1114112
-1114111
-983037
-983037
-983037
-1572862
-1114110
2359299
524289
-3145728
-1179648
-1507326
-1376256
-1179648
-1310719
-1114109
-1048575
-983039
-1114112
-1310718
-851968
-786430
-917504
-851967
-851965
-1179647
-1179648
-1441791
-1638397
-1179647
-983037
-1114109
-983037
-917501
-1114109
-983039
-983040
-1114109
-1245181
-1310717
-1114109
-1048575
-1245181
-1179648
-983040
-1179647
-1310718
-1114110
-1245182
-1245183
-851968
-917503
-1179646
-1245182
-1245183
-1179645
-1179646
-1310717
-1048574
-1441791
-1441792
1769475
1507330
-2424829
-3080189
-1638400
-1114111
-1441791
-1114111
-1114109
-1245182
-1114112
-983037
-1179645
-1048573
-983039
-917504
-1048576
-983039
-786432
-851967
-1310719
-1376254
-1048573
-1376254
-1376253
-1048575
-983039
-917504
-720894
-851968
-786431
-720894
-851967
-983039
-917502
-851967
-983039
-1048574
-917503
-720893
-1114110
-1179646
-589822
-786432
-851966
-786429
-983038
-1048575
-983037
-786431
-720896
-589822
-589823
-851967
-851968
-851966
-917501
-786432
-1441792
262146
1900546
589824
-2097151
-1703933
-1114112
-1638397
-917504
-917501
-1048573
-851968
-917504
-917502
-917504
-786429
-1048573
-1114110
-917501
-720896
-786432
-983039
-983037
-1245184
-1179647
-1048575
-1179647
-1179646
-1048575
-1114109
-983039
-851967
-917501
-1048574
-983037
-917503
-917504
-851967
-851966
-917501
-851966
-720895
-983039
-917501
-786431
-1114109
-917502
-786431
-917503
-983038
-917502
-851967
-917504
-786431
-655357
-655360
-458749
-1310718
458753
1769475
-917501
-1966079
-1441791
-983038
-1179647
-917502
-983039
-983039
-917502
-1114112
-851966
-786430
-655359
-983038
-983037
-917504
-851967
-786429
-655358
-720896
-983040
-1048576
-1048573
-1048573
-1114111
-851967
-917503
-983038
-983039
-1179646
-917503
-786429
-917503
-983039
-917503
-1048576
-1245182
-1245184
-1441789
-1376253
-1572862
-1572864
-1572863
-1245181
-983039
-1507328
-1507326
-1441790
-1703936
-1572861
-1245181
-1441792
-1507327
-1900541
-917503
1376257
-1048573
-2818047
-1966079
-1245184
-1441789
-1507325
-1376255
-1310718
-1507325
-1376256
-1310718
-1310717
-1179646
-1245183
-1179647
-1048574
-1179647
-1245183
-1245182
-1114111
-1310717
-1310719
-1441790
-1376254
-1179648
-1245181
-1114110
-983038
-983040
-786431
-917501
-1048574
-1114111
-1114110
-851967
-983040
-1048573
-917501
-851967
-851965
-917503
-917503
-786429
-851967
-983038
-720896
-589822
-851965
-1114109
-1048574
-1048574
-917504
-917501
-1638400
1376258
1638401
-2424830
-1966080
-1114112
-917501
-1376256
-1376254
-983037
-851968
-786429
-786432
-1048575
-851966
-917504
-720894
-720896
-917502
-720893
-786431
-917501
-983040
-1179646
-1245183
-1310717
-1376255
-1048575
-1245181
-1179648
-1048576
-917503
-917501
-917504
-983037
-983038
-1179646
-851966
-983038
-1114110
-1114110
-1179648
-1245183
-1376254
-1179647
-1179645
-983040
-1048576
-917503
-1114110
-1114109
-1048575
-1179647
-1245182
-786430
-983038
-917502
-786432
-786431
-786430
-720896
-1114109
-1245182
-1114111
-1114109
-983040
-851968
-851965
-1310720
-393213
3145729
-458752
-3276798
-1245181
-1245181
-1376256
-1441791
-1048575
-917504
-1048575
-1114110
-1179647
-983038
-851968
-917502
-851968
-917502
-655359
-720894
-851965
-983038
-1048576
-1114111
-1376253
-1310717
-1048574
-1114110
-983039
-917504
-851968
-983037
-983040
-1048573
-983037
-851965
-1048573
-1048575
-983038
-917503
-1114111
-1048575
-983037
-1179646
-1114110
-1048573
-1114110
-1048575
-1048573
-1114109
-1048575
-983040
-1114109
-1048573
-983039
-917501
-1114109
-1114110
-1179646
-1114111
-851966
-720895
-1114110
-1114110
-1114110
-1114110
-1114110
-983040
-1048576
-720894
-1638400
-917503
3080193
589825
-3276798
-1769472
-1179648
-1441789
-1310718
-1179647
-1179645
-1048576
-983037
-983037
-983040
-1114110
-1048573
-917502
-917502
-983037
-786430
-917501
-1048576
-1114111
-1179646
-1441791
-1376255
-1114112
-1310717
-1245184
-1114111
-1245182
-1048575
-1245181
-1114111
-983038
-983040
-983037
-1048575
-1048576
-983039
-1179645
-917504
-786429
-917503
-1114109
-1048576
-917502
-1048574
-917501
-1048573
-1114112
-917504
-983038
-917503
-983037
-1114109
-851968
-720895
-720895
-1048573
-1048573
-1048573
-983040
-1179645
-1245184
-1048573
-1048576
-917502
-1638399
-262142
2293762
-655358
-2097151
-2162686
-1376256
-1507325
-1310719
-1245183
-1245182
-1114110
-983040
-1048573
-917503
-1048575
-1048573
-1048575
-917502
-917501
-917504
-786430
-1310720
-1376254
-1179645
-1245182
-1376254
-1245181
-1114110
-1245181
-983037
-983040
-1114109
-983040
-917504
-983038
-917501
-1114112
-1048576
-1114109
-1245184
-1310717
-917504
-917504
-917501
-1048576
-917502
-720893
-786431
-1048574
-1048573
-917501
-786429
-786429
-917502
-983039
-1048576
-917503
-983040
-1114112
-1048576
-655360
-851966
-1376254
1835009
2949122
-327679
-3014655
-1572861
-1245183
-1376254
-1310717
-1310718
-1179648
-1114112
-1310718
-1114110
-1114109
-1114109
-1114112
-983038
-851966
-983039
-917502
-786431
-917504
-1310718
-1507326
-1441792
-1179647
-1114112
-1179647
-1114112
-1310717
-1048576
-1179647
-1114112
-1179648
-1048574
-1048574
-1114109
-1179648
-1245184
-1310718
-1179647
-1048576
-1114109
-1310717
-1179646
-917502
-1179645
-983038
-983039
-1114110
-1048574
-983037
-917504
-786432
-786430
-1179647
-1245181
-1245182
-1245181
-1114112
-1245181
-1114109
-983037
-1507328
-1310719
2293763
1179649
-3276797
-2162685
-1048576
-1638398
-1245182
-1179647
-1245181
-1245182
-1310717
-983038
-1114110
-917501
-983039
-851966
-917501
-983037
-917503
-1310719
-1245184
-1048575
-1507328
-1179646
-786432
-1114111
-1179647
-1245181
-1114110
-1114112
-917502
-983037
-983039
-1048575
-1048575
-1179648
-1179645
-1114111
-1048576
-983039
-1048574
-917501
-851967
-1114112
-1245184
-1048573
-917502
-786430
-786429
-1179647
-1048573
-1048576
-1048576
-983040
-1048575
-851968
-1048574
-1703934
-589821
2359297
-196608
-2424829
-1638399
-1114112
-1179646
-1245182
-1114109
-1179646
-1179647
-1179647
-1048574
-1114112
-983037
-917502
-983040
-851968
-1114110
-1048576
-1572862
-1376255
-1179647
-1376253
-1179648
-1179646
-1310720
-1179647
-1245182
-1179647
-1376253
-1310717
-1114111
-1048576
-1048573
-1114109
-1179646
-1310717
-1310718
-1179645
-1245184
-1245181
-1114111
-1310717
-1245181
-1245182
-1245182
-1114111
-917503
-851967
-983039
-1441792
-1441790
-1048573
-1048574
-1048576
-1114109
-1114110
-1835006
-851965
2555907
-131069
-2686976
-1638400
-1376256
-1245184
-1114112
-983039
-1179648
-1048574
-1048573
-1048573
-917501
-786430
-917503
-720896
-720896
-983038
-1114109
-1179645
-1179645
-1245183
-1572861
-1114111
-1048575
-983039
-851966
-983038
-1245181
-1048576
-983037
-1179645
-1245182
-851966
-1048573
-1245183
-1179645
-1310718
-1179648
-917503
-917504
-851967
-983037
-1114111
-1114112
-1114109
-1048576
-1179648
-1114110
-1179648
-1245182
-983038
-983037
-983038
-983037
-1376254
-1441791
-1310717
-1114111
-1245183
-1310720
-1048574
-1310719
-1507328
1769475
2097152
-2883582
-2555903
-1638397
-1376255
-1507325
-1245184
-1245183
-1114110
-851966
-786432
-720894
-589824
-917502
-1376256
-1572861
-1441792
-1507328
-1769469
-1441792
-1441791
-1441792
-1310719
-1310717
-1114110
-983037
-983039
-1048573
-1048574
-1179647
-1114112
-1441789
-1376256
-1310719
-1179647
-1179645
-851965
-524285
-655358
-917504
-786432
-655359
-720896
-851966
-786430
-720895
-655357
-983038
-589821
-851968
-1114111
-983037
-1114109
-1048574
-851968
-851968
-851966
-786429
-1507327
720899
2097155
-1114109
-2424829
-1441789
-983037
-1114111
-1114109
-1114110
-1179648
-1114110
-851967
-917501
-917501
-851966
-786430
-983039
-851965
-851967
-851965
-983039
-983037
-1048576
-1376254
-1245184
-1245182
-1310720
-1114112
-1376255
-1245181
-983039
-1048573
-1048576
-1245183
-1245181
-1310718
-786432
-851968
-917502
-1114111
-1245182
-917502
-1245183
-851965
-1048576
-1114112
-589824
-1048574
-1114110
-1441790
-1179646
-983038
-1179646
-917502
-1376253
-1048575
2293762
1245184
-2752512
-1900543
-1179647
-1507327
-1114112
-851968
-917504
-1114112
-1048573
-983038
-983039
-983037
-983037
-1179648
-1048573
-720895
-786431
-851966
-983038
-1048576
-1114112
-1310717
-1376254
-1310717
-1179645
-983039
-1179648
-917503
-983038
-851967
-1114109
-1179645
-983038
-1114110
-983039
-983039
-983040
-983038
-1114110
-1245183
-1114112
-1114112
-1179646
-1179647
-1048574
-1114109
-1179646
-1114110
-1114110
-1245181
-1048575
-851968
-851967
-983038
-1179645
-1376256
-1376255
-1179647
-983038
-1114109
-851965
-327680
-1048575
-1310718
2293760
1376258
-3276800
-2359295
-1310717
-1572861
-1507328
-1245184
-1310717
-1245181
-983040
-1114112
-1114112
-1048576
-1179647
-1245181
-1310717
-983037
-1048575
-1310720
-1376254
-1376254
-1441790
-1507325
-1048574
-983039
-1245181
-1114112
-917501
-786431
-917504
-851966
-851965
-851967
-1114112
-786429
-851966
-917502
-851966
-1048576
-917504
-917502
-983040
-917504
-917504
-983040
-917502
-1048576
-786430
-917503
-983038
-1310717
-1245181
-917503
-983039
-1048573
-851966
-1638398
917505
1966083
-1572863
-2359294
-1310720
-1245181
-1310717
-1179647
-1245182
-1114111
-1114112
-1048574
-1048574
-917501
-1114109
-720895
-851968
-983037
-1179646
-1179648
-1179647
-1179645
-1179647
-1376254
-1179648
-1048574
-1114111
-1245184
-1179646
-1114110
-1048576
-1179646
-1245184
-1114112
-1310717
-1310717
-1114112
-1179646
-1376254
-1114111
-1114111
-1179647
-1179648
-1179647
-1245182
-1310719
-1048574
-1048575
-1048574
-1114112
-1114109
-1114112
-917503
-851966
-655358
-851965
-1310717
-1245182
-983038
-1048576
-1179647
-1114111
-917503
-1179647
-1572861
1703937
1835009
-524287
-3080190
-1507327
-1245182
-1376255
-1310718
-1179646
-1179648
-1114112
-983039
-1179647
-1114112
-1179646
-1114111
-917501
-1048575
-983040
-917502
-983038
-1048574
-1048573
-1245184
-1310718
-1245182
-1376256
-1310719
-1245181
-1048576
-1048573
-1179645
-1310717
-1310717
-1114112
-1114112
-1048575
-1048576
-1114112
-1048573
-1114112
-1179645
-1114111
-1179648
-1179646
-1310718
-1179646
-983040
-1114110
-1114111
-1048575
-1048575
-983040
-917503
-983038
-1048575
-1310717
-1310719
-1179646
-1179645
-1245183
-1245182
-983037
-1572861
-917502
1114113
2555905
-2031615
-2818045
-1376254
-1441790
-1376253
-1245181
-1114110
-1114112
-1114109
-917503
-917502
-1179645
-1245181
-983040
-917504
-851966
-917503
-983038
-1114112
-1310718
-1310720
-1376254
-1310717
-1245184
-1114111
-1245183
-1507325
-917502
-851967
-983040
-786429
-1048575
-1048573
-983040
-917501
-983038
-917501
-983037
-983038
-917503
-917504
-983040
-1114109
-720896
-917503
-1048575
-917502
-1048576
-1441790
-1114112
-917504
-1245181
-786431
-1179648
-983038
2097152
524291
-2490368
-1376254
-1245183
-1114111
-1179648
-983039
-1179648
-1114112
-917504
-917503
-917501
-851968
-983039
-917502
-917502
-1179648
-1441790
-1441790
-1245181
-1441791
-1507327
-983040
-851965
-1114111
-917502
-983040
-1114111
-1114112
-1048576
-1114110
-1048576
-983039
-1114111
-1245182
-1179648
-1048576
-1179645
-1048575
-1114110
-1179648
-983040
-1114110
-1310718
-1179645
-851965
-851965
-786430
-1114109
-1048573
-1179647